# Sensor: ADPD2140, Rotationstage: ELL18M
Datetime,Stage Angle,xL,xR,yL,yR,X,Y
01.12.2021 19:34:36,-60.000,569.610,568.328,345.306,626.586,-45.866,0.178
01.12.2021 19:34:37,-59.897,571.289,569.519,346.527,628.204,-45.797,0.245
01.12.2021 19:34:38,-59.807,572.479,571.624,347.534,629.913,-45.783,0.118
01.12.2021 19:34:39,-59.696,574.768,573.272,348.144,631.164,-45.800,0.206
01.12.2021 19:34:41,-59.598,575.531,574.493,348.571,632.232,-45.833,0.142
01.12.2021 19:34:42,-59.500,577.117,575.378,349.426,634.277,-45.890,0.239
01.12.2021 19:34:43,-59.407,578.369,577.606,350.738,636.047,-45.820,0.104
01.12.2021 19:34:44,-59.297,580.688,579.467,351.989,638.275,-45.816,0.166
01.12.2021 19:34:45,-59.199,581.420,579.620,352.386,638.763,-45.789,0.245
01.12.2021 19:34:46,-59.101,583.129,581.542,353.057,640.228,-45.817,0.215
01.12.2021 19:34:47,-59.000,584.075,582.489,353.942,641.998,-45.836,0.215
01.12.2021 19:34:48,-58.900,584.960,583.404,354.919,643.249,-45.777,0.211
01.12.2021 19:34:49,-58.799,586.181,584.899,355.865,644.409,-45.715,0.173
01.12.2021 19:34:50,-58.694,586.822,585.723,356.628,646.331,-45.776,0.148
01.12.2021 19:34:51,-58.603,588.745,587.341,357.635,648.834,-45.852,0.189
01.12.2021 19:34:52,-58.500,589.324,588.134,358.795,650.238,-45.773,0.160
01.12.2021 19:34:53,-58.397,590.057,588.928,359.313,651.214,-45.778,0.151
01.12.2021 19:34:54,-58.297,591.064,589.263,359.985,652.618,-45.798,0.241
01.12.2021 19:34:55,-58.194,592.041,591.247,361.114,654.541,-45.785,0.106
01.12.2021 19:34:56,-58.098,593.322,591.918,361.816,656.402,-45.850,0.187
01.12.2021 19:34:57,-57.995,594.573,593.322,362.945,657.470,-45.742,0.166
01.12.2021 19:34:58,-57.900,596.008,594.512,363.525,659.545,-45.854,0.199
01.12.2021 19:34:59,-57.794,597.595,596.099,364.227,660.827,-45.855,0.198
01.12.2021 19:35:00,-57.706,598.571,597.198,364.593,661.926,-45.903,0.182
01.12.2021 19:35:01,-57.603,599.517,597.534,365.570,663.146,-45.843,0.262
01.12.2021 19:35:02,-57.498,600.952,599.639,366.668,664.581,-45.782,0.173
01.12.2021 19:35:03,-57.392,602.508,601.165,367.889,666.809,-45.783,0.176
01.12.2021 19:35:04,-57.302,603.454,601.745,368.438,667.510,-45.751,0.224
01.12.2021 19:35:05,-57.201,605.316,604.003,369.201,669.555,-45.823,0.171
01.12.2021 19:35:06,-57.101,606.262,605.072,370.086,670.318,-45.732,0.155
01.12.2021 19:35:07,-57.003,607.543,606.048,370.361,671.569,-45.814,0.195
01.12.2021 19:35:08,-56.902,609.527,607.482,371.582,674.011,-45.838,0.266
01.12.2021 19:35:09,-56.807,610.626,609.344,372.222,674.896,-45.808,0.166
01.12.2021 19:35:10,-56.696,613.189,611.541,373.199,676.544,-45.795,0.213
01.12.2021 19:35:11,-56.598,614.990,613.006,374.114,678.802,-45.859,0.255
01.12.2021 19:35:12,-56.505,616.668,615.112,374.816,679.473,-45.795,0.200
01.12.2021 19:35:13,-56.392,619.049,617.401,376.037,681.304,-45.754,0.211
01.12.2021 19:35:14,-56.297,619.567,617.614,376.159,682.250,-45.831,0.250
01.12.2021 19:35:15,-56.191,622.589,620.697,377.838,684.387,-45.735,0.241
01.12.2021 19:35:16,-56.106,624.755,622.680,378.814,686.706,-45.793,0.263
01.12.2021 19:35:17,-55.993,626.068,624.450,379.486,686.920,-45.687,0.204
01.12.2021 19:35:18,-55.892,628.814,627.349,381.072,690.368,-45.748,0.184
01.12.2021 19:35:19,-55.799,629.882,628.540,381.927,690.765,-45.627,0.169
01.12.2021 19:35:20,-55.701,632.019,630.279,382.812,692.596,-45.651,0.218
01.12.2021 19:35:21,-55.593,634.460,632.354,383.636,695.129,-45.760,0.263
01.12.2021 19:35:22,-55.503,637.207,634.307,384.704,696.411,-45.692,0.361
01.12.2021 19:35:23,-55.402,639.312,637.268,385.681,698.822,-45.759,0.253
01.12.2021 19:35:24,-55.294,641.052,639.404,386.291,699.798,-45.745,0.203
01.12.2021 19:35:25,-55.194,643.524,640.930,387.573,700.927,-45.622,0.320
01.12.2021 19:35:26,-55.106,645.202,643.127,387.908,703.369,-45.812,0.255
01.12.2021 19:35:27,-55.008,647.186,645.019,389.160,704.895,-45.735,0.265
01.12.2021 19:35:28,-54.897,648.132,646.026,389.678,705.902,-45.742,0.257
01.12.2021 19:35:29,-54.807,651.458,648.345,390.838,707.550,-45.696,0.379
01.12.2021 19:35:30,-54.699,653.381,650.787,391.906,709.564,-45.704,0.315
01.12.2021 19:35:31,-54.598,656.372,653.381,393.371,712.585,-45.741,0.361
01.12.2021 19:35:32,-54.505,657.379,654.907,394.042,714.080,-45.770,0.298
01.12.2021 19:35:33,-54.405,659.820,656.921,394.409,715.209,-45.817,0.348
01.12.2021 19:35:34,-54.299,662.109,659.149,395.721,717.681,-45.826,0.355
01.12.2021 19:35:35,-54.191,663.543,660.034,396.179,718.780,-45.854,0.420
01.12.2021 19:35:36,-54.093,665.954,662.994,397.705,721.588,-45.857,0.353
01.12.2021 19:35:37,-54.003,668.365,664.733,398.864,724.273,-45.916,0.431
01.12.2021 19:35:38,-53.892,669.250,665.893,399.444,724.517,-45.835,0.398
01.12.2021 19:35:39,-53.799,671.325,669.006,400.573,726.715,-45.850,0.274
01.12.2021 19:35:40,-53.694,673.126,669.769,401.275,728.576,-45.908,0.396
01.12.2021 19:35:41,-53.596,674.652,671.600,402.374,730.285,-45.880,0.359
01.12.2021 19:35:42,-53.495,675.567,671.936,402.618,731.323,-45.939,0.427
01.12.2021 19:35:43,-53.392,678.161,674.438,404.388,733.428,-45.829,0.436
01.12.2021 19:35:44,-53.299,678.710,676.177,404.968,735.839,-45.963,0.296
01.12.2021 19:35:45,-53.199,680.999,677.703,405.914,737.548,-45.962,0.384
01.12.2021 19:35:46,-53.103,681.945,678.649,406.616,738.250,-45.906,0.383
01.12.2021 19:35:47,-53.008,682.800,679.412,407.379,739.837,-45.926,0.394
01.12.2021 19:35:48,-52.892,684.783,681.915,409.179,742.218,-45.839,0.332
01.12.2021 19:35:49,-52.792,685.760,682.312,409.088,743.713,-46.001,0.399
01.12.2021 19:35:50,-52.701,686.737,684.692,410.766,745.513,-45.880,0.236
01.12.2021 19:35:51,-52.601,688.201,685.455,411.315,747.222,-45.949,0.316
01.12.2021 19:35:52,-52.503,689.880,686.492,412.384,748.992,-45.932,0.390
01.12.2021 19:35:53,-52.397,691.467,688.507,413.116,750.427,-45.942,0.339
01.12.2021 19:35:54,-52.292,693.389,689.483,413.879,751.983,-45.959,0.447
01.12.2021 19:35:55,-52.199,694.335,691.864,415.252,753.845,-45.898,0.282
01.12.2021 19:35:56,-52.108,695.770,692.291,416.168,755.310,-45.879,0.397
01.12.2021 19:35:57,-51.995,697.998,695.037,417.785,758.026,-45.858,0.336
01.12.2021 19:35:58,-51.905,698.913,695.739,418.121,759.368,-45.928,0.360
01.12.2021 19:35:59,-51.802,702.270,698.394,420.196,761.810,-45.802,0.438
01.12.2021 19:36:00,-51.699,702.880,699.279,420.593,763.061,-45.852,0.407
01.12.2021 19:36:01,-51.608,703.216,699.920,421.600,765.167,-45.879,0.372
01.12.2021 19:36:02,-51.505,705.200,701.965,422.332,766.723,-45.900,0.364
01.12.2021 19:36:03,-51.400,705.871,703.216,423.248,767.944,-45.859,0.298
01.12.2021 19:36:04,-51.307,708.648,705.718,424.896,771.301,-45.893,0.328
01.12.2021 19:36:05,-51.194,709.197,706.573,425.079,772.277,-45.954,0.293
01.12.2021 19:36:06,-51.098,712.005,708.190,426.879,773.925,-45.802,0.425
01.12.2021 19:36:07,-50.993,713.836,709.594,427.703,775.695,-45.827,0.472
01.12.2021 19:36:08,-50.900,714.447,711.212,428.863,777.099,-45.762,0.359
01.12.2021 19:36:09,-50.807,715.972,713.592,429.565,778.808,-45.803,0.263
01.12.2021 19:36:10,-50.694,719.238,715.545,430.847,781.921,-45.876,0.407
01.12.2021 19:36:11,-50.606,720.672,717.407,432.434,783.111,-45.720,0.359
01.12.2021 19:36:12,-50.505,721.466,718.505,432.708,784.881,-45.837,0.325
01.12.2021 19:36:13,-50.392,722.900,719.451,433.868,785.705,-45.719,0.378
01.12.2021 19:36:14,-50.292,724.731,721.313,435.424,788.330,-45.701,0.374
01.12.2021 19:36:15,-50.204,726.379,722.686,436.614,790.924,-45.742,0.403
01.12.2021 19:36:16,-50.093,727.966,724.304,437.683,792.083,-45.671,0.399
01.12.2021 19:36:17,-49.995,729.766,726.196,439.025,794.769,-45.694,0.388
01.12.2021 19:36:18,-49.902,730.529,728.118,440.734,796.386,-45.559,0.261
01.12.2021 19:36:19,-49.804,732.482,728.942,441.314,798.156,-45.625,0.383
01.12.2021 19:36:20,-49.706,734.039,729.400,442.169,798.828,-45.546,0.502
01.12.2021 19:36:21,-49.601,736.175,732.971,444.000,802.612,-45.589,0.345
01.12.2021 19:36:22,-49.508,737.915,734.252,445.617,804.016,-45.452,0.394
01.12.2021 19:36:23,-49.400,739.196,735.961,447.021,806.427,-45.441,0.347
01.12.2021 19:36:24,-49.292,740.264,736.968,448.089,808.074,-45.416,0.353
01.12.2021 19:36:25,-49.194,741.699,738.189,449.188,808.898,-45.312,0.375
01.12.2021 19:36:27,-49.108,742.797,739.532,450.103,811.279,-45.377,0.349
01.12.2021 19:36:28,-49.000,744.384,740.936,451.416,813.415,-45.357,0.367
01.12.2021 19:36:29,-48.907,744.445,741.790,452.392,814.788,-45.322,0.283
01.12.2021 19:36:30,-48.804,746.520,743.469,453.979,816.558,-45.225,0.324
01.12.2021 19:36:31,-48.694,747.711,743.957,455.780,818.969,-45.152,0.398
01.12.2021 19:36:32,-48.606,748.260,745.178,456.359,820.312,-45.178,0.327
01.12.2021 19:36:33,-48.498,750.244,747.253,457.885,822.967,-45.171,0.316
01.12.2021 19:36:34,-48.402,751.800,748.199,458.923,824.615,-45.152,0.380
01.12.2021 19:36:35,-48.304,751.708,748.107,459.899,825.683,-45.091,0.380
01.12.2021 19:36:36,-48.196,751.922,749.572,461.181,827.789,-45.074,0.248
01.12.2021 19:36:37,-48.106,753.662,750.457,462.219,829.956,-45.101,0.337
01.12.2021 19:36:38,-48.003,754.180,751.739,463.500,831.542,-45.038,0.256
01.12.2021 19:36:39,-47.895,756.042,753.417,464.996,833.282,-44.956,0.275
01.12.2021 19:36:40,-47.794,756.896,753.234,466.156,834.991,-44.923,0.384
01.12.2021 19:36:41,-47.701,757.904,755.004,467.620,836.517,-44.828,0.303
01.12.2021 19:36:42,-47.598,758.392,755.096,468.872,838.439,-44.800,0.345
01.12.2021 19:36:43,-47.498,760.223,757.232,470.001,840.820,-44.832,0.312
01.12.2021 19:36:44,-47.392,760.192,756.744,470.855,841.461,-44.755,0.360
01.12.2021 19:36:45,-47.292,761.535,759.368,472.503,843.627,-44.687,0.225
01.12.2021 19:36:46,-47.201,762.451,758.850,473.083,844.818,-44.701,0.375
01.12.2021 19:36:47,-47.098,763.244,760.681,474.212,845.184,-44.559,0.266
01.12.2021 19:36:48,-47.000,763.549,760.345,474.884,846.893,-44.603,0.333
01.12.2021 19:36:49,-46.900,764.617,762.512,477.203,850.097,-44.523,0.218
01.12.2021 19:36:50,-46.794,765.319,762.207,477.935,851.226,-44.508,0.322
01.12.2021 19:36:51,-46.696,766.113,762.878,478.515,852.111,-44.495,0.335
01.12.2021 19:36:52,-46.593,767.150,764.404,480.621,855.010,-44.422,0.284
01.12.2021 19:36:53,-46.508,768.646,766.082,482.391,856.781,-44.305,0.264
01.12.2021 19:36:54,-46.395,769.195,766.357,482.788,857.604,-44.315,0.292
01.12.2021 19:36:55,-46.304,770.416,767.547,484.405,859.985,-44.273,0.295
01.12.2021 19:36:56,-46.204,771.118,768.829,485.778,861.785,-44.219,0.235
01.12.2021 19:36:57,-46.096,772.033,770.111,487.335,863.372,-44.120,0.197
01.12.2021 19:36:58,-45.998,772.399,769.744,487.792,864.074,-44.111,0.272
01.12.2021 19:36:59,-45.905,773.345,771.057,489.349,866.027,-44.043,0.234
01.12.2021 19:37:00,-45.792,773.773,771.545,489.715,866.119,-43.996,0.228
01.12.2021 19:37:01,-45.699,774.719,771.789,491.851,868.652,-43.891,0.300
01.12.2021 19:37:02,-45.601,774.047,771.881,492.004,869.415,-43.933,0.222
01.12.2021 19:37:03,-45.498,775.573,773.590,494.293,872.009,-43.811,0.202
01.12.2021 19:37:04,-45.397,775.939,773.803,495.452,873.535,-43.768,0.218
01.12.2021 19:37:05,-45.299,777.191,774.505,497.192,875.061,-43.639,0.274
01.12.2021 19:37:06,-45.191,777.252,775.695,498.016,875.915,-43.589,0.158
01.12.2021 19:37:07,-45.101,778.564,776.153,499.786,878.387,-43.536,0.245
01.12.2021 19:37:08,-44.993,778.411,776.458,500.549,879.211,-43.492,0.199
01.12.2021 19:37:09,-44.902,778.991,776.977,501.708,881.347,-43.501,0.205
01.12.2021 19:37:10,-44.797,779.571,777.526,503.936,882.598,-43.280,0.208
01.12.2021 19:37:11,-44.694,780.334,778.381,505.004,885.101,-43.332,0.198
01.12.2021 19:37:12,-44.596,781.402,779.388,506.439,885.803,-43.182,0.204
01.12.2021 19:37:13,-44.495,781.127,779.235,506.958,887.084,-43.213,0.192
01.12.2021 19:37:14,-44.395,781.951,779.663,508.666,888.214,-43.060,0.232
01.12.2021 19:37:15,-44.292,782.135,780.273,510.040,890.838,-43.078,0.188
01.12.2021 19:37:16,-44.201,781.433,780.334,510.833,891.113,-42.987,0.111
01.12.2021 19:37:17,-44.098,783.355,781.768,512.756,893.829,-42.935,0.160
01.12.2021 19:37:18,-43.995,783.325,781.860,513.641,895.019,-42.906,0.148
01.12.2021 19:37:19,-43.902,783.538,781.829,515.136,895.141,-42.702,0.173
01.12.2021 19:37:20,-43.797,784.149,782.928,516.845,897.277,-42.634,0.123
01.12.2021 19:37:21,-43.699,785.522,783.294,518.402,898.468,-42.510,0.225
01.12.2021 19:37:22,-43.603,785.003,784.210,519.622,900.268,-42.485,0.080
01.12.2021 19:37:23,-43.493,786.499,784.759,521.362,902.496,-42.421,0.175
01.12.2021 19:37:24,-43.397,785.858,784.698,522.216,902.832,-42.327,0.117
01.12.2021 19:37:25,-43.307,786.193,785.369,523.590,904.388,-42.261,0.083
01.12.2021 19:37:26,-43.191,786.560,784.973,524.047,904.724,-42.224,0.160
01.12.2021 19:37:27,-43.103,786.987,786.224,524.871,906.341,-42.240,0.076
01.12.2021 19:37:28,-42.995,787.994,786.071,526.824,907.775,-42.083,0.193
01.12.2021 19:37:29,-42.902,787.170,786.499,527.770,908.721,-42.027,0.067
01.12.2021 19:37:30,-42.797,787.475,786.163,529.052,909.759,-41.933,0.132
01.12.2021 19:37:31,-42.694,788.940,787.841,530.303,911.926,-41.934,0.110
01.12.2021 19:37:32,-42.596,789.978,788.909,532.104,913.635,-41.822,0.107
01.12.2021 19:37:33,-42.493,790.618,789.215,533.081,914.184,-41.731,0.140
01.12.2021 19:37:34,-42.402,790.161,789.398,533.447,914.459,-41.703,0.076
01.12.2021 19:37:35,-42.302,790.710,789.825,534.454,916.748,-41.748,0.088
01.12.2021 19:37:36,-42.194,791.625,790.344,536.407,917.785,-41.562,0.128
01.12.2021 19:37:37,-42.101,791.931,790.405,537.475,918.212,-41.450,0.152
01.12.2021 19:37:38,-41.993,791.992,791.717,539.276,920.288,-41.370,0.027
01.12.2021 19:37:39,-41.892,792.846,791.748,539.855,920.929,-41.342,0.109
01.12.2021 19:37:40,-41.797,794.158,792.999,541.687,922.332,-41.204,0.115
01.12.2021 19:37:41,-41.701,794.708,793.182,542.266,924.285,-41.281,0.152
01.12.2021 19:37:42,-41.593,794.464,793.579,544.036,925.475,-41.136,0.088
01.12.2021 19:37:43,-41.498,794.647,793.731,544.464,926.208,-41.136,0.091
01.12.2021 19:37:44,-41.400,795.623,794.677,546.600,928.100,-40.997,0.094
01.12.2021 19:37:45,-41.292,795.440,795.196,546.936,928.863,-41.013,0.024
01.12.2021 19:37:46,-41.191,796.142,794.799,548.339,930.023,-40.915,0.133
01.12.2021 19:37:47,-41.106,795.867,794.860,548.858,929.809,-40.829,0.100
01.12.2021 19:37:48,-41.008,795.959,795.013,550.262,931.518,-40.775,0.094
01.12.2021 19:37:49,-40.900,797.363,796.600,551.483,933.349,-40.757,0.075
01.12.2021 19:37:50,-40.792,797.943,795.837,552.490,934.356,-40.702,0.209
01.12.2021 19:37:51,-40.694,798.370,797.302,553.039,934.845,-40.667,0.106
01.12.2021 19:37:52,-40.593,798.828,797.943,554.565,936.920,-40.627,0.087
01.12.2021 19:37:53,-40.500,799.621,798.065,555.603,936.401,-40.447,0.154
01.12.2021 19:37:54,-40.400,799.407,798.400,555.908,937.103,-40.462,0.099
01.12.2021 19:37:55,-40.304,800.109,798.492,557.373,938.415,-40.371,0.160
01.12.2021 19:37:56,-40.206,800.415,799.438,559.112,939.941,-40.260,0.096
01.12.2021 19:37:57,-40.096,801.330,800.109,560.546,941.345,-40.181,0.120
01.12.2021 19:37:58,-40.003,801.483,801.055,561.523,941.833,-40.090,0.042
01.12.2021 19:37:59,-39.907,802.307,801.391,562.316,943.267,-40.099,0.090
01.12.2021 19:38:00,-39.792,803.070,802.154,563.781,944.458,-39.999,0.090
01.12.2021 19:38:01,-39.691,804.199,802.734,564.849,945.861,-39.969,0.144
01.12.2021 19:38:02,-39.606,804.382,803.283,566.162,947.723,-39.943,0.108
01.12.2021 19:38:03,-39.500,804.718,804.473,567.108,949.188,-39.933,0.024
01.12.2021 19:38:04,-39.395,805.541,804.656,568.969,950.256,-39.774,0.087
01.12.2021 19:38:05,-39.304,805.786,805.419,570.098,951.354,-39.712,0.036
01.12.2021 19:38:06,-39.199,806.274,805.633,570.434,952.300,-39.742,0.063
01.12.2021 19:38:07,-39.101,806.427,805.603,571.807,952.484,-39.578,0.081
01.12.2021 19:38:08,-38.998,806.335,805.938,572.540,953.674,-39.576,0.038
01.12.2021 19:38:09,-38.895,807.464,807.128,574.432,954.833,-39.421,0.032
01.12.2021 19:38:10,-38.792,808.074,807.800,575.042,956.146,-39.444,0.026
01.12.2021 19:38:12,-38.704,809.051,808.319,576.629,958.221,-39.400,0.071
01.12.2021 19:38:13,-38.593,809.661,808.746,577.301,958.496,-39.335,0.089
01.12.2021 19:38:14,-38.503,809.448,809.692,578.094,959.259,-39.292,-0.023
01.12.2021 19:38:15,-38.400,810.333,809.631,579.620,959.900,-39.146,0.068
01.12.2021 19:38:16,-38.297,809.478,809.234,579.803,960.083,-39.136,0.023
01.12.2021 19:38:17,-38.206,810.028,809.326,580.139,960.235,-39.105,0.068
01.12.2021 19:38:18,-38.101,811.218,810.516,581.604,961.242,-38.995,0.068
01.12.2021 19:38:19,-37.995,811.187,809.875,582.275,961.731,-38.947,0.128
01.12.2021 19:38:20,-37.892,811.950,810.974,583.374,962.676,-38.880,0.095
01.12.2021 19:38:21,-37.792,812.164,811.309,583.892,962.921,-38.833,0.083
01.12.2021 19:38:22,-37.694,812.042,811.889,584.564,963.714,-38.809,0.014
01.12.2021 19:38:23,-37.593,813.446,812.805,585.845,964.325,-38.693,0.062
01.12.2021 19:38:24,-37.493,814.514,814.056,587.829,965.698,-38.547,0.044
01.12.2021 19:38:25,-37.392,815.155,814.849,588.226,967.010,-38.598,0.029
01.12.2021 19:38:26,-37.302,816.009,815.765,590.362,968.475,-38.440,0.023
01.12.2021 19:38:27,-37.191,815.551,815.673,590.332,966.888,-38.322,-0.011
01.12.2021 19:38:28,-37.096,816.894,816.070,591.827,968.414,-38.251,0.079
01.12.2021 19:38:29,-37.008,815.765,815.246,592.163,967.437,-38.133,0.050
01.12.2021 19:38:30,-36.895,816.040,816.192,592.895,968.200,-38.100,-0.014
01.12.2021 19:38:31,-36.794,816.192,816.192,594.116,968.231,-37.948,0.000
01.12.2021 19:38:32,-36.706,816.955,816.436,594.390,968.688,-37.949,0.050
01.12.2021 19:38:33,-36.606,818.725,816.772,596.130,970.031,-37.834,0.189
01.12.2021 19:38:34,-36.495,818.481,818.664,596.679,969.818,-37.749,-0.017
01.12.2021 19:38:35,-36.402,819.152,818.603,597.747,970.428,-37.662,0.053
01.12.2021 19:38:36,-36.307,819.549,818.939,598.632,970.825,-37.582,0.059
01.12.2021 19:38:37,-36.204,819.396,818.572,598.236,970.367,-37.597,0.079
01.12.2021 19:38:38,-36.108,819.335,819.824,600.128,970.458,-37.367,-0.047
01.12.2021 19:38:39,-36.005,820.861,820.831,601.104,971.679,-37.340,0.002
01.12.2021 19:38:40,-35.892,821.807,821.441,602.386,971.984,-37.204,0.035
01.12.2021 19:38:41,-35.804,820.800,820.282,601.318,970.764,-37.243,0.050
01.12.2021 19:38:42,-35.706,820.434,821.044,602.691,971.801,-37.152,-0.058
01.12.2021 19:38:43,-35.593,821.289,821.289,603.759,971.191,-36.972,0.000
01.12.2021 19:38:44,-35.493,821.838,820.770,604.522,971.405,-36.894,0.103
01.12.2021 19:38:45,-35.407,822.753,822.784,605.651,972.045,-36.804,-0.002
01.12.2021 19:38:46,-35.307,823.150,823.364,605.621,972.442,-36.838,-0.020
01.12.2021 19:38:47,-35.206,823.669,823.669,606.781,971.038,-36.586,0.000
01.12.2021 19:38:48,-35.098,823.791,823.608,606.994,970.428,-36.513,0.017
01.12.2021 19:38:49,-34.995,823.791,824.188,607.421,971.527,-36.545,-0.038
01.12.2021 19:38:50,-34.895,824.188,824.096,608.337,971.496,-36.429,0.008
01.12.2021 19:38:51,-34.794,824.340,825.378,609.283,971.923,-36.346,-0.099
01.12.2021 19:38:52,-34.691,825.714,825.958,610.870,972.442,-36.190,-0.023
01.12.2021 19:38:53,-34.596,825.866,826.904,611.145,972.290,-36.145,-0.099
01.12.2021 19:38:54,-34.503,826.660,827.056,611.938,972.137,-36.036,-0.038
01.12.2021 19:38:55,-34.392,826.477,827.392,612.426,972.228,-35.983,-0.087
01.12.2021 19:38:56,-34.292,825.866,826.568,612.274,971.557,-35.949,-0.067
01.12.2021 19:38:57,-34.201,826.690,827.545,613.708,971.893,-35.800,-0.081
01.12.2021 19:38:58,-34.096,827.484,828.094,613.800,972.290,-35.819,-0.058
01.12.2021 19:38:59,-33.998,828.430,828.063,615.692,972.595,-35.611,0.035
01.12.2021 19:39:00,-33.900,829.711,830.139,616.516,973.144,-35.553,-0.040
01.12.2021 19:39:01,-33.792,829.193,829.254,616.333,971.862,-35.476,-0.005
01.12.2021 19:39:02,-33.706,829.650,829.986,617.279,972.473,-35.408,-0.032
01.12.2021 19:39:03,-33.606,830.291,830.810,617.980,973.602,-35.410,-0.049
01.12.2021 19:39:04,-33.505,830.902,831.573,619.476,973.358,-35.209,-0.063
01.12.2021 19:39:05,-33.392,831.634,831.939,619.842,973.174,-35.150,-0.029
01.12.2021 19:39:06,-33.299,832.519,832.458,621.307,974.700,-35.090,0.005
01.12.2021 19:39:07,-33.199,833.160,833.221,621.826,973.816,-34.959,-0.005
01.12.2021 19:39:08,-33.108,832.946,833.068,622.375,974.487,-34.944,-0.011
01.12.2021 19:39:09,-33.005,832.305,833.587,622.924,974.609,-34.887,-0.121
01.12.2021 19:39:10,-32.902,833.496,834.320,624.114,974.609,-34.743,-0.078
01.12.2021 19:39:11,-32.804,833.740,834.014,624.969,974.914,-34.664,-0.026
01.12.2021 19:39:12,-32.704,833.892,834.686,625.366,974.914,-34.616,-0.075
01.12.2021 19:39:13,-32.606,835.052,835.754,626.434,975.982,-34.570,-0.066
01.12.2021 19:39:14,-32.505,834.411,834.777,626.129,974.365,-34.481,-0.034
01.12.2021 19:39:15,-32.407,834.014,834.655,626.831,974.121,-34.378,-0.060
01.12.2021 19:39:16,-32.299,833.068,834.442,627.593,974.761,-34.336,-0.130
01.12.2021 19:39:17,-32.191,834.960,835.876,628.570,975.463,-34.273,-0.086
01.12.2021 19:39:18,-32.106,836.090,835.967,629.577,975.647,-34.166,0.011
01.12.2021 19:39:19,-32.008,835.784,836.914,629.760,976.104,-34.179,-0.106
01.12.2021 19:39:20,-31.905,836.639,836.853,630.157,976.165,-34.136,-0.020
01.12.2021 19:39:21,-31.807,835.601,836.578,630.126,974.395,-34.003,-0.092
01.12.2021 19:39:22,-31.694,836.883,837.066,630.920,976.226,-34.050,-0.017
01.12.2021 19:39:23,-31.608,838.409,838.562,632.934,977.569,-33.913,-0.014
01.12.2021 19:39:24,-31.508,837.097,838.134,633.361,975.280,-33.684,-0.098
01.12.2021 19:39:25,-31.407,837.829,838.195,633.850,976.287,-33.704,-0.034
01.12.2021 19:39:26,-31.307,838.134,839.691,635.131,977.447,-33.641,-0.147
01.12.2021 19:39:27,-31.206,837.738,838.989,634.918,975.646,-33.527,-0.118
01.12.2021 19:39:28,-31.103,838.073,838.500,636.291,976.074,-33.397,-0.040
01.12.2021 19:39:29,-31.008,837.738,838.531,636.413,976.379,-33.406,-0.075
01.12.2021 19:39:30,-30.907,837.280,838.348,637.603,976.287,-33.257,-0.101
01.12.2021 19:39:31,-30.799,838.348,839.599,639.068,977.478,-33.176,-0.118
01.12.2021 19:39:32,-30.699,838.470,839.355,639.099,976.348,-33.084,-0.083
01.12.2021 19:39:33,-30.601,837.616,839.416,639.770,975.860,-32.967,-0.170
01.12.2021 19:39:34,-30.495,838.928,839.782,640.563,976.135,-32.894,-0.080
01.12.2021 19:39:35,-30.407,838.958,839.080,641.418,976.196,-32.798,-0.011
01.12.2021 19:39:36,-30.302,837.829,838.897,641.510,974.822,-32.680,-0.100
01.12.2021 19:39:37,-30.206,839.416,839.782,643.493,976.898,-32.607,-0.034
01.12.2021 19:39:38,-30.108,838.653,839.294,644.073,975.921,-32.463,-0.060
01.12.2021 19:39:39,-29.995,838.439,840.118,644.683,976.013,-32.398,-0.158
01.12.2021 19:39:40,-29.895,839.507,840.545,646.148,976.684,-32.278,-0.097
01.12.2021 19:39:41,-29.804,839.569,840.423,646.026,975.952,-32.236,-0.080
01.12.2021 19:39:42,-29.699,839.202,840.667,648.010,976.287,-32.029,-0.138
01.12.2021 19:39:43,-29.598,840.209,840.972,648.925,976.959,-31.974,-0.071
01.12.2021 19:39:44,-29.498,840.698,841.796,650.238,977.203,-31.839,-0.103
01.12.2021 19:39:45,-29.395,839.447,840.545,650.970,974.700,-31.558,-0.103
01.12.2021 19:39:46,-29.299,840.759,842.010,651.458,976.745,-31.661,-0.117
01.12.2021 19:39:47,-29.191,840.881,841.735,652.862,975.768,-31.421,-0.080
01.12.2021 19:39:48,-29.093,840.820,841.644,653.289,976.348,-31.416,-0.077
01.12.2021 19:39:49,-29.008,840.789,841.796,654.235,976.348,-31.306,-0.094
01.12.2021 19:39:50,-28.907,841.674,842.651,655.120,976.074,-31.182,-0.091
01.12.2021 19:39:51,-28.797,841.857,842.987,656.616,976.898,-31.072,-0.106
01.12.2021 19:39:52,-28.694,841.949,842.925,658.142,976.928,-30.898,-0.091
01.12.2021 19:39:53,-28.593,841.308,843.109,658.416,976.623,-30.842,-0.169
01.12.2021 19:39:54,-28.493,841.247,842.193,658.569,975.402,-30.729,-0.089
01.12.2021 19:39:55,-28.395,840.972,842.224,659.515,975.219,-30.605,-0.117
01.12.2021 19:39:56,-28.292,841.339,842.834,661.132,975.982,-30.478,-0.140
01.12.2021 19:39:58,-28.191,841.552,842.987,662.475,976.104,-30.333,-0.134
01.12.2021 19:39:59,-28.093,842.193,843.688,663.421,976.379,-30.245,-0.140
01.12.2021 19:40:00,-27.995,841.369,842.803,663.879,975.524,-30.126,-0.134
01.12.2021 19:40:01,-27.907,841.766,843.383,665.344,975.250,-29.936,-0.152
01.12.2021 19:40:02,-27.802,841.400,842.132,665.344,974.761,-29.898,-0.068
01.12.2021 19:40:03,-27.696,840.881,842.651,666.564,975.067,-29.781,-0.166
01.12.2021 19:40:04,-27.596,841.644,842.803,667.510,975.250,-29.687,-0.109
01.12.2021 19:40:05,-27.495,841.888,843.353,668.945,975.769,-29.564,-0.137
01.12.2021 19:40:06,-27.407,842.193,843.719,669.982,976.043,-29.467,-0.143
01.12.2021 19:40:07,-27.294,842.590,842.956,671.264,975.616,-29.287,-0.034
01.12.2021 19:40:08,-27.206,842.163,843.200,671.081,974.883,-29.251,-0.097
01.12.2021 19:40:09,-27.098,841.491,842.681,672.485,975.219,-29.117,-0.111
01.12.2021 19:40:10,-26.993,840.545,842.712,673.522,973.876,-28.893,-0.203
01.12.2021 19:40:11,-26.907,841.339,843.688,673.706,974.945,-28.956,-0.221
01.12.2021 19:40:12,-26.802,842.590,844.116,676.452,975.891,-28.719,-0.143
01.12.2021 19:40:13,-26.704,842.468,843.750,677.246,975.830,-28.624,-0.120
01.12.2021 19:40:14,-26.608,842.773,843.688,678.070,974.883,-28.457,-0.086
01.12.2021 19:40:15,-26.498,842.681,843.902,678.985,974.731,-28.341,-0.114
01.12.2021 19:40:16,-26.407,841.644,843.078,679.412,975.036,-28.317,-0.134
01.12.2021 19:40:17,-26.304,842.071,843.536,681.030,975.982,-28.209,-0.137
01.12.2021 19:40:18,-26.199,841.461,843.292,681.488,975.341,-28.107,-0.172
01.12.2021 19:40:19,-26.103,841.827,842.803,682.464,975.006,-27.971,-0.091
01.12.2021 19:40:20,-25.998,842.620,843.383,684.204,975.463,-27.811,-0.071
01.12.2021 19:40:21,-25.895,843.811,844.818,685.272,976.165,-27.747,-0.094
01.12.2021 19:40:22,-25.797,842.559,844.116,686.126,976.379,-27.668,-0.146
01.12.2021 19:40:23,-25.694,842.193,843.811,687.225,975.982,-27.514,-0.152
01.12.2021 19:40:24,-25.593,842.376,844.390,688.293,976.989,-27.474,-0.189
01.12.2021 19:40:25,-25.505,843.719,844.970,689.422,976.318,-27.295,-0.117
01.12.2021 19:40:26,-25.395,843.933,844.665,690.490,977.234,-27.248,-0.068
01.12.2021 19:40:27,-25.307,842.498,843.627,690.551,975.006,-27.065,-0.106
01.12.2021 19:40:28,-25.196,842.407,842.925,691.040,974.517,-26.973,-0.048
01.12.2021 19:40:29,-25.103,843.231,844.574,693.450,976.043,-26.825,-0.126
01.12.2021 19:40:30,-25.005,842.865,844.787,694.000,976.623,-26.810,-0.180
01.12.2021 19:40:31,-24.892,843.475,844.665,695.678,975.891,-26.566,-0.111
01.12.2021 19:40:32,-24.797,843.322,844.879,696.838,975.921,-26.440,-0.146
01.12.2021 19:40:33,-24.706,843.597,844.909,698.120,975.708,-26.282,-0.123
01.12.2021 19:40:34,-24.606,843.780,845.214,699.493,974.883,-26.065,-0.134
01.12.2021 19:40:35,-24.505,843.658,844.818,700.469,975.952,-26.042,-0.108
01.12.2021 19:40:36,-24.400,843.780,845.367,702.117,976.776,-25.926,-0.148
01.12.2021 19:40:37,-24.292,842.925,844.634,703.063,975.494,-25.721,-0.160
01.12.2021 19:40:38,-24.206,843.170,844.726,704.071,975.555,-25.615,-0.146
01.12.2021 19:40:39,-24.098,842.468,844.055,705.017,974.517,-25.429,-0.149
01.12.2021 19:40:40,-23.995,842.041,843.811,705.902,974.792,-25.354,-0.166
01.12.2021 19:40:41,-23.900,842.834,844.482,707.031,974.517,-25.209,-0.154
01.12.2021 19:40:42,-23.802,842.468,844.085,707.855,974.853,-25.146,-0.151
01.12.2021 19:40:43,-23.701,843.017,844.512,710.021,975.769,-24.982,-0.140
01.12.2021 19:40:44,-23.606,843.597,845.550,711.547,976.409,-24.867,-0.183
01.12.2021 19:40:45,-23.493,843.566,845.611,713.134,976.409,-24.695,-0.191
01.12.2021 19:40:46,-23.405,843.750,844.757,714.355,975.677,-24.504,-0.094
01.12.2021 19:40:47,-23.307,843.078,845.458,715.423,975.921,-24.408,-0.223
01.12.2021 19:40:48,-23.206,842.834,843.994,715.332,974.761,-24.326,-0.108
01.12.2021 19:40:49,-23.108,841.796,844.390,717.559,975.006,-24.105,-0.243
01.12.2021 19:40:50,-23.005,842.834,844.329,718.200,974.914,-24.028,-0.140
01.12.2021 19:40:51,-22.907,844.299,845.916,720.672,976.592,-23.896,-0.151
01.12.2021 19:40:52,-22.807,842.712,844.757,720.489,974.670,-23.763,-0.192
01.12.2021 19:40:53,-22.706,843.475,845.062,722.106,974.487,-23.574,-0.148
01.12.2021 19:40:54,-22.606,843.383,844.726,722.717,973.510,-23.431,-0.126
01.12.2021 19:40:55,-22.505,843.109,843.872,723.907,974.212,-23.359,-0.071
01.12.2021 19:40:56,-22.407,843.322,844.451,725.067,974.029,-23.221,-0.106
01.12.2021 19:40:57,-22.262,843.475,844.848,727.233,974.273,-23.009,-0.128
01.12.2021 19:40:58,-22.206,843.902,845.214,727.935,974.060,-22.917,-0.123
01.12.2021 19:40:59,-22.108,843.658,845.092,729.034,973.937,-22.790,-0.134
01.12.2021 19:41:00,-22.005,844.024,845.642,730.499,973.907,-22.632,-0.151
01.12.2021 19:41:01,-21.905,843.353,845.214,730.529,972.991,-22.556,-0.174
01.12.2021 19:41:02,-21.807,842.590,844.360,731.872,971.832,-22.321,-0.166
01.12.2021 19:41:03,-21.699,842.865,844.604,732.666,972.290,-22.273,-0.163
01.12.2021 19:41:04,-21.593,843.292,844.757,734.436,971.588,-22.029,-0.137
01.12.2021 19:41:05,-21.503,844.146,845.581,736.083,972.686,-21.943,-0.134
01.12.2021 19:41:06,-21.392,842.834,845.245,737.274,971.679,-21.737,-0.226
01.12.2021 19:41:07,-21.292,843.078,844.634,738.098,969.970,-21.513,-0.146
01.12.2021 19:41:08,-21.191,843.109,845.336,740.020,970.489,-21.352,-0.209
01.12.2021 19:41:09,-21.098,842.132,844.757,740.692,969.360,-21.191,-0.246
01.12.2021 19:41:10,-21.003,842.376,843.933,741.821,969.482,-21.083,-0.146
01.12.2021 19:41:11,-20.892,842.437,844.268,743.041,970.031,-20.999,-0.172
01.12.2021 19:41:12,-20.807,842.987,845.184,745.452,970.214,-20.761,-0.206
01.12.2021 19:41:13,-20.691,843.109,845.245,746.520,969.940,-20.628,-0.200
01.12.2021 19:41:14,-20.608,842.895,845.367,747.375,969.390,-20.494,-0.232
01.12.2021 19:41:15,-20.508,841.918,844.268,747.711,968.597,-20.395,-0.220
01.12.2021 19:41:16,-20.405,841.552,844.726,748.870,968.383,-20.257,-0.298
01.12.2021 19:41:17,-20.292,842.590,845.520,751.647,969.787,-20.082,-0.275
01.12.2021 19:41:18,-20.199,842.895,844.970,752.746,969.024,-19.907,-0.194
01.12.2021 19:41:19,-20.106,842.529,845.031,752.685,969.177,-19.925,-0.235
01.12.2021 19:41:20,-20.003,842.376,844.451,754.089,968.292,-19.709,-0.194
01.12.2021 19:41:21,-19.902,841.888,844.970,754.821,967.987,-19.608,-0.289
01.12.2021 19:41:22,-19.792,841.339,842.895,755.432,967.102,-19.474,-0.146
01.12.2021 19:41:23,-19.696,841.033,843.475,756.591,966.491,-19.305,-0.229
01.12.2021 19:41:24,-19.608,841.156,842.895,757.476,966.003,-19.174,-0.163
01.12.2021 19:41:25,-19.498,841.705,843.444,758.361,965.881,-19.073,-0.163
01.12.2021 19:41:26,-19.392,841.461,844.024,759.246,965.911,-18.984,-0.241
01.12.2021 19:41:27,-19.292,841.491,843.353,760.375,964.721,-18.772,-0.175
01.12.2021 19:41:28,-19.191,841.247,843.566,761.718,964.599,-18.624,-0.218
01.12.2021 19:41:29,-19.098,840.850,842.865,762.329,964.172,-18.527,-0.189
01.12.2021 19:41:30,-19.003,840.240,842.407,763.427,963.104,-18.328,-0.204
01.12.2021 19:41:31,-18.892,840.301,843.109,765.106,962.799,-18.131,-0.264
01.12.2021 19:41:32,-18.792,841.186,843.231,766.387,963.317,-18.043,-0.192
01.12.2021 19:41:33,-18.696,841.216,843.414,767.181,962.127,-17.865,-0.206
01.12.2021 19:41:34,-18.598,840.240,842.651,768.249,961.944,-17.741,-0.227
01.12.2021 19:41:35,-18.505,838.928,842.346,768.737,960.693,-17.590,-0.322
01.12.2021 19:41:36,-18.407,840.393,842.803,770.477,961.517,-17.480,-0.226
01.12.2021 19:41:37,-18.304,839.233,842.407,772.003,960.510,-17.243,-0.299
01.12.2021 19:41:38,-18.194,840.087,842.163,772.705,960.174,-17.144,-0.195
01.12.2021 19:41:39,-18.108,839.904,841.766,773.712,959.533,-16.990,-0.175
01.12.2021 19:41:40,-18.008,839.965,842.315,774.597,958.892,-16.848,-0.221
01.12.2021 19:41:41,-17.892,839.691,841.064,775.848,958.984,-16.729,-0.129
01.12.2021 19:41:43,-17.794,839.355,841.491,776.489,957.794,-16.567,-0.201
01.12.2021 19:41:44,-17.701,838.195,841.522,776.367,957.458,-16.552,-0.313
01.12.2021 19:41:45,-17.593,839.080,840.972,778.167,957.519,-16.375,-0.178
01.12.2021 19:41:46,-17.505,838.714,840.698,778.839,956.207,-16.200,-0.187
01.12.2021 19:41:47,-17.405,838.592,841.216,779.388,956.176,-16.142,-0.247
01.12.2021 19:41:48,-17.294,837.616,839.813,779.785,955.261,-16.027,-0.207
01.12.2021 19:41:49,-17.191,836.883,840.026,780.426,954.437,-15.895,-0.297
01.12.2021 19:41:50,-17.108,837.127,839.752,781.158,954.589,-15.834,-0.248
01.12.2021 19:41:51,-17.005,837.402,840.087,783.111,955.505,-15.714,-0.253
01.12.2021 19:41:52,-16.907,837.951,840.484,783.966,955.413,-15.620,-0.239
01.12.2021 19:41:53,-16.807,837.463,840.393,784.759,956.054,-15.594,-0.276
01.12.2021 19:41:54,-16.706,836.395,839.202,784.179,953.491,-15.441,-0.265
01.12.2021 19:41:55,-16.608,835.723,838.073,784.362,952.026,-15.302,-0.222
01.12.2021 19:41:56,-16.508,835.998,839.233,785.736,953.216,-15.263,-0.306
01.12.2021 19:41:57,-16.400,836.181,838.256,786.529,953.063,-15.171,-0.196
01.12.2021 19:41:58,-16.302,835.723,838.043,786.895,952.056,-15.051,-0.219
01.12.2021 19:41:59,-16.196,837.219,839.721,788.940,953.216,-14.943,-0.236
01.12.2021 19:42:00,-16.096,836.761,838.714,789.489,951.324,-14.732,-0.184
01.12.2021 19:42:01,-16.000,836.395,838.714,788.879,951.019,-14.768,-0.219
01.12.2021 19:42:02,-15.905,835.754,837.616,790.344,950.347,-14.567,-0.176
01.12.2021 19:42:03,-15.792,835.693,837.860,791.290,950.073,-14.450,-0.205
01.12.2021 19:42:04,-15.694,835.449,838.012,792.633,950.408,-14.345,-0.242
01.12.2021 19:42:05,-15.596,834.808,836.303,792.480,947.875,-14.150,-0.141
01.12.2021 19:42:06,-15.498,834.869,837.127,793.212,948.089,-14.095,-0.214
01.12.2021 19:42:07,-15.395,834.167,835.815,794.281,945.953,-13.812,-0.156
01.12.2021 19:42:08,-15.294,834.075,836.425,794.830,946.075,-13.768,-0.222
01.12.2021 19:42:09,-15.204,834.167,836.181,796.386,945.831,-13.594,-0.191
01.12.2021 19:42:10,-15.093,833.709,836.090,796.844,944.640,-13.449,-0.225
01.12.2021 19:42:11,-14.993,834.136,836.364,798.034,944.763,-13.342,-0.211
01.12.2021 19:42:12,-14.905,833.343,836.120,798.797,943.420,-13.155,-0.263
01.12.2021 19:42:13,-14.807,833.099,835.540,799.468,943.206,-13.071,-0.231
01.12.2021 19:42:14,-14.691,833.618,836.029,800.323,942.840,-12.956,-0.228
01.12.2021 19:42:15,-14.606,832.367,834.930,800.445,941.741,-12.853,-0.243
01.12.2021 19:42:16,-14.503,832.916,834.686,801.849,941.131,-12.664,-0.168
01.12.2021 19:42:17,-14.400,832.153,834.655,802.581,940.612,-12.548,-0.237
01.12.2021 19:42:18,-14.307,831.848,834.564,802.734,939.727,-12.459,-0.258
01.12.2021 19:42:19,-14.196,831.756,834.564,804.443,939.208,-12.248,-0.267
01.12.2021 19:42:20,-14.108,831.115,833.038,804.016,937.500,-12.147,-0.183
01.12.2021 19:42:21,-14.008,830.718,833.190,804.748,936.950,-12.029,-0.235
01.12.2021 19:42:22,-13.907,829.986,832.367,805.206,935.485,-11.861,-0.226
01.12.2021 19:42:23,-13.807,830.200,832.733,806.030,935.608,-11.790,-0.241
01.12.2021 19:42:24,-13.696,830.810,833.435,807.922,936.187,-11.654,-0.249
01.12.2021 19:42:25,-13.598,829.437,832.061,807.281,934.265,-11.555,-0.250
01.12.2021 19:42:26,-13.493,829.498,832.092,807.708,933.837,-11.477,-0.247
01.12.2021 19:42:27,-13.397,829.406,832.122,808.410,932.891,-11.329,-0.259
01.12.2021 19:42:28,-13.297,829.864,831.878,808.776,932.250,-11.239,-0.192
01.12.2021 19:42:29,-13.194,828.338,830.566,809.295,931.243,-11.103,-0.212
01.12.2021 19:42:30,-13.098,828.186,830.535,809.875,930.419,-10.977,-0.224
01.12.2021 19:42:31,-12.993,828.247,830.444,810.699,930.724,-10.922,-0.209
01.12.2021 19:42:32,-12.905,827.667,830.383,810.668,929.260,-10.801,-0.259
01.12.2021 19:42:33,-12.807,828.308,830.322,811.309,929.412,-10.752,-0.192
01.12.2021 19:42:34,-12.696,828.643,830.230,812.255,928.039,-10.543,-0.151
01.12.2021 19:42:35,-12.608,826.232,828.826,811.340,926.208,-10.476,-0.248
01.12.2021 19:42:36,-12.508,827.911,830.108,813.842,927.490,-10.343,-0.210
01.12.2021 19:42:37,-12.407,827.056,829.376,813.659,925.750,-10.212,-0.221
01.12.2021 19:42:38,-12.304,826.385,828.704,813.354,924.468,-10.132,-0.222
01.12.2021 19:42:39,-12.201,827.331,829.284,815.216,925.415,-10.033,-0.186
01.12.2021 19:42:40,-12.096,826.507,828.735,815.002,923.553,-9.894,-0.213
01.12.2021 19:42:41,-11.993,825.561,827.148,814.758,922.576,-9.835,-0.152
01.12.2021 19:42:42,-11.895,825.866,827.972,816.314,922.790,-9.702,-0.201
01.12.2021 19:42:43,-11.797,825.225,827.789,815.826,921.478,-9.637,-0.245
01.12.2021 19:42:44,-11.696,825.164,827.819,816.680,921.539,-9.560,-0.254
01.12.2021 19:42:45,-11.596,825.378,827.575,817.260,921.142,-9.470,-0.210
01.12.2021 19:42:46,-11.498,824.859,827.148,816.925,919.494,-9.361,-0.219
01.12.2021 19:42:47,-11.397,823.974,826.904,817.169,919.403,-9.329,-0.281
01.12.2021 19:42:48,-11.307,823.882,825.531,817.321,918.060,-9.199,-0.158
01.12.2021 19:42:49,-11.196,823.486,826.080,817.993,918.792,-9.197,-0.249
01.12.2021 19:42:50,-11.093,822.753,825.500,817.657,917.694,-9.135,-0.264
01.12.2021 19:42:51,-11.000,823.120,825.225,818.298,918.029,-9.102,-0.202
01.12.2021 19:42:52,-10.900,823.120,825.195,818.817,917.572,-9.013,-0.199
01.12.2021 19:42:53,-10.794,822.814,824.890,819.183,916.595,-8.893,-0.199
01.12.2021 19:42:54,-10.706,822.235,823.944,818.878,915.832,-8.857,-0.164
01.12.2021 19:42:55,-10.608,821.441,823.181,818.267,914.886,-8.834,-0.167
01.12.2021 19:42:56,-10.503,822.357,824.157,819.946,916.259,-8.791,-0.173
01.12.2021 19:42:57,-10.402,821.197,823.089,819.122,914.489,-8.718,-0.182
01.12.2021 19:42:58,-10.294,821.868,823.455,820.861,915.405,-8.629,-0.152
01.12.2021 19:42:59,-10.191,821.929,823.333,820.709,914.855,-8.596,-0.135
01.12.2021 19:43:00,-10.096,821.380,822.937,821.044,913.818,-8.474,-0.149
01.12.2021 19:43:01,-9.995,820.495,821.899,820.556,913.543,-8.498,-0.135
01.12.2021 19:43:02,-9.907,820.831,822.662,822.143,913.665,-8.355,-0.176
01.12.2021 19:43:03,-9.802,819.763,821.899,822.265,912.719,-8.262,-0.206
01.12.2021 19:43:04,-9.696,819.274,821.258,822.448,912.628,-8.236,-0.191
01.12.2021 19:43:05,-9.593,819.702,820.739,822.631,911.132,-8.089,-0.100
01.12.2021 19:43:06,-9.505,819.610,820.892,823.242,910.186,-7.948,-0.123
01.12.2021 19:43:07,-9.392,819.152,820.098,823.700,909.179,-7.817,-0.091
01.12.2021 19:43:08,-9.304,819.061,820.526,824.615,909.606,-7.766,-0.141
01.12.2021 19:43:09,-9.204,817.932,818.969,824.432,907.958,-7.640,-0.100
01.12.2021 19:43:10,-9.093,818.389,820.037,825.744,908.172,-7.533,-0.159
01.12.2021 19:43:11,-8.998,818.389,819.396,826.263,906.768,-7.361,-0.097
01.12.2021 19:43:12,-8.900,819.061,820.617,828.094,907.318,-7.234,-0.150
01.12.2021 19:43:13,-8.802,819.152,820.037,828.430,906.402,-7.122,-0.085
01.12.2021 19:43:14,-8.706,818.206,820.648,829.101,905.242,-6.957,-0.236
01.12.2021 19:43:15,-8.603,817.474,819.366,828.826,905.273,-6.986,-0.183
01.12.2021 19:43:16,-8.493,817.108,819.549,830.139,904.449,-6.789,-0.236
01.12.2021 19:43:17,-8.402,817.535,818.542,830.291,903.442,-6.686,-0.097
01.12.2021 19:43:18,-8.299,817.169,819.305,831.146,903.350,-6.597,-0.206
01.12.2021 19:43:19,-8.191,817.626,818.481,831.329,902.191,-6.478,-0.082
01.12.2021 19:43:20,-8.093,817.993,818.511,832.427,901.153,-6.282,-0.050
01.12.2021 19:43:21,-7.998,816.833,818.450,831.970,901.031,-6.315,-0.156
01.12.2021 19:43:22,-7.905,816.619,817.138,832.336,899.383,-6.135,-0.050
01.12.2021 19:43:23,-7.794,816.619,818.511,832.519,899.566,-6.134,-0.183
01.12.2021 19:43:24,-7.699,816.741,817.413,833.282,899.139,-6.024,-0.065
01.12.2021 19:43:25,-7.601,815.551,817.016,833.465,897.705,-5.880,-0.142
01.12.2021 19:43:26,-7.508,815.795,816.925,833.557,897.735,-5.874,-0.109
01.12.2021 19:43:28,-7.397,815.490,816.467,833.496,896.026,-5.729,-0.094
01.12.2021 19:43:29,-7.302,814.697,816.070,833.007,895.538,-5.732,-0.133
01.12.2021 19:43:30,-7.204,814.025,815.490,833.831,894.836,-5.592,-0.142
01.12.2021 19:43:31,-7.106,814.300,816.253,833.801,894.836,-5.595,-0.189
01.12.2021 19:43:32,-7.008,814.086,815.429,834.747,894.073,-5.438,-0.130
01.12.2021 19:43:33,-6.907,814.392,815.765,834.930,893.829,-5.399,-0.133
01.12.2021 19:43:34,-6.802,814.422,815.826,835.205,893.432,-5.338,-0.136
01.12.2021 19:43:35,-6.706,814.758,815.917,836.547,892.669,-5.143,-0.112
01.12.2021 19:43:36,-6.606,814.239,815.948,836.395,892.883,-5.176,-0.166
01.12.2021 19:43:37,-6.500,814.483,815.673,837.310,891.876,-5.000,-0.115
01.12.2021 19:43:38,-6.397,814.178,815.368,837.127,891.662,-4.999,-0.115
01.12.2021 19:43:39,-6.307,814.117,815.307,837.585,891.387,-4.931,-0.115
01.12.2021 19:43:40,-6.191,814.392,815.460,838.104,891.052,-4.852,-0.103
01.12.2021 19:43:41,-6.093,814.422,815.765,838.714,890.075,-4.708,-0.130
01.12.2021 19:43:42,-6.005,814.361,815.734,839.019,889.923,-4.665,-0.133
01.12.2021 19:43:43,-5.897,813.812,815.704,839.294,889.129,-4.569,-0.184
01.12.2021 19:43:44,-5.794,814.147,815.399,839.782,888.580,-4.474,-0.121
01.12.2021 19:43:45,-5.701,813.446,815.277,840.057,888.732,-4.462,-0.178
01.12.2021 19:43:46,-5.596,813.476,814.666,840.118,887.542,-4.350,-0.115
01.12.2021 19:43:47,-5.493,812.683,814.819,840.179,886.810,-4.279,-0.208
01.12.2021 19:43:48,-5.402,813.751,814.605,840.698,885.711,-4.132,-0.083
01.12.2021 19:43:49,-5.292,811.889,813.323,839.874,884.857,-4.133,-0.139
01.12.2021 19:43:50,-5.206,811.798,813.079,839.721,883.789,-4.052,-0.125
01.12.2021 19:43:51,-5.108,812.622,813.262,841.247,884.246,-3.949,-0.062
01.12.2021 19:43:52,-4.995,812.194,814.117,841.552,884.155,-3.912,-0.187
01.12.2021 19:43:53,-4.892,812.225,813.385,841.979,883.880,-3.847,-0.113
01.12.2021 19:43:54,-4.797,812.042,813.781,841.979,882.782,-3.749,-0.169
01.12.2021 19:43:55,-4.694,812.011,812.713,840.972,881.958,-3.769,-0.068
01.12.2021 19:43:56,-4.593,811.248,812.469,841.491,881.622,-3.690,-0.119
01.12.2021 19:43:57,-4.508,810.668,811.523,841.247,880.859,-3.645,-0.083
01.12.2021 19:43:58,-4.400,811.767,812.591,842.834,881.378,-3.542,-0.080
01.12.2021 19:43:59,-4.294,812.042,813.171,843.109,881.408,-3.519,-0.110
01.12.2021 19:44:00,-4.206,812.957,813.140,844.360,881.530,-3.413,-0.017
01.12.2021 19:44:01,-4.098,811.431,813.354,843.109,880.798,-3.464,-0.187
01.12.2021 19:44:02,-4.000,812.103,812.011,843.597,880.767,-3.416,0.008
01.12.2021 19:44:03,-3.892,811.431,812.561,844.451,879.943,-3.261,-0.110
01.12.2021 19:44:04,-3.807,812.805,812.408,845.642,881.408,-3.282,0.038
01.12.2021 19:44:05,-3.704,812.042,813.049,845.123,879.577,-3.165,-0.098
01.12.2021 19:44:06,-3.598,811.889,812.835,845.977,879.791,-3.105,-0.092
01.12.2021 19:44:07,-3.500,812.072,812.683,845.947,878.997,-3.036,-0.059
01.12.2021 19:44:08,-3.405,811.492,812.805,846.160,878.692,-2.988,-0.128
01.12.2021 19:44:09,-3.304,812.042,812.530,846.923,878.112,-2.865,-0.047
01.12.2021 19:44:10,-3.206,811.462,812.957,847.442,878.234,-2.827,-0.145
01.12.2021 19:44:11,-3.106,811.126,812.194,848.236,877.777,-2.712,-0.104
01.12.2021 19:44:12,-3.008,810.943,812.622,848.449,876.678,-2.593,-0.163
01.12.2021 19:44:13,-2.900,810.607,810.974,848.480,875.579,-2.491,-0.035
01.12.2021 19:44:14,-2.792,811.492,812.377,849.151,875.335,-2.406,-0.086
01.12.2021 19:44:15,-2.706,810.882,811.950,850.219,874.206,-2.204,-0.104
01.12.2021 19:44:16,-2.601,810.882,811.737,849.975,873.992,-2.207,-0.083
01.12.2021 19:44:17,-2.500,811.431,812.133,852.264,874.237,-2.016,-0.068
01.12.2021 19:44:18,-2.402,812.194,812.744,852.783,874.145,-1.960,-0.053
01.12.2021 19:44:19,-2.304,811.920,812.042,853.271,873.596,-1.865,-0.011
01.12.2021 19:44:20,-2.206,811.523,812.164,853.210,872.436,-1.765,-0.062
01.12.2021 19:44:21,-2.108,811.950,812.561,854.675,871.399,-1.535,-0.059
01.12.2021 19:44:22,-2.008,811.248,811.859,853.790,870.971,-1.578,-0.059
01.12.2021 19:44:23,-1.900,812.561,812.713,856.597,871.520,-1.368,-0.014
01.12.2021 19:44:24,-1.799,811.798,813.446,856.506,871.093,-1.338,-0.160
01.12.2021 19:44:25,-1.704,812.652,813.018,857.940,869.995,-1.105,-0.035
01.12.2021 19:44:26,-1.608,812.500,812.988,856.964,869.201,-1.123,-0.047
01.12.2021 19:44:27,-1.508,812.011,812.103,857.727,868.072,-0.950,-0.008
01.12.2021 19:44:28,-1.402,811.859,812.286,856.750,866.821,-0.925,-0.041
01.12.2021 19:44:29,-1.307,812.225,812.500,858.276,867.889,-0.882,-0.026
01.12.2021 19:44:30,-1.201,811.767,811.920,857.818,866.821,-0.827,-0.014
01.12.2021 19:44:31,-1.108,812.530,813.018,859.252,867.187,-0.728,-0.047
01.12.2021 19:44:32,-0.993,812.713,812.957,859.039,866.699,-0.703,-0.023
01.12.2021 19:44:33,-0.895,811.279,812.072,859.191,864.990,-0.532,-0.077
01.12.2021 19:44:34,-0.794,811.584,811.614,858.795,864.257,-0.502,-0.002
01.12.2021 19:44:35,-0.706,812.194,812.591,860.229,864.532,-0.395,-0.038
01.12.2021 19:44:36,-0.603,812.896,813.140,860.839,865.264,-0.406,-0.023
01.12.2021 19:44:37,-0.503,811.737,812.438,860.595,863.647,-0.280,-0.068
01.12.2021 19:44:38,-0.397,812.225,812.377,861.297,863.189,-0.173,-0.014
01.12.2021 19:44:39,-0.304,812.744,812.927,862.304,863.311,-0.092,-0.017
01.12.2021 19:44:40,-0.206,812.652,812.805,862.365,862.701,-0.030,-0.014
01.12.2021 19:44:41,-0.096,812.774,812.500,862.640,862.091,0.050,0.026
01.12.2021 19:44:42,0.005,812.255,813.049,862.365,861.846,0.047,-0.077
01.12.2021 19:44:43,0.108,811.737,812.042,862.609,860.717,0.174,-0.029
01.12.2021 19:44:44,0.208,812.347,812.957,863.739,861.022,0.249,-0.059
01.12.2021 19:44:45,0.294,813.446,813.507,864.868,860.778,0.375,-0.005
01.12.2021 19:44:46,0.394,813.629,813.995,865.448,860.565,0.448,-0.035
01.12.2021 19:44:47,0.500,813.568,813.385,865.295,859.588,0.524,0.017
01.12.2021 19:44:48,0.608,813.232,813.690,865.447,858.734,0.617,-0.044
01.12.2021 19:44:49,0.708,813.629,813.537,866.729,859.039,0.706,0.008
01.12.2021 19:44:50,0.794,812.713,813.385,866.088,858.093,0.734,-0.065
01.12.2021 19:44:51,0.902,813.507,813.812,867.187,858.337,0.812,-0.029
01.12.2021 19:44:52,1.007,814.086,814.819,868.560,857.513,1.014,-0.071
01.12.2021 19:44:53,1.108,813.568,813.873,867.431,857.391,0.922,-0.029
01.12.2021 19:44:54,1.208,813.446,813.720,868.164,855.987,1.119,-0.026
01.12.2021 19:44:55,1.294,813.690,813.903,867.645,856.567,1.018,-0.020
01.12.2021 19:44:56,1.407,812.835,813.140,867.218,854.797,1.143,-0.029
01.12.2021 19:44:57,1.497,813.598,814.361,869.110,856.353,1.171,-0.074
01.12.2021 19:44:58,1.605,814.239,814.453,869.812,855.621,1.303,-0.020
01.12.2021 19:44:59,1.708,813.232,813.781,869.171,855.132,1.290,-0.053
01.12.2021 19:45:00,1.806,813.812,813.415,869.171,854.034,1.392,0.038
01.12.2021 19:45:01,1.907,814.392,814.239,869.750,854.278,1.422,0.014
01.12.2021 19:45:02,2.005,814.880,814.575,870.483,854.492,1.469,0.029
01.12.2021 19:45:03,2.093,813.598,814.025,870.361,854.003,1.503,-0.041
01.12.2021 19:45:04,2.206,813.934,813.720,870.513,853.118,1.599,0.020
01.12.2021 19:45:05,2.299,814.453,815.124,871.185,854.675,1.516,-0.065
01.12.2021 19:45:06,2.404,815.368,815.551,872.619,854.797,1.635,-0.017
01.12.2021 19:45:07,2.507,815.216,815.734,872.985,854.278,1.716,-0.050
01.12.2021 19:45:08,2.593,814.697,814.758,872.161,853.820,1.684,-0.005
01.12.2021 19:45:09,2.701,815.948,815.643,874.389,854.064,1.863,0.029
01.12.2021 19:45:10,2.806,815.612,815.856,874.511,854.339,1.849,-0.023
01.12.2021 19:45:11,2.902,815.032,815.399,874.633,852.508,2.030,-0.035
01.12.2021 19:45:12,2.990,816.406,816.925,876.129,853.881,2.037,-0.050
01.12.2021 19:45:14,3.093,816.040,816.528,877.136,854.125,2.106,-0.047
01.12.2021 19:45:15,3.196,816.101,815.765,877.044,852.081,2.287,0.032
01.12.2021 19:45:16,3.306,815.979,815.643,876.922,851.257,2.353,0.032
01.12.2021 19:45:17,3.392,816.131,815.734,878.143,851.562,2.435,0.038
01.12.2021 19:45:18,3.505,816.101,815.979,879.058,851.379,2.534,0.011
01.12.2021 19:45:19,3.593,817.138,817.108,880.279,851.928,2.593,0.002
01.12.2021 19:45:20,3.693,816.650,816.833,881.317,851.440,2.732,-0.017
01.12.2021 19:45:21,3.806,817.474,817.077,881.866,850.921,2.830,0.038
01.12.2021 19:45:22,3.902,816.436,816.528,881.652,849.090,2.981,-0.008
01.12.2021 19:45:23,4.000,817.382,816.955,882.751,849.365,3.054,0.041
01.12.2021 19:45:24,4.093,818.084,817.504,884.918,849.823,3.206,0.056
01.12.2021 19:45:25,4.203,817.901,817.443,884.887,848.815,3.297,0.044
01.12.2021 19:45:26,4.306,818.847,817.840,886.291,849.182,3.388,0.097
01.12.2021 19:45:27,4.392,818.359,817.596,885.803,846.557,3.590,0.073
01.12.2021 19:45:28,4.495,819.305,818.450,886.779,847.717,3.569,0.082
01.12.2021 19:45:29,4.593,818.572,817.993,886.901,845.397,3.796,0.056
01.12.2021 19:45:30,4.706,818.572,817.474,886.505,846.008,3.704,0.106
01.12.2021 19:45:31,4.794,818.481,818.023,888.092,845.214,3.920,0.044
01.12.2021 19:45:32,4.894,820.342,819.274,889.770,844.970,4.092,0.103
01.12.2021 19:45:33,5.002,818.908,818.359,889.831,843.780,4.209,0.053
01.12.2021 19:45:34,5.095,819.641,819.305,890.197,844.482,4.176,0.032
01.12.2021 19:45:35,5.208,819.793,818.511,890.472,843.353,4.306,0.123
01.12.2021 19:45:36,5.309,819.305,819.000,889.770,842.315,4.341,0.029
01.12.2021 19:45:37,5.404,819.305,818.511,890.869,841.583,4.508,0.076
01.12.2021 19:45:38,5.507,819.549,819.091,892.150,841.979,4.585,0.044
01.12.2021 19:45:39,5.603,820.404,819.549,893.157,842.163,4.657,0.082
01.12.2021 19:45:40,5.693,819.763,819.427,892.944,841.491,4.701,0.032
01.12.2021 19:45:41,5.804,821.044,820.465,894.775,841.735,4.840,0.055
01.12.2021 19:45:42,5.894,820.282,819.732,893.798,839.935,4.923,0.053
01.12.2021 19:45:43,5.992,821.655,819.885,895.477,841.186,4.954,0.170
01.12.2021 19:45:44,6.093,820.648,819.671,894.348,839.538,5.009,0.094
01.12.2021 19:45:45,6.196,821.258,820.098,894.927,839.660,5.049,0.111
01.12.2021 19:45:46,6.306,822.692,821.472,897.186,840.270,5.191,0.117
01.12.2021 19:45:47,6.404,822.906,821.197,898.162,839.141,5.383,0.164
01.12.2021 19:45:48,6.495,822.509,821.624,897.705,838.409,5.412,0.085
01.12.2021 19:45:49,6.608,823.181,821.960,898.742,838.012,5.541,0.117
01.12.2021 19:45:50,6.708,823.242,822.113,899.109,837.738,5.599,0.108
01.12.2021 19:45:51,6.806,822.753,821.960,899.505,836.975,5.706,0.076
01.12.2021 19:45:52,6.907,823.120,822.051,900.421,837.127,5.772,0.102
01.12.2021 19:45:53,7.000,823.700,822.235,901.306,836.059,5.951,0.141
01.12.2021 19:45:54,7.095,823.303,823.059,901.947,835.937,6.019,0.023
01.12.2021 19:45:55,7.201,824.005,821.807,901.763,834.411,6.147,0.211
01.12.2021 19:45:56,7.301,823.150,822.051,901.123,833.679,6.161,0.105
01.12.2021 19:45:57,7.394,823.577,821.960,902.313,833.190,6.311,0.155
01.12.2021 19:45:58,7.505,824.615,822.204,903.930,834.075,6.369,0.232
01.12.2021 19:45:59,7.600,825.347,823.333,905.059,833.526,6.520,0.193
01.12.2021 19:46:00,7.701,825.866,824.218,904.693,833.099,6.529,0.158
01.12.2021 19:46:01,7.806,825.775,823.822,905.548,832.305,6.679,0.187
01.12.2021 19:46:02,7.907,825.531,824.645,905.242,831.604,6.719,0.084
01.12.2021 19:46:03,8.005,825.866,824.035,905.914,830.658,6.867,0.175
01.12.2021 19:46:04,8.105,827.209,825.164,906.951,831.634,6.865,0.196
01.12.2021 19:46:05,8.198,826.568,824.462,906.860,831.085,6.909,0.202
01.12.2021 19:46:06,8.294,827.636,825.439,908.783,830.444,7.138,0.210
01.12.2021 19:46:07,8.392,828.613,826.660,909.515,830.993,7.149,0.186
01.12.2021 19:46:08,8.492,828.002,826.141,909.942,830.169,7.265,0.178
01.12.2021 19:46:09,8.593,828.216,826.354,909.881,828.979,7.373,0.178
01.12.2021 19:46:10,8.696,829.284,827.300,910.919,830.322,7.335,0.189
01.12.2021 19:46:11,8.796,829.223,826.599,911.193,828.613,7.522,0.251
01.12.2021 19:46:12,8.892,828.796,826.690,911.834,828.979,7.542,0.201
01.12.2021 19:46:13,9.005,828.308,826.324,911.346,827.362,7.654,0.189
01.12.2021 19:46:14,9.105,829.040,827.026,913.055,827.972,7.744,0.192
01.12.2021 19:46:15,9.208,829.467,827.606,913.696,827.240,7.870,0.178
01.12.2021 19:46:16,9.294,829.345,827.453,913.208,826.599,7.889,0.180
01.12.2021 19:46:17,9.407,829.895,827.087,914.092,825.866,8.035,0.268
01.12.2021 19:46:18,9.502,830.078,827.606,914.916,826.232,8.071,0.236
01.12.2021 19:46:19,9.608,829.406,828.155,916.046,826.293,8.163,0.119
01.12.2021 19:46:20,9.693,830.749,828.094,917.175,825.225,8.363,0.253
01.12.2021 19:46:21,9.809,830.627,828.643,917.907,825.073,8.440,0.189
01.12.2021 19:46:22,9.892,831.237,828.216,917.602,823.181,8.595,0.288
01.12.2021 19:46:23,10.002,831.787,828.796,919.189,823.608,8.691,0.285
01.12.2021 19:46:24,10.108,832.336,829.284,920.196,823.150,8.821,0.291
01.12.2021 19:46:25,10.193,831.726,829.284,919.738,822.113,8.882,0.232
01.12.2021 19:46:26,10.294,832.183,829.162,921.508,821.258,9.116,0.288
01.12.2021 19:46:27,10.399,832.183,830.230,921.844,821.014,9.168,0.186
01.12.2021 19:46:28,10.497,833.435,830.749,923.645,820.800,9.343,0.255
01.12.2021 19:46:29,10.603,833.618,830.596,924.041,819.641,9.488,0.287
01.12.2021 19:46:30,10.698,833.770,830.383,923.675,818.572,9.560,0.322
01.12.2021 19:46:31,10.809,833.282,830.810,924.652,818.664,9.634,0.235
01.12.2021 19:46:32,10.894,834.686,831.207,926.361,818.298,9.816,0.330
01.12.2021 19:46:33,10.995,834.442,831.756,926.635,817.871,9.880,0.255
01.12.2021 19:46:34,11.095,834.503,831.146,927.337,816.711,10.052,0.319
01.12.2021 19:46:35,11.203,835.357,831.878,928.649,815.856,10.246,0.330
01.12.2021 19:46:36,11.294,835.174,832.000,928.466,814.666,10.346,0.301
01.12.2021 19:46:37,11.404,834.655,830.902,928.436,814.086,10.399,0.357
01.12.2021 19:46:38,11.502,834.991,831.970,929.321,814.178,10.466,0.287
01.12.2021 19:46:39,11.598,834.960,832.031,929.168,812.988,10.568,0.278
01.12.2021 19:46:40,11.703,835.876,833.099,930.877,812.530,10.757,0.263
01.12.2021 19:46:41,11.806,836.059,832.183,931.457,811.553,10.901,0.368
01.12.2021 19:46:42,11.904,836.242,832.916,931.610,810.577,11.009,0.315
01.12.2021 19:46:43,12.002,837.158,833.709,932.739,810.302,11.132,0.327
01.12.2021 19:46:44,12.103,837.676,833.801,932.861,810.058,11.166,0.367
01.12.2021 19:46:45,12.206,836.761,833.435,933.899,809.082,11.348,0.315
01.12.2021 19:46:46,12.301,836.517,833.618,934.082,807.678,11.501,0.275
01.12.2021 19:46:47,12.397,837.280,833.984,934.844,807.525,11.580,0.312
01.12.2021 19:46:48,12.502,838.165,834.258,936.248,806.701,11.779,0.370
01.12.2021 19:46:49,12.603,838.775,834.838,936.492,806.274,11.841,0.372
01.12.2021 19:46:50,12.703,838.256,833.801,935.699,804.016,11.995,0.422
01.12.2021 19:46:51,12.809,839.477,835.571,938.598,804.962,12.146,0.369
01.12.2021 19:46:52,12.897,838.012,833.923,937.194,802.215,12.298,0.387
01.12.2021 19:46:53,12.995,839.294,835.479,938.751,802.947,12.356,0.360
01.12.2021 19:46:54,13.095,838.836,834.625,939.208,801.635,12.524,0.398
01.12.2021 19:46:55,13.193,839.385,835.815,940.277,800.659,12.709,0.337
01.12.2021 19:46:56,13.304,839.507,835.296,940.063,799.011,12.853,0.398
01.12.2021 19:46:57,13.407,838.592,834.930,940.033,798.217,12.929,0.346
01.12.2021 19:46:58,13.505,838.775,834.533,940.734,797.393,13.069,0.401
01.12.2021 19:47:00,13.600,839.294,835.021,941.467,796.813,13.188,0.404
01.12.2021 19:47:01,13.703,839.965,835.815,942.474,796.325,13.320,0.392
01.12.2021 19:47:02,13.801,839.630,835.479,942.382,794.982,13.445,0.392
01.12.2021 19:47:03,13.894,840.545,836.547,942.993,794.616,13.532,0.377
01.12.2021 19:47:04,13.997,839.782,835.601,943.267,793.121,13.703,0.395
01.12.2021 19:47:05,14.108,840.362,836.212,943.542,792.419,13.796,0.392
01.12.2021 19:47:06,14.198,839.782,835.876,944.427,791.778,13.933,0.369
01.12.2021 19:47:07,14.299,840.667,836.639,945.526,791.717,14.031,0.380
01.12.2021 19:47:08,14.392,841.247,837.036,945.861,790.832,14.146,0.397
01.12.2021 19:47:09,14.500,841.278,836.517,946.105,789.825,14.267,0.449
01.12.2021 19:47:10,14.605,840.759,836.639,946.106,788.665,14.382,0.389
01.12.2021 19:47:11,14.698,841.949,837.493,947.113,788.116,14.521,0.420
01.12.2021 19:47:12,14.809,841.003,836.944,947.235,787.322,14.610,0.383
01.12.2021 19:47:13,14.897,841.339,836.944,947.875,786.743,14.721,0.414
01.12.2021 19:47:14,15.002,841.766,837.463,948.028,786.376,14.770,0.406
01.12.2021 19:47:15,15.108,842.102,837.890,949.188,785.583,14.945,0.397
01.12.2021 19:47:16,15.198,842.529,837.982,949.493,784.820,15.047,0.428
01.12.2021 19:47:17,15.309,843.231,837.890,949.645,784.240,15.118,0.503
01.12.2021 19:47:18,15.399,842.803,838.226,950.195,783.294,15.258,0.431
01.12.2021 19:47:19,15.500,842.895,838.439,951.385,783.111,15.374,0.419
01.12.2021 19:47:20,15.605,842.590,837.768,950.958,780.975,15.554,0.454
01.12.2021 19:47:21,15.708,842.071,837.951,951.355,780.578,15.626,0.388
01.12.2021 19:47:22,15.806,843.078,838.439,952.270,779.205,15.840,0.437
01.12.2021 19:47:23,15.902,842.590,837.554,952.667,778.686,15.925,0.474
01.12.2021 19:47:24,16.007,843.139,837.829,952.423,777.038,16.071,0.500
01.12.2021 19:47:25,16.098,842.620,837.127,952.911,775.695,16.247,0.518
01.12.2021 19:47:26,16.206,843.078,837.280,953.979,775.665,16.338,0.546
01.12.2021 19:47:27,16.306,842.865,836.761,954.620,774.322,16.526,0.575
01.12.2021 19:47:28,16.402,843.505,837.768,955.413,773.498,16.675,0.540
01.12.2021 19:47:29,16.502,843.780,837.890,955.413,772.125,16.814,0.555
01.12.2021 19:47:30,16.603,844.543,839.202,957.275,770.996,17.081,0.502
01.12.2021 19:47:31,16.696,843.811,838.317,956.054,769.836,17.099,0.517
01.12.2021 19:47:32,16.801,842.529,837.493,956.695,767.608,17.378,0.474
01.12.2021 19:47:33,16.894,843.811,838.684,958.434,767.608,17.520,0.482
01.12.2021 19:47:34,17.002,844.665,839.050,959.411,766.967,17.665,0.528
01.12.2021 19:47:35,17.103,843.994,837.982,958.984,764.831,17.849,0.566
01.12.2021 19:47:36,17.198,844.085,838.592,959.838,764.068,17.997,0.517
01.12.2021 19:47:37,17.299,844.634,838.897,960.662,762.817,18.192,0.540
01.12.2021 19:47:38,17.394,844.146,838.043,960.357,761.779,18.273,0.575
01.12.2021 19:47:39,17.507,843.627,838.317,961.547,759.948,18.558,0.500
01.12.2021 19:47:40,17.605,843.750,837.463,960.540,758.666,18.608,0.592
01.12.2021 19:47:41,17.708,843.170,837.249,961.395,757.080,18.842,0.558
01.12.2021 19:47:42,17.799,844.604,838.195,962.799,757.263,18.937,0.603
01.12.2021 19:47:43,17.907,843.994,837.768,962.341,755.676,19.063,0.586
01.12.2021 19:47:44,17.997,844.604,838.439,963.134,754.211,19.279,0.580
01.12.2021 19:47:45,18.098,844.634,838.073,963.683,753.967,19.349,0.617
01.12.2021 19:47:46,18.203,843.780,837.646,963.409,752.471,19.482,0.578
01.12.2021 19:47:47,18.304,843.627,838.348,963.928,751.068,19.669,0.497
01.12.2021 19:47:48,18.392,844.818,838.531,965.240,750.274,19.858,0.591
01.12.2021 19:47:49,18.492,844.238,837.829,965.026,748.657,20.009,0.603
01.12.2021 19:47:50,18.608,844.482,838.470,965.026,747.161,20.165,0.566
01.12.2021 19:47:51,18.703,844.055,838.409,965.515,745.544,20.373,0.531
01.12.2021 19:47:52,18.806,844.207,838.348,965.820,745.300,20.423,0.551
01.12.2021 19:47:53,18.897,844.329,838.348,965.881,743.865,20.578,0.563
01.12.2021 19:47:54,19.000,844.207,838.317,966.461,742.767,20.740,0.554
01.12.2021 19:47:55,19.108,844.421,837.829,966.339,741.394,20.875,0.620
01.12.2021 19:47:56,19.206,844.055,837.951,966.522,739.868,21.050,0.575
01.12.2021 19:47:57,19.296,843.750,837.676,966.308,738.128,21.216,0.572
01.12.2021 19:47:58,19.394,843.078,836.853,966.308,736.511,21.386,0.587
01.12.2021 19:47:59,19.505,843.536,837.890,966.888,736.694,21.414,0.532
01.12.2021 19:48:00,19.605,843.994,837.371,967.223,735.260,21.592,0.624
01.12.2021 19:48:01,19.703,843.750,837.463,967.010,735.229,21.578,0.592
01.12.2021 19:48:02,19.806,843.780,837.371,967.407,733.367,21.807,0.604
01.12.2021 19:48:03,19.897,843.536,837.493,967.468,731.811,21.977,0.569
01.12.2021 19:48:04,20.005,843.200,836.669,966.583,730.072,22.091,0.616
01.12.2021 19:48:05,20.100,842.712,836.395,966.674,729.156,22.196,0.596
01.12.2021 19:48:06,20.193,842.681,835.388,966.705,727.294,22.397,0.688
01.12.2021 19:48:07,20.294,841.644,835.601,966.827,726.715,22.469,0.570
01.12.2021 19:48:08,20.402,842.193,835.907,967.040,726.165,22.545,0.593
01.12.2021 19:48:09,20.500,842.376,836.547,968.261,725.799,22.682,0.550
01.12.2021 19:48:10,20.600,841.400,834.838,966.216,722.747,22.845,0.620
01.12.2021 19:48:11,20.701,841.644,835.296,967.010,723.052,22.876,0.599
01.12.2021 19:48:12,20.806,842.193,836.090,968.200,722.534,23.027,0.576
01.12.2021 19:48:13,20.904,841.186,834.533,967.346,721.466,23.073,0.629
01.12.2021 19:48:14,21.007,841.278,834.747,968.109,720.031,23.288,0.617
01.12.2021 19:48:15,21.095,840.606,834.075,967.651,718.933,23.370,0.618
01.12.2021 19:48:16,21.208,840.972,834.655,967.620,718.200,23.447,0.597
01.12.2021 19:48:17,21.294,841.247,834.045,967.346,716.949,23.560,0.681
01.12.2021 19:48:18,21.394,840.270,834.014,967.559,716.125,23.666,0.592
01.12.2021 19:48:19,21.495,840.759,833.404,968.078,715.301,23.797,0.696
01.12.2021 19:48:20,21.600,839.843,834.075,967.743,714.447,23.862,0.546
01.12.2021 19:48:21,21.703,840.606,833.282,967.956,712.921,24.045,0.693
01.12.2021 19:48:22,21.794,839.782,833.129,968.627,711.486,24.255,0.630
01.12.2021 19:48:23,21.894,839.965,833.129,968.292,711.242,24.254,0.647
01.12.2021 19:48:24,21.995,840.393,833.129,968.994,709.442,24.506,0.687
01.12.2021 19:48:25,22.100,840.148,833.221,968.872,708.648,24.583,0.656
01.12.2021 19:48:26,22.201,840.240,831.848,968.597,707.580,24.678,0.795
01.12.2021 19:48:27,22.294,839.050,832.061,968.536,705.841,24.863,0.662
01.12.2021 19:48:28,22.407,840.118,832.397,970.062,705.780,24.992,0.731
01.12.2021 19:48:29,22.500,839.325,831.970,969.146,703.704,25.146,0.697
01.12.2021 19:48:30,22.603,839.630,832.336,969.665,702.819,25.285,0.691
01.12.2021 19:48:31,22.701,839.721,831.634,969.177,701.141,25.431,0.766
01.12.2021 19:48:32,22.799,839.538,831.512,969.970,701.232,25.484,0.761
01.12.2021 19:48:33,22.907,839.019,831.573,970.123,699.371,25.701,0.706
01.12.2021 19:48:34,22.995,838.562,831.512,969.634,699.218,25.679,0.668
01.12.2021 19:48:35,23.100,837.860,830.596,970.123,696.929,25.971,0.689
01.12.2021 19:48:36,23.198,837.524,830.718,969.116,696.166,25.975,0.646
01.12.2021 19:48:37,23.296,838.134,830.230,970.123,694.580,26.231,0.750
01.12.2021 19:48:38,23.397,837.249,830.047,970.153,693.725,26.328,0.684
01.12.2021 19:48:39,23.505,836.883,829.162,970.306,692.260,26.503,0.734
01.12.2021 19:48:40,23.598,837.371,829.467,970.520,692.108,26.537,0.751
01.12.2021 19:48:41,23.698,837.066,829.772,971.252,691.162,26.701,0.693
01.12.2021 19:48:42,23.801,837.005,829.345,971.466,689.910,26.857,0.728
01.12.2021 19:48:43,23.902,836.639,828.979,971.405,688.385,27.023,0.728
01.12.2021 19:48:44,24.000,836.914,828.826,971.740,687.377,27.162,0.769
01.12.2021 19:48:46,24.108,836.181,827.758,970.764,686.737,27.156,0.802
01.12.2021 19:48:47,24.208,835.510,827.880,971.191,685.729,27.303,0.726
01.12.2021 19:48:48,24.304,835.876,828.125,971.466,684.906,27.417,0.738
01.12.2021 19:48:49,24.392,836.029,827.819,971.527,683.837,27.542,0.781
01.12.2021 19:48:50,24.507,836.425,828.643,972.900,683.807,27.654,0.740
01.12.2021 19:48:51,24.605,835.601,827.606,972.686,681.701,27.874,0.761
01.12.2021 19:48:52,24.701,835.113,826.934,972.106,680.419,27.972,0.779
01.12.2021 19:48:53,24.794,834.930,826.843,971.557,680.175,27.957,0.771
01.12.2021 19:48:54,24.894,835.113,827.209,972.350,679.534,28.092,0.753
01.12.2021 19:48:55,25.000,834.686,826.873,972.381,678.558,28.204,0.745
01.12.2021 19:48:56,25.108,834.564,827.056,972.625,677.307,28.365,0.716
01.12.2021 19:48:57,25.193,834.014,825.988,971.954,675.750,28.489,0.766
01.12.2021 19:48:58,25.306,833.709,825.378,971.771,673.919,28.682,0.795
01.12.2021 19:48:59,25.407,834.442,826.660,972.167,673.736,28.734,0.742
01.12.2021 19:49:00,25.497,833.251,824.829,971.191,672.729,28.772,0.805
01.12.2021 19:49:01,25.593,833.251,825.225,971.588,671.752,28.915,0.766
01.12.2021 19:49:02,25.701,833.099,825.134,971.984,671.478,28.977,0.761
01.12.2021 19:49:03,25.804,833.160,824.981,971.740,670.135,29.111,0.781
01.12.2021 19:49:04,25.894,833.312,825.531,971.405,669.311,29.179,0.743
01.12.2021 19:49:05,26.000,832.244,824.676,971.130,668.029,29.304,0.723
01.12.2021 19:49:06,26.098,831.848,824.432,970.672,667.785,29.296,0.709
01.12.2021 19:49:07,26.193,832.000,824.584,971.221,666.931,29.437,0.709
01.12.2021 19:49:08,26.296,832.061,824.340,970.733,666.137,29.490,0.738
01.12.2021 19:49:09,26.404,830.871,822.814,970.153,665.374,29.532,0.772
01.12.2021 19:49:10,26.505,831.237,823.608,970.642,664.337,29.690,0.730
01.12.2021 19:49:11,26.608,830.841,822.479,969.329,663.360,29.699,0.801
01.12.2021 19:49:12,26.706,830.749,823.089,969.818,663.391,29.734,0.734
01.12.2021 19:49:13,26.806,829.101,821.166,968.475,661.926,29.797,0.761
01.12.2021 19:49:14,26.907,829.803,822.418,970.153,662.414,29.873,0.708
01.12.2021 19:49:15,26.995,828.674,821.563,968.566,661.132,29.896,0.682
01.12.2021 19:49:16,27.105,829.681,821.136,969.482,661.285,29.950,0.820
01.12.2021 19:49:17,27.196,828.582,820.648,968.536,660.278,29.992,0.762
01.12.2021 19:49:18,27.306,828.979,820.922,968.261,659.454,30.066,0.773
01.12.2021 19:49:19,27.392,828.338,820.373,968.871,659.057,30.160,0.765
01.12.2021 19:49:20,27.497,828.002,819.854,968.872,658.325,30.245,0.783
01.12.2021 19:49:21,27.605,828.216,820.129,969.757,657.623,30.396,0.777
01.12.2021 19:49:22,27.698,826.965,819.183,968.963,656.860,30.422,0.749
01.12.2021 19:49:23,27.809,827.453,818.969,969.085,655.883,30.545,0.816
01.12.2021 19:49:24,27.892,826.568,818.511,968.444,654.693,30.633,0.776
01.12.2021 19:49:25,28.000,825.836,817.840,968.475,653.839,30.735,0.770
01.12.2021 19:49:26,28.093,826.232,818.481,968.872,654.296,30.713,0.746
01.12.2021 19:49:27,28.198,826.904,818.359,970.031,654.144,30.822,0.823
01.12.2021 19:49:28,28.306,825.683,817.749,969.604,652.099,31.027,0.765
01.12.2021 19:49:29,28.392,825.927,817.138,968.963,651.245,31.077,0.847
01.12.2021 19:49:30,28.507,825.378,817.871,970.062,651.336,31.152,0.724
01.12.2021 19:49:31,28.598,824.432,816.284,968.444,649.139,31.283,0.787
01.12.2021 19:49:32,28.708,823.700,815.734,968.383,647.521,31.468,0.769
01.12.2021 19:49:33,28.796,824.157,815.887,968.932,648.345,31.414,0.799
01.12.2021 19:49:34,28.904,823.364,815.460,969.726,646.789,31.659,0.764
01.12.2021 19:49:35,29.007,822.448,814.910,968.353,645.477,31.706,0.729
01.12.2021 19:49:36,29.105,822.753,814.697,969.116,644.958,31.827,0.779
01.12.2021 19:49:37,29.206,822.662,814.239,969.238,644.073,31.941,0.815
01.12.2021 19:49:38,29.296,821.746,813.537,968.353,642.761,32.027,0.795
01.12.2021 19:49:39,29.394,822.875,813.812,969.573,642.730,32.126,0.877
01.12.2021 19:49:40,29.495,821.685,813.293,968.750,641.998,32.148,0.813
01.12.2021 19:49:41,29.598,821.746,812.805,969.513,641.021,32.323,0.866
01.12.2021 19:49:42,29.698,821.197,813.201,969.695,640.563,32.392,0.775
01.12.2021 19:49:43,29.794,821.441,812.744,970.031,639.190,32.581,0.843
01.12.2021 19:49:44,29.902,820.953,812.713,969.909,638.702,32.630,0.799
01.12.2021 19:49:45,30.007,821.594,812.561,970.306,637.573,32.795,0.876
01.12.2021 19:49:46,30.108,820.220,811.645,969.574,637.237,32.778,0.832
01.12.2021 19:49:47,30.206,820.159,811.218,970.062,636.688,32.881,0.868
01.12.2021 19:49:48,30.301,819.458,810.943,970.123,635.650,33.010,0.827
01.12.2021 19:49:49,30.402,818.634,809.906,968.536,634.460,33.028,0.849
01.12.2021 19:49:50,30.500,819.152,810.485,969.818,634.002,33.182,0.842
01.12.2021 19:49:51,30.603,819.030,809.600,968.688,632.751,33.244,0.917
01.12.2021 19:49:52,30.696,818.054,808.959,967.712,631.713,33.292,0.885
01.12.2021 19:49:53,30.806,817.169,808.410,968.231,631.286,33.384,0.853
01.12.2021 19:49:54,30.904,817.169,808.227,968.383,630.126,33.535,0.871
01.12.2021 19:49:55,31.002,816.467,807.220,967.041,629.608,33.492,0.902
01.12.2021 19:49:56,31.100,816.833,808.135,968.322,629.333,33.625,0.848
01.12.2021 19:49:57,31.198,816.925,807.250,967.163,627.746,33.726,0.943
01.12.2021 19:49:58,31.299,815.490,806.793,966.003,626.922,33.734,0.849
01.12.2021 19:49:59,31.399,815.551,806.152,965.240,625.488,33.848,0.918
01.12.2021 19:50:00,31.497,813.964,804.962,965.240,625.183,33.885,0.881
01.12.2021 19:50:01,31.605,814.300,805.053,965.149,624.389,33.974,0.904
01.12.2021 19:50:02,31.698,812.683,804.351,963.684,622.955,34.033,0.816
01.12.2021 19:50:03,31.796,813.262,803.375,962.921,622.131,34.073,0.969
01.12.2021 19:50:04,31.899,812.500,803.283,962.921,621.002,34.210,0.903
01.12.2021 19:50:05,32.005,812.591,802.337,960.632,619.812,34.175,1.006
01.12.2021 19:50:06,32.098,811.889,801.361,960.571,619.232,34.241,1.034
01.12.2021 19:50:07,32.208,811.431,801.422,960.083,618.865,34.247,0.983
01.12.2021 19:50:08,32.294,810.546,801.605,960.083,618.072,34.344,0.878
01.12.2021 19:50:09,32.407,809.722,800.079,957.855,616.607,34.348,0.949
01.12.2021 19:50:10,32.502,809.539,799.957,957.885,616.119,34.410,0.943
01.12.2021 19:50:11,32.600,809.631,800.109,957.183,614.959,34.497,0.937
01.12.2021 19:50:12,32.698,809.631,799.774,956.298,614.349,34.502,0.970
01.12.2021 19:50:13,32.794,808.349,798.553,955.535,613.525,34.543,0.966
01.12.2021 19:50:14,32.902,807.769,798.309,955.108,613.311,34.536,0.933
01.12.2021 19:50:15,33.005,807.617,797.698,954.894,612.548,34.613,0.979
01.12.2021 19:50:16,33.105,806.762,796.783,954.162,611.206,34.721,0.986
01.12.2021 19:50:17,33.203,806.457,796.386,953.216,610.565,34.725,0.995
01.12.2021 19:50:18,33.299,806.213,796.325,953.338,609.771,34.833,0.977
01.12.2021 19:50:19,33.399,805.419,795.288,952.057,609.313,34.788,1.003
01.12.2021 19:50:20,33.500,804.412,794.250,951.202,608.062,34.875,1.007
01.12.2021 19:50:21,33.593,804.687,795.288,952.026,608.581,34.876,0.931
01.12.2021 19:50:22,33.708,803.710,793.518,950.408,606.964,34.949,1.011
01.12.2021 19:50:23,33.804,803.955,792.602,949.645,606.170,34.987,1.126
01.12.2021 19:50:24,33.902,802.612,792.327,948.913,605.651,34.993,1.021
01.12.2021 19:50:25,33.997,801.940,791.687,947.509,604.461,35.030,1.019
01.12.2021 19:50:26,34.095,800.933,790.863,947.540,604.461,35.032,1.002
01.12.2021 19:50:27,34.203,800.628,790.008,947.326,603.088,35.186,1.058
01.12.2021 19:50:28,34.294,800.354,790.435,947.235,602.966,35.194,0.988
01.12.2021 19:50:29,34.392,799.377,788.696,945.617,601.623,35.234,1.065
01.12.2021 19:50:30,34.500,798.675,788.513,945.495,600.555,35.358,1.014
01.12.2021 19:50:32,34.598,798.095,787.872,944.518,599.914,35.360,1.021
01.12.2021 19:50:33,34.693,796.997,786.712,943.786,598.663,35.459,1.029
01.12.2021 19:50:34,34.794,796.722,785.827,943.420,598.144,35.495,1.091
01.12.2021 19:50:35,34.892,795.806,785.766,942.840,597.259,35.560,1.006
01.12.2021 19:50:36,34.995,795.745,785.217,942.352,596.618,35.602,1.055
01.12.2021 19:50:37,35.100,794.494,783.782,941.802,595.336,35.720,1.075
01.12.2021 19:50:38,35.196,793.487,783.630,941.284,594.055,35.841,0.990
01.12.2021 19:50:39,35.304,794.403,783.691,941.284,593.688,35.887,1.075
01.12.2021 19:50:40,35.394,792.633,782.196,939.910,591.979,35.994,1.050
01.12.2021 19:50:41,35.497,791.839,781.158,939.331,591.339,36.029,1.076
01.12.2021 19:50:42,35.593,791.229,781.158,940.093,590.209,36.234,1.015
01.12.2021 19:50:43,35.693,790.740,780.181,938.690,589.660,36.191,1.065
01.12.2021 19:50:44,35.809,789.794,778.930,938.018,588.104,36.336,1.097
01.12.2021 19:50:45,35.892,788.696,778.533,937.347,586.944,36.430,1.027
01.12.2021 19:50:46,36.002,787.780,777.862,936.492,585.388,36.561,1.003
01.12.2021 19:50:47,36.093,788.177,777.221,936.859,585.021,36.637,1.109
01.12.2021 19:50:48,36.193,786.773,776.947,936.645,584.411,36.699,0.995
01.12.2021 19:50:49,36.296,786.437,776.458,936.218,583.740,36.751,1.011
01.12.2021 19:50:50,36.397,784.454,775.482,934.600,581.848,36.864,0.911
01.12.2021 19:50:51,36.492,784.240,773.864,934.356,580.688,36.994,1.055
01.12.2021 19:50:52,36.593,783.782,773.559,933.319,580.047,36.994,1.040
01.12.2021 19:50:53,36.693,783.386,772.735,932.739,578.765,37.113,1.084
01.12.2021 19:50:54,36.799,781.250,771.575,931.304,577.453,37.168,0.987
01.12.2021 19:50:55,36.907,781.341,770.812,930.969,576.232,37.299,1.074
01.12.2021 19:50:56,36.995,781.097,770.568,930.389,575.866,37.300,1.075
01.12.2021 19:50:57,37.105,780.181,769.683,929.290,574.005,37.454,1.073
01.12.2021 19:50:58,37.208,778.961,767.761,928.314,572.845,37.527,1.147
01.12.2021 19:50:59,37.301,777.709,766.265,925.933,570.831,37.598,1.174
01.12.2021 19:51:00,37.392,777.526,765.747,926.117,570.892,37.605,1.209
01.12.2021 19:51:01,37.492,775.329,765.075,924.285,569.305,37.665,1.054
01.12.2021 19:51:02,37.595,775.451,764.617,924.316,568.634,37.756,1.114
01.12.2021 19:51:03,37.706,774.200,763.275,922.332,567.047,37.804,1.126
01.12.2021 19:51:04,37.799,773.620,762.115,921.936,566.009,37.909,1.187
01.12.2021 19:51:05,37.894,773.284,762.847,921.569,564.971,38.016,1.076
01.12.2021 19:51:06,38.005,771.209,760.040,918.640,562.774,38.069,1.155
01.12.2021 19:51:07,38.108,770.904,759.826,918.579,562.500,38.101,1.146
01.12.2021 19:51:08,38.206,769.226,758.331,916.809,561.065,38.147,1.130
01.12.2021 19:51:09,38.301,769.287,758.087,916.412,559.997,38.257,1.162
01.12.2021 19:51:10,38.399,768.676,757.568,914.855,559.051,38.257,1.153
01.12.2021 19:51:11,38.500,767.242,756.378,913.940,557.617,38.374,1.130
01.12.2021 19:51:12,38.593,767.669,756.683,913.146,557.586,38.313,1.142
01.12.2021 19:51:13,38.693,766.387,754.516,911.926,555.633,38.475,1.236
01.12.2021 19:51:14,38.809,764.251,753.631,910.034,554.412,38.484,1.108
01.12.2021 19:51:15,38.892,763.580,752.227,909.210,552.764,38.638,1.186
01.12.2021 19:51:16,38.992,763.122,752.227,909.057,552.642,38.642,1.139
01.12.2021 19:51:17,39.103,762.512,751.403,907.897,551.666,38.679,1.162
01.12.2021 19:51:18,39.203,760.803,749.481,905.639,549.713,38.758,1.188
01.12.2021 19:51:19,39.304,760.772,748.870,905.425,549.102,38.823,1.249
01.12.2021 19:51:20,39.407,759.490,747.924,903.625,548.187,38.799,1.215
01.12.2021 19:51:21,39.500,758.361,747.222,902.832,547.546,38.821,1.172
01.12.2021 19:51:22,39.593,757.476,746.856,902.404,546.783,38.889,1.118
01.12.2021 19:51:23,39.696,756.713,745.788,900.817,546.081,38.854,1.152
01.12.2021 19:51:24,39.806,755.828,745.178,900.299,544.769,38.990,1.124
01.12.2021 19:51:25,39.894,755.432,744.873,899.261,543.853,39.029,1.115
01.12.2021 19:51:26,39.992,754.791,742.950,898.315,542.510,39.135,1.252
01.12.2021 19:51:27,40.098,753.387,742.645,897.796,542.175,39.138,1.137
01.12.2021 19:51:28,40.198,752.532,741.607,897.094,541.656,39.151,1.158
01.12.2021 19:51:29,40.301,751.281,740.905,895.996,540.100,39.274,1.101
01.12.2021 19:51:30,40.394,751.739,740.692,895.935,539.855,39.303,1.173
01.12.2021 19:51:31,40.507,750.518,739.837,895.385,538.421,39.455,1.135
01.12.2021 19:51:32,40.605,750.091,738.586,894.012,537.567,39.459,1.224
01.12.2021 19:51:33,40.706,748.199,737.579,892.547,535.980,39.557,1.132
01.12.2021 19:51:34,40.794,747.467,736.846,892.059,535.003,39.651,1.133
01.12.2021 19:51:35,40.894,746.215,735.229,891.082,533.905,39.723,1.175
01.12.2021 19:51:36,40.992,745.758,735.168,890.533,533.294,39.762,1.133
01.12.2021 19:51:37,41.100,745.269,734.588,890.655,532.348,39.904,1.143
01.12.2021 19:51:38,41.198,744.262,733.703,889.404,531.127,39.970,1.132
01.12.2021 19:51:39,41.309,743.530,732.055,888.397,529.663,40.091,1.232
01.12.2021 19:51:40,41.407,742.675,731.048,887.664,528.656,40.171,1.250
01.12.2021 19:51:41,41.505,741.577,730.438,887.176,527.832,40.245,1.199
01.12.2021 19:51:42,41.605,739.898,729.003,886.352,526.428,40.374,1.175
01.12.2021 19:51:43,41.703,740.142,730.102,887.390,526.245,40.486,1.082
01.12.2021 19:51:44,41.809,738.677,727.416,885.772,523.406,40.752,1.217
01.12.2021 19:51:45,41.899,737.976,727.020,885.253,523.315,40.721,1.185
01.12.2021 19:51:46,41.992,737.701,726.470,884.796,522.674,40.774,1.215
01.12.2021 19:51:47,42.095,735.626,723.968,883.331,520.568,40.950,1.265
01.12.2021 19:51:48,42.201,735.076,723.419,883.331,519.775,41.063,1.266
01.12.2021 19:51:49,42.306,734.100,723.052,882.720,518.707,41.163,1.201
01.12.2021 19:51:50,42.394,733.428,722.290,882.232,518.005,41.223,1.212
01.12.2021 19:51:51,42.502,732.666,721.679,881.530,516.510,41.377,1.197
01.12.2021 19:51:52,42.598,731.903,719.940,880.157,514.923,41.489,1.305
01.12.2021 19:51:53,42.701,730.865,719.818,880.218,513.885,41.643,1.206
01.12.2021 19:51:54,42.804,729.492,717.590,878.448,512.023,41.763,1.303
01.12.2021 19:51:55,42.897,729.095,717.926,879.242,512.084,41.820,1.223
01.12.2021 19:51:56,43.007,727.020,716.278,877.258,510.040,41.949,1.179
01.12.2021 19:51:57,43.105,726.837,715.576,877.258,509.124,42.081,1.237
01.12.2021 19:51:58,43.196,726.470,715.240,876.891,508.605,42.125,1.234
01.12.2021 19:51:59,43.301,724.548,712.829,874.694,506.683,42.220,1.292
01.12.2021 19:52:00,43.404,722.839,711.334,872.619,505.004,42.289,1.271
01.12.2021 19:52:01,43.507,722.534,710.815,872.650,504.913,42.305,1.295
01.12.2021 19:52:02,43.593,720.886,709.808,871.887,502.990,42.521,1.227
01.12.2021 19:52:03,43.708,720.001,708.557,870.941,502.014,42.584,1.269
01.12.2021 19:52:04,43.809,718.536,707.000,869.262,500.732,42.630,1.282
01.12.2021 19:52:05,43.892,718.231,706.878,868.774,500.335,42.647,1.262
01.12.2021 19:52:06,44.005,717.193,705.780,867.004,498.657,42.744,1.271
01.12.2021 19:52:07,44.095,715.759,704.071,865.234,497.467,42.770,1.304
01.12.2021 19:52:08,44.203,715.759,704.162,865.753,497.070,42.873,1.294
01.12.2021 19:52:09,44.296,713.623,702.056,863.861,495.819,42.897,1.294
01.12.2021 19:52:10,44.402,712.280,701.049,862.609,494.812,42.940,1.259
01.12.2021 19:52:11,44.497,711.334,700.195,861.022,493.408,43.013,1.250
01.12.2021 19:52:12,44.593,710.449,699.096,860.199,492.156,43.129,1.276
01.12.2021 19:52:13,44.693,708.984,697.479,858.398,490.386,43.240,1.296
01.12.2021 19:52:14,44.799,708.435,696.960,856.994,490.356,43.124,1.293
01.12.2021 19:52:15,44.892,707.214,696.472,856.658,489.379,43.242,1.212
01.12.2021 19:52:16,44.995,707.214,695.129,855.621,488.159,43.336,1.365
01.12.2021 19:52:18,45.103,706.268,694.427,855.377,487.762,43.375,1.339
01.12.2021 19:52:19,45.196,704.406,692.443,852.935,486.114,43.413,1.357
01.12.2021 19:52:20,45.296,704.315,691.467,851.715,485.748,43.364,1.458
01.12.2021 19:52:21,45.392,702.697,690.399,849.883,484.252,43.432,1.399
01.12.2021 19:52:22,45.500,701.019,688.720,849.304,484.100,43.405,1.402
01.12.2021 19:52:23,45.605,699.920,687.835,848.205,482.604,43.537,1.380
01.12.2021 19:52:24,45.708,699.157,687.286,846.374,481.658,43.522,1.356
01.12.2021 19:52:25,45.804,698.730,686.645,846.557,481.292,43.594,1.382
01.12.2021 19:52:26,45.904,697.326,685.394,845.306,480.712,43.574,1.367
01.12.2021 19:52:27,45.995,697.082,684.204,843.994,479.614,43.628,1.477
01.12.2021 19:52:28,46.103,694.091,681.915,841.613,478.057,43.659,1.402
01.12.2021 19:52:29,46.208,693.695,681.182,840.484,477.264,43.682,1.442
01.12.2021 19:52:30,46.294,692.901,680.938,839.904,477.294,43.627,1.379
01.12.2021 19:52:31,46.407,691.406,679.016,838.989,475.646,43.800,1.432
01.12.2021 19:52:32,46.500,690.826,678.619,837.646,474.914,43.796,1.412
01.12.2021 19:52:33,46.595,689.208,677.124,836.547,474.182,43.813,1.401
01.12.2021 19:52:34,46.703,687.805,675.598,834.533,473.083,43.806,1.418
01.12.2021 19:52:35,46.796,686.492,674.468,833.465,472.290,43.835,1.400
01.12.2021 19:52:36,46.894,685.485,672.973,832.427,471.771,43.824,1.459
01.12.2021 19:52:37,47.005,684.417,672.271,831.542,470.886,43.884,1.418
01.12.2021 19:52:38,47.098,682.861,670.623,829.833,469.848,43.895,1.432
01.12.2021 19:52:39,47.203,681.396,669.708,828.704,468.872,43.947,1.370
01.12.2021 19:52:40,47.304,680.938,667.999,827.026,467.712,43.980,1.520
01.12.2021 19:52:41,47.402,678.588,666.290,825.683,466.949,43.981,1.449
01.12.2021 19:52:42,47.497,677.551,664.550,824.340,465.698,44.058,1.535
01.12.2021 19:52:43,47.608,675.933,663.909,822.875,465.301,43.990,1.422
01.12.2021 19:52:44,47.698,675.292,662.872,822.265,464.141,44.118,1.470
01.12.2021 19:52:45,47.809,673.675,661.254,820.434,463.104,44.119,1.474
01.12.2021 19:52:46,47.907,671.966,659.545,818.756,461.425,44.235,1.478
01.12.2021 19:52:47,48.002,670.196,658.142,817.718,460.357,44.311,1.438
01.12.2021 19:52:48,48.108,668.243,656.402,815.216,458.770,44.340,1.416
01.12.2021 19:52:49,48.198,667.724,655.609,815.185,459.136,44.279,1.450
01.12.2021 19:52:50,48.309,665.710,653.747,812.896,457.275,44.370,1.436
01.12.2021 19:52:51,48.399,664.520,651.885,812.103,456.542,44.416,1.521
01.12.2021 19:52:52,48.492,664.031,652.282,811.126,455.871,44.435,1.414
01.12.2021 19:52:53,48.608,661.621,649.566,809.478,454.071,44.576,1.456
01.12.2021 19:52:54,48.708,659.698,647.583,807.281,452.575,44.618,1.468
01.12.2021 19:52:55,48.801,658.813,647.094,806.915,452.453,44.605,1.422
01.12.2021 19:52:56,48.907,657.135,645.904,805.847,451.110,44.725,1.365
01.12.2021 19:52:57,48.997,656.066,643.768,803.833,450.164,44.696,1.499
01.12.2021 19:52:58,49.095,654.357,642.791,802.612,449.005,44.773,1.413
01.12.2021 19:52:59,49.206,653.411,641.296,802.001,448.577,44.787,1.482
01.12.2021 19:53:00,49.306,652.008,639.587,799.926,446.838,44.881,1.524
01.12.2021 19:53:01,49.392,649.597,638.244,797.882,445.709,44.879,1.397
01.12.2021 19:53:02,49.500,649.627,638.000,797.332,445.739,44.824,1.431
01.12.2021 19:53:03,49.605,647.369,635.986,795.684,444.335,44.903,1.405
01.12.2021 19:53:04,49.701,646.850,634.643,794.067,443.725,44.855,1.509
01.12.2021 19:53:05,49.804,644.470,632.843,792.266,442.138,44.951,1.442
01.12.2021 19:53:06,49.897,644.287,632.415,791.687,441.925,44.932,1.473
01.12.2021 19:53:07,50.007,642.883,631.042,790.405,441.162,44.940,1.473
01.12.2021 19:53:08,50.100,641.265,630.096,789.031,440.155,44.980,1.392
01.12.2021 19:53:09,50.201,639.190,627.838,786.468,438.934,44.945,1.419
01.12.2021 19:53:10,50.299,638.153,627.075,784.851,438.446,44.876,1.387
01.12.2021 19:53:11,50.399,638.031,626.251,784.667,438.537,44.844,1.476
01.12.2021 19:53:12,50.505,636.413,624.877,782.714,436.706,44.967,1.449
01.12.2021 19:53:13,50.605,634.460,622.558,779.541,435.119,44.937,1.500
01.12.2021 19:53:14,50.708,632.598,621.887,779.235,434.967,44.934,1.353
01.12.2021 19:53:15,50.801,631.988,620.452,777.465,434.417,44.860,1.459
01.12.2021 19:53:16,50.892,629.974,619.445,775.573,433.105,44.903,1.335
01.12.2021 19:53:17,51.007,628.845,618.041,774.261,432.464,44.887,1.373
01.12.2021 19:53:18,51.105,628.479,616.333,773.071,431.732,44.899,1.546
01.12.2021 19:53:19,51.198,626.922,615.722,770.843,430.938,44.823,1.428
01.12.2021 19:53:20,51.296,625.732,614.227,770.080,430.389,44.843,1.470
01.12.2021 19:53:21,51.407,623.443,612.152,766.723,428.558,44.836,1.448
01.12.2021 19:53:22,51.500,622.344,611.389,765.258,428.436,44.717,1.407
01.12.2021 19:53:23,51.605,621.856,610.290,764.801,427.459,44.840,1.487
01.12.2021 19:53:24,51.701,620.483,609.008,763.336,426.391,44.882,1.479
01.12.2021 19:53:25,51.804,619.598,607.788,761.535,425.872,44.799,1.524
01.12.2021 19:53:26,51.899,618.225,606.842,760.406,425.018,44.837,1.472
01.12.2021 19:53:27,52.005,616.180,604.370,757.385,423.431,44.820,1.533
01.12.2021 19:53:28,52.105,614.318,603.363,755.676,422.363,44.839,1.425
01.12.2021 19:53:29,52.206,613.555,602.355,754.730,422.088,44.795,1.459
01.12.2021 19:53:30,52.301,611.724,600.799,752.288,420.562,44.823,1.427
01.12.2021 19:53:31,52.404,610.595,599.609,752.166,420.104,44.891,1.438
01.12.2021 19:53:32,52.500,609.527,598.541,750.640,419.647,44.822,1.441
01.12.2021 19:53:33,52.603,607.604,596.801,748.565,418.151,44.881,1.421
01.12.2021 19:53:34,52.701,606.719,595.458,746.520,417.358,44.820,1.484
01.12.2021 19:53:35,52.801,605.285,594.451,746.032,417.053,44.825,1.431
01.12.2021 19:53:36,52.902,604.309,592.895,744.293,415.954,44.847,1.510
01.12.2021 19:53:37,53.000,602.447,591.308,742.370,415.344,44.766,1.478
01.12.2021 19:53:38,53.100,601.715,589.996,740.905,414.733,44.729,1.558
01.12.2021 19:53:39,53.206,600.158,589.111,739.501,413.574,44.795,1.472
01.12.2021 19:53:40,53.299,598.358,587.310,737.304,412.567,44.756,1.476
01.12.2021 19:53:41,53.404,596.801,585.296,735.229,411.163,44.799,1.542
01.12.2021 19:53:42,53.505,596.466,585.479,734.741,410.919,44.794,1.473
01.12.2021 19:53:43,53.605,594.848,583.679,733.306,409.545,44.895,1.501
01.12.2021 19:53:44,53.708,593.353,582.458,730.957,408.843,44.786,1.468
01.12.2021 19:53:45,53.809,592.285,580.963,729.888,407.440,44.930,1.529
01.12.2021 19:53:46,53.904,590.667,580.169,728.363,406.585,44.931,1.420
01.12.2021 19:53:47,54.005,589.599,578.430,726.379,405.395,44.946,1.515
01.12.2021 19:53:48,54.105,587.890,577.697,725.250,404.968,44.909,1.385
01.12.2021 19:53:49,54.206,586.547,575.866,723.754,403.533,45.017,1.456
01.12.2021 19:53:50,54.304,585.235,574.462,722.106,402.191,45.094,1.472
01.12.2021 19:53:51,54.404,583.740,573.303,720.428,401.733,45.008,1.429
01.12.2021 19:53:52,54.505,582.489,572.540,719.451,400.543,45.125,1.365
01.12.2021 19:53:53,54.600,582.031,571.380,717.956,399.536,45.157,1.463
01.12.2021 19:53:54,54.703,579.620,569.122,716.186,398.132,45.233,1.448
01.12.2021 19:53:55,54.796,578.460,567.932,714.141,397.033,45.226,1.455
01.12.2021 19:53:56,54.907,577.392,566.772,713.958,396.209,45.359,1.470
01.12.2021 19:53:57,54.997,576.263,565.948,711.914,395.385,45.302,1.431
01.12.2021 19:53:58,55.105,575.714,564.910,710.845,394.287,45.395,1.501
01.12.2021 19:53:59,55.206,573.608,563.476,708.679,393.432,45.331,1.412
01.12.2021 19:54:00,55.309,571.685,561.706,707.305,391.754,45.500,1.395
01.12.2021 19:54:01,55.407,571.319,561.126,706.359,391.326,45.482,1.426
01.12.2021 19:54:03,55.507,569.824,560.089,704.620,390.258,45.502,1.365
01.12.2021 19:54:04,55.600,569.091,558.654,703.765,388.916,45.664,1.466
01.12.2021 19:54:05,55.698,568.176,557.525,702.178,388.397,45.597,1.499
01.12.2021 19:54:06,55.809,566.558,555.786,700.531,386.901,45.707,1.521
01.12.2021 19:54:07,55.907,565.032,554.779,698.303,385.803,45.682,1.451
01.12.2021 19:54:08,55.995,564.056,553.070,696.624,384.185,45.812,1.558
01.12.2021 19:54:09,56.108,562.988,552.124,695.617,383.941,45.753,1.544
01.12.2021 19:54:10,56.208,561.798,551.696,694.305,382.995,45.795,1.437
01.12.2021 19:54:11,56.304,560.821,550.079,693.237,382.202,45.834,1.532
01.12.2021 19:54:12,56.394,559.844,549.530,691.162,381.317,45.785,1.473
01.12.2021 19:54:13,56.505,557.891,547.821,689.575,380.035,45.862,1.443
01.12.2021 19:54:14,56.608,557.006,546.539,687.652,378.509,45.952,1.503
01.12.2021 19:54:15,56.708,555.603,545.074,685.424,377.868,45.839,1.515
01.12.2021 19:54:16,56.809,554.260,544.036,684.356,376.861,45.920,1.475
01.12.2021 19:54:17,56.904,552.734,542.358,682.250,375.274,46.002,1.501
01.12.2021 19:54:18,56.995,551.910,542.144,681.518,374.938,45.989,1.414
01.12.2021 19:54:19,57.105,550.476,540.161,678.833,373.199,46.040,1.498
01.12.2021 19:54:20,57.198,550.170,539.947,678.161,373.229,45.963,1.486
01.12.2021 19:54:21,57.306,549.499,538.604,676.055,371.429,46.088,1.586
01.12.2021 19:54:22,57.394,547.790,537.384,674.011,370.513,46.047,1.519
01.12.2021 19:54:23,57.505,546.813,535.583,672.210,369.537,46.044,1.644
01.12.2021 19:54:24,57.595,545.928,535.064,672.149,368.743,46.194,1.592
01.12.2021 19:54:25,57.706,543.334,533.050,668.640,367.279,46.103,1.514
01.12.2021 19:54:26,57.806,542.083,531.677,666.534,366.058,46.115,1.535
01.12.2021 19:54:27,57.894,541.046,530.151,664.764,364.654,46.201,1.611
01.12.2021 19:54:28,57.997,540.252,528.778,663.085,363.830,46.182,1.701
01.12.2021 19:54:29,58.105,538.024,527.709,660.980,362.426,46.232,1.533
01.12.2021 19:54:30,58.203,537.353,526.550,659.454,361.358,46.278,1.609
01.12.2021 19:54:31,58.294,536.041,525.329,657.257,360.382,46.232,1.599
01.12.2021 19:54:32,58.399,534.759,523.986,655.700,358.825,46.374,1.612
01.12.2021 19:54:33,58.505,532.745,522.949,653.533,358.123,46.276,1.470
01.12.2021 19:54:34,58.608,532.043,521.057,650.970,356.689,46.282,1.653
01.12.2021 19:54:35,58.698,531.280,520.080,649.810,356.048,46.283,1.688
01.12.2021 19:54:36,58.804,529.479,519.226,647.430,354.522,46.329,1.549
01.12.2021 19:54:37,58.907,527.679,517.456,646.118,353.088,46.475,1.550
01.12.2021 19:54:38,59.007,526.794,516.052,644.165,351.959,46.488,1.632
01.12.2021 19:54:39,59.098,525.512,514.617,642.730,351.348,46.452,1.659
01.12.2021 19:54:40,59.196,524.566,514.160,641.357,350.677,46.436,1.587
01.12.2021 19:54:41,59.306,523.193,512.237,638.702,348.876,46.508,1.676
01.12.2021 19:54:42,59.404,521.575,511.657,637.298,348.327,46.463,1.521
01.12.2021 19:54:43,59.492,520.782,510.070,635.467,347.412,46.445,1.646
01.12.2021 19:54:44,59.608,518.829,507.720,632.995,345.642,46.533,1.714
01.12.2021 19:54:45,59.696,518.493,507.690,632.080,345.245,46.511,1.668
01.12.2021 19:54:46,59.794,516.052,505.187,628.814,343.231,46.560,1.685
01.12.2021 19:54:47,59.892,515.991,504.913,628.143,342.712,46.592,1.719
01.12.2021 19:54:48,60.007,514.160,503.265,625.823,340.820,46.725,1.697
