# Sensor: ADPD2140, Rotationstage: ELL18M
Datetime,Stage Angle,xL,xR,yL,yR,X,Y
01.12.2021 19:07:36,-59.994,656.982,654.632,397.674,725.708,-46.276,0.283
01.12.2021 19:07:37,-59.901,658.081,656.524,397.796,726.165,-46.300,0.187
01.12.2021 19:07:38,-59.808,659.667,656.982,398.681,727.630,-46.285,0.323
01.12.2021 19:07:39,-59.700,660.888,658.782,399.505,728.973,-46.268,0.252
01.12.2021 19:07:40,-59.592,662.506,660.247,400.024,730.865,-46.362,0.270
01.12.2021 19:07:41,-59.497,663.818,662.261,401.184,732.879,-46.352,0.186
01.12.2021 19:07:42,-59.391,665.802,664.062,402.648,735.046,-46.302,0.207
01.12.2021 19:07:43,-59.298,667.358,665.069,403.594,736.022,-46.228,0.272
01.12.2021 19:07:44,-59.195,669.586,667.205,404.510,737.792,-46.238,0.282
01.12.2021 19:07:45,-59.107,671.386,668.579,405.548,739.929,-46.262,0.332
01.12.2021 19:07:46,-59.004,672.302,669.555,406.677,741.668,-46.230,0.324
01.12.2021 19:07:47,-58.891,673.675,671.844,407.775,743.652,-46.228,0.215
01.12.2021 19:07:48,-58.803,675.872,673.614,408.813,745.910,-46.264,0.265
01.12.2021 19:07:49,-58.693,676.513,674.224,409.240,747.253,-46.319,0.268
01.12.2021 19:07:50,-58.607,678.100,675.476,410.614,748.352,-46.182,0.307
01.12.2021 19:07:51,-58.492,679.779,677.490,411.804,750.549,-46.185,0.267
01.12.2021 19:07:52,-58.399,680.694,678.161,412.384,751.922,-46.216,0.295
01.12.2021 19:07:53,-58.293,681.732,679.992,414.001,754.150,-46.146,0.202
01.12.2021 19:07:54,-58.193,683.227,681.152,414.642,756.225,-46.233,0.241
01.12.2021 19:07:55,-58.105,685.272,683.074,416.229,758.972,-46.219,0.254
01.12.2021 19:07:56,-58.002,686.004,684.234,416.839,761.047,-46.311,0.204
01.12.2021 19:07:57,-57.899,688.873,686.737,418.640,763.092,-46.193,0.246
01.12.2021 19:07:58,-57.796,690.002,687.591,419.342,764.617,-46.216,0.277
01.12.2021 19:07:59,-57.700,691.223,688.812,420.654,766.784,-46.195,0.276
01.12.2021 19:08:00,-57.592,691.345,689.605,420.928,767.547,-46.220,0.199
01.12.2021 19:08:01,-57.502,693.786,692.138,422.027,770.263,-46.287,0.188
01.12.2021 19:08:02,-57.391,694.763,692.840,422.973,771.453,-46.236,0.219
01.12.2021 19:08:03,-57.306,697.753,696.136,424.438,774.658,-46.286,0.183
01.12.2021 19:08:04,-57.203,698.760,696.502,424.621,774.414,-46.232,0.256
01.12.2021 19:08:05,-57.102,699.951,697.998,425.750,777.130,-46.293,0.221
01.12.2021 19:08:06,-57.007,702.239,700.042,426.818,778.594,-46.248,0.248
01.12.2021 19:08:07,-56.901,703.735,701.446,427.795,780.914,-46.298,0.258
01.12.2021 19:08:09,-56.808,706.390,704.345,428.680,783.020,-46.344,0.229
01.12.2021 19:08:10,-56.698,708.374,706.207,429.443,784.545,-46.356,0.242
01.12.2021 19:08:11,-56.602,710.662,708.831,431.213,786.376,-46.227,0.204
01.12.2021 19:08:12,-56.492,713.104,710.144,431.762,787.628,-46.250,0.329
01.12.2021 19:08:13,-56.396,715.026,712.341,432.861,789.672,-46.253,0.298
01.12.2021 19:08:14,-56.293,717.498,715.667,434.570,792.907,-46.264,0.202
01.12.2021 19:08:15,-56.195,719.207,717.529,435.333,793.792,-46.218,0.185
01.12.2021 19:08:16,-56.097,722.229,719.635,436.676,796.234,-46.217,0.285
01.12.2021 19:08:17,-56.002,725.463,723.022,438.262,799.438,-46.245,0.267
01.12.2021 19:08:18,-55.891,727.874,725.433,438.690,800.323,-46.255,0.266
01.12.2021 19:08:19,-55.803,729.553,727.294,440.124,801.422,-46.118,0.245
01.12.2021 19:08:20,-55.695,732.666,730.010,440.795,804.840,-46.316,0.287
01.12.2021 19:08:21,-55.600,734.405,732.208,442.077,806.182,-46.226,0.237
01.12.2021 19:08:22,-55.504,737.121,734.771,442.871,807.708,-46.233,0.253
01.12.2021 19:08:23,-55.394,740.692,738.098,445.037,810.363,-46.117,0.277
01.12.2021 19:08:24,-55.306,743.682,740.966,446.319,813.262,-46.168,0.289
01.12.2021 19:08:25,-55.198,745.483,742.340,446.533,814.819,-46.272,0.334
01.12.2021 19:08:26,-55.100,748.870,745.330,448.303,817.199,-46.196,0.375
01.12.2021 19:08:27,-54.992,750.457,747.528,449.157,819.641,-46.275,0.309
01.12.2021 19:08:28,-54.894,752.288,749.603,449.859,821.258,-46.304,0.283
01.12.2021 19:08:29,-54.793,754.943,751.403,450.408,823.089,-46.377,0.372
01.12.2021 19:08:30,-54.698,756.805,753.112,451.385,824.859,-46.376,0.387
01.12.2021 19:08:31,-54.607,760.070,756.774,453.521,827.392,-46.256,0.344
01.12.2021 19:08:32,-54.502,763.549,759.338,453.918,830.261,-46.443,0.438
01.12.2021 19:08:33,-54.401,763.153,759.613,454.681,830.291,-46.324,0.368
01.12.2021 19:08:34,-54.306,766.540,763.061,456.329,833.618,-46.352,0.360
01.12.2021 19:08:35,-54.200,769.317,764.892,457.611,835.784,-46.337,0.457
01.12.2021 19:08:36,-54.105,769.958,765.960,458.160,837.646,-46.411,0.412
01.12.2021 19:08:37,-53.992,773.040,768.981,459.381,840.209,-46.440,0.417
01.12.2021 19:08:38,-53.904,774.841,771.118,460.723,842.376,-46.415,0.381
01.12.2021 19:08:39,-53.793,776.855,773.162,461.395,843.536,-46.409,0.377
01.12.2021 19:08:40,-53.693,778.137,774.902,462.860,845.855,-46.378,0.330
01.12.2021 19:08:41,-53.605,780.334,776.824,463.989,848.541,-46.431,0.357
01.12.2021 19:08:42,-53.494,782.348,778.137,464.843,850.341,-46.452,0.427
01.12.2021 19:08:43,-53.394,784.271,780.456,466.278,852.874,-46.444,0.386
01.12.2021 19:08:44,-53.298,787.261,782.836,467.407,854.797,-46.432,0.446
01.12.2021 19:08:45,-53.195,788.665,784.027,468.231,856.201,-46.423,0.467
01.12.2021 19:08:46,-53.095,790.557,786.773,469.635,860.504,-46.569,0.380
01.12.2021 19:08:47,-52.997,792.846,788.879,470.672,861.450,-46.489,0.397
01.12.2021 19:08:48,-52.896,793.792,789.947,471.557,863.128,-46.494,0.384
01.12.2021 19:08:49,-52.796,796.478,792.449,473.632,865.142,-46.345,0.401
01.12.2021 19:08:50,-52.695,797.302,793.731,473.632,867.126,-46.511,0.355
01.12.2021 19:08:51,-52.592,799.652,795.562,475.311,869.171,-46.425,0.406
01.12.2021 19:08:52,-52.499,800.903,796.997,475.982,870.727,-46.452,0.387
01.12.2021 19:08:53,-52.399,803.436,799.072,477.722,873.931,-46.454,0.431
01.12.2021 19:08:54,-52.296,806.091,802.154,479.705,876.678,-46.381,0.387
01.12.2021 19:08:55,-52.203,807.617,803.222,480.377,879.455,-46.509,0.432
01.12.2021 19:08:56,-52.092,809.753,805.541,482.238,881.408,-46.390,0.413
01.12.2021 19:08:57,-51.999,811.798,808.013,483.673,883.544,-46.350,0.370
01.12.2021 19:08:58,-51.891,813.873,809.417,485.290,885.986,-46.308,0.434
01.12.2021 19:08:59,-51.803,815.124,810.882,485.595,887.298,-46.370,0.413
01.12.2021 19:09:00,-51.693,817.138,813.293,487.152,890.380,-46.389,0.373
01.12.2021 19:09:01,-51.602,818.267,814.544,488.250,891.937,-46.352,0.361
01.12.2021 19:09:02,-51.504,820.342,816.558,489.044,894.287,-46.425,0.366
01.12.2021 19:09:03,-51.396,823.211,819.091,491.241,897.125,-46.330,0.397
01.12.2021 19:09:04,-51.291,824.768,821.441,492.218,899.078,-46.344,0.320
01.12.2021 19:09:05,-51.205,827.972,823.333,493.835,901.367,-46.290,0.445
01.12.2021 19:09:06,-51.102,829.589,825.591,495.086,903.472,-46.276,0.382
01.12.2021 19:09:07,-50.992,831.085,826.354,495.483,905.029,-46.343,0.452
01.12.2021 19:09:08,-50.904,833.099,828.155,497.100,907.897,-46.336,0.471
01.12.2021 19:09:09,-50.801,835.083,830.566,498.474,909.606,-46.272,0.429
01.12.2021 19:09:10,-50.703,838.012,832.916,500.518,912.322,-46.192,0.483
01.12.2021 19:09:11,-50.595,839.447,834.808,501.037,913.787,-46.233,0.439
01.12.2021 19:09:12,-50.507,840.423,835.296,501.770,915.039,-46.226,0.484
01.12.2021 19:09:13,-50.396,842.224,838.287,503.509,917.632,-46.180,0.371
01.12.2021 19:09:14,-50.296,844.879,840.576,505.004,920.623,-46.201,0.404
01.12.2021 19:09:15,-50.203,847.442,842.285,506.530,922.088,-46.098,0.483
01.12.2021 19:09:16,-50.097,848.236,843.994,507.324,924.255,-46.155,0.397
01.12.2021 19:09:17,-49.999,850.708,846.191,509.399,926.025,-45.997,0.421
01.12.2021 19:09:18,-49.899,853.637,849.212,511.047,929.351,-46.023,0.411
01.12.2021 19:09:19,-49.798,853.912,849.304,511.566,930.267,-46.021,0.428
01.12.2021 19:09:20,-49.705,855.468,850.830,513.305,932.067,-45.915,0.430
01.12.2021 19:09:21,-49.600,857.513,853.149,515.258,935.333,-45.893,0.404
01.12.2021 19:09:22,-49.494,859.191,854.644,516.357,936.553,-45.833,0.420
01.12.2021 19:09:23,-49.399,861.785,857.147,518.249,939.788,-45.818,0.427
01.12.2021 19:09:24,-49.293,862.792,858.398,519.439,941.375,-45.774,0.404
01.12.2021 19:09:25,-49.203,864.013,859.863,520.782,942.993,-45.711,0.381
01.12.2021 19:09:26,-49.097,865.478,860.839,522.277,945.251,-45.676,0.425
01.12.2021 19:09:27,-48.992,867.126,863.067,524.475,949.279,-45.680,0.371
01.12.2021 19:09:28,-48.906,867.370,862.976,524.932,949.707,-45.650,0.402
01.12.2021 19:09:29,-48.793,869.750,865.570,527.008,952.697,-45.591,0.381
01.12.2021 19:09:30,-48.700,870.910,866.760,527.954,954.620,-45.608,0.378
01.12.2021 19:09:31,-48.602,871.673,867.034,528.900,954.650,-45.480,0.422
01.12.2021 19:09:32,-48.507,872.985,868.316,529.846,956.512,-45.492,0.424
01.12.2021 19:09:33,-48.394,874.328,869.506,531.829,960.144,-45.495,0.438
01.12.2021 19:09:34,-48.306,876.251,871.978,534.057,962.676,-45.383,0.387
01.12.2021 19:09:35,-48.195,876.739,871.978,534.271,963.348,-45.405,0.431
01.12.2021 19:09:36,-48.097,878.265,874.267,536.346,966.980,-45.396,0.361
01.12.2021 19:09:37,-47.994,880.004,876.220,538.330,969.513,-45.318,0.341
01.12.2021 19:09:38,-47.906,881.347,876.983,539.764,970.520,-45.200,0.393
01.12.2021 19:09:39,-47.808,881.439,877.502,540.435,972.320,-45.244,0.354
01.12.2021 19:09:40,-47.700,882.415,878.051,542.266,974.883,-45.190,0.392
01.12.2021 19:09:41,-47.595,883.514,879.699,544.250,976.867,-45.072,0.342
01.12.2021 19:09:42,-47.494,884.826,881.042,545.837,979.248,-45.037,0.339
01.12.2021 19:09:43,-47.391,886.291,882.293,547.210,981.231,-45.002,0.358
01.12.2021 19:09:44,-47.296,886.627,883.972,548.736,982.910,-44.923,0.237
01.12.2021 19:09:45,-47.198,888.244,883.483,549.377,983.764,-44.901,0.425
01.12.2021 19:09:46,-47.095,888.549,884.368,550.903,986.267,-44.884,0.373
01.12.2021 19:09:47,-46.992,889.526,885.406,552.612,988.433,-44.819,0.367
01.12.2021 19:09:48,-46.899,891.784,887.481,554.199,991.394,-44.828,0.383
01.12.2021 19:09:49,-46.798,893.554,889.953,556.182,993.926,-44.753,0.319
01.12.2021 19:09:50,-46.698,894.012,890.167,556.945,994.506,-44.696,0.341
01.12.2021 19:09:51,-46.592,894.500,891.265,558.563,995.941,-44.589,0.287
01.12.2021 19:09:52,-46.492,895.385,891.357,560.455,997.833,-44.481,0.357
01.12.2021 19:09:53,-46.399,895.782,892.272,561.462,999.389,-44.464,0.311
01.12.2021 19:09:55,-46.303,896.758,892.944,563.385,1000.824,-44.319,0.337
01.12.2021 19:09:56,-46.203,898.193,895.294,565.246,1004.516,-44.347,0.256
01.12.2021 19:09:57,-46.095,899.383,896.148,566.497,1007.019,-44.367,0.285
01.12.2021 19:09:58,-46.004,900.604,897.064,568.206,1008.087,-44.225,0.312
01.12.2021 19:09:59,-45.901,900.604,896.789,569.244,1009.307,-44.180,0.336
01.12.2021 19:10:00,-45.793,901.306,898.193,571.075,1012.054,-44.144,0.274
01.12.2021 19:10:01,-45.705,902.282,899.291,572.357,1013.641,-44.094,0.263
01.12.2021 19:10:02,-45.592,903.320,900.543,574.615,1015.991,-43.976,0.243
01.12.2021 19:10:03,-45.494,904.754,901.550,577.148,1019.012,-43.871,0.281
01.12.2021 19:10:04,-45.404,904.968,902.343,577.606,1020.172,-43.896,0.230
01.12.2021 19:10:05,-45.306,905.425,902.221,579.193,1021.148,-43.765,0.280
01.12.2021 19:10:06,-45.193,906.555,903.472,580.566,1022.277,-43.673,0.269
01.12.2021 19:10:07,-45.100,906.738,904.022,581.695,1024.200,-43.668,0.237
01.12.2021 19:10:08,-44.999,906.890,904.663,583.190,1026.672,-43.657,0.194
01.12.2021 19:10:09,-44.894,908.721,906.158,585.449,1029.113,-43.548,0.223
01.12.2021 19:10:10,-44.796,909.851,907.134,587.158,1031.707,-43.519,0.236
01.12.2021 19:10:11,-44.693,910.369,907.592,588.439,1032.562,-43.419,0.242
01.12.2021 19:10:12,-44.592,910.553,907.745,589.630,1033.782,-43.358,0.244
01.12.2021 19:10:13,-44.494,910.064,907.226,590.850,1035.034,-43.295,0.247
01.12.2021 19:10:14,-44.396,909.973,908.386,592.437,1036.651,-43.213,0.138
01.12.2021 19:10:15,-44.293,911.712,909.393,594.421,1038.909,-43.127,0.201
01.12.2021 19:10:16,-44.200,912.658,911.376,596.374,1041.442,-43.065,0.111
01.12.2021 19:10:17,-44.100,912.414,910.644,597.229,1042.602,-43.042,0.153
01.12.2021 19:10:18,-43.992,913.696,910.705,598.937,1044.403,-42.959,0.259
01.12.2021 19:10:19,-43.894,913.757,911.315,599.609,1044.952,-42.915,0.211
01.12.2021 19:10:20,-43.806,914.428,911.590,601.257,1046.966,-42.855,0.246
01.12.2021 19:10:21,-43.698,914.886,913.421,603.179,1049.224,-42.779,0.126
01.12.2021 19:10:22,-43.592,916.565,914.184,604.614,1051.055,-42.732,0.206
01.12.2021 19:10:23,-43.499,917.602,915.496,607.055,1053.497,-42.607,0.182
01.12.2021 19:10:24,-43.399,916.687,915.008,607.971,1052.703,-42.440,0.145
01.12.2021 19:10:25,-43.296,918.395,915.496,608.978,1054.290,-42.430,0.250
01.12.2021 19:10:26,-43.195,918.121,916.412,610.809,1057.189,-42.411,0.147
01.12.2021 19:10:27,-43.095,918.579,916.442,612.426,1058.288,-42.292,0.184
01.12.2021 19:10:28,-42.992,919.433,917.846,614.898,1060.760,-42.168,0.136
01.12.2021 19:10:29,-42.899,920.806,918.914,615.631,1062.530,-42.203,0.162
01.12.2021 19:10:30,-42.798,920.227,918.640,617.340,1063.995,-42.100,0.136
01.12.2021 19:10:31,-42.695,920.928,920.288,619.476,1066.223,-42.000,0.055
01.12.2021 19:10:32,-42.592,922.332,920.105,620.727,1067.199,-41.919,0.191
01.12.2021 19:10:33,-42.502,922.210,919.677,621.368,1067.260,-41.847,0.217
01.12.2021 19:10:34,-42.394,923.156,921.722,623.229,1070.159,-41.826,0.123
01.12.2021 19:10:35,-42.293,922.607,921.630,624.420,1071.045,-41.746,0.083
01.12.2021 19:10:36,-42.208,924.011,922.607,626.068,1072.692,-41.665,0.120
01.12.2021 19:10:37,-42.095,926.269,924.285,627.899,1074.676,-41.586,0.169
01.12.2021 19:10:38,-41.997,926.879,925.933,629.425,1076.934,-41.562,0.080
01.12.2021 19:10:39,-41.891,926.727,925.201,630.035,1077.453,-41.526,0.130
01.12.2021 19:10:40,-41.798,926.025,924.774,631.164,1077.270,-41.381,0.107
01.12.2021 19:10:41,-41.700,927.185,925.994,633.483,1080.627,-41.340,0.101
01.12.2021 19:10:42,-41.600,928.253,926.666,634.735,1082.611,-41.330,0.135
01.12.2021 19:10:43,-41.494,928.069,927.185,636.352,1083.770,-41.221,0.075
01.12.2021 19:10:44,-41.394,929.901,929.077,638.519,1086.303,-41.142,0.070
01.12.2021 19:10:45,-41.301,930.023,929.046,639.221,1086.212,-41.055,0.083
01.12.2021 19:10:46,-41.193,930.633,929.138,640.228,1088.073,-41.065,0.127
01.12.2021 19:10:47,-41.102,930.084,928.588,640.991,1088.226,-40.988,0.127
01.12.2021 19:10:48,-40.994,931.213,930.511,642.974,1090.911,-40.941,0.059
01.12.2021 19:10:49,-40.906,931.915,930.664,644.500,1091.674,-40.818,0.106
01.12.2021 19:10:50,-40.801,933.563,932.311,646.759,1093.750,-40.699,0.106
01.12.2021 19:10:51,-40.705,934.387,932.891,647.521,1094.726,-40.678,0.126
01.12.2021 19:10:52,-40.602,934.478,932.617,648.406,1095.916,-40.658,0.158
01.12.2021 19:10:53,-40.494,935.150,933.654,650.238,1097.747,-40.572,0.126
01.12.2021 19:10:54,-40.399,936.035,934.600,652.130,1099.243,-40.458,0.121
01.12.2021 19:10:55,-40.308,935.913,935.058,653.320,1100.128,-40.382,0.072
01.12.2021 19:10:56,-40.198,937.500,936.706,655.151,1102.935,-40.364,0.067
01.12.2021 19:10:57,-40.092,937.194,936.218,655.944,1102.966,-40.276,0.082
01.12.2021 19:10:58,-39.992,937.835,936.737,656.982,1103.790,-40.215,0.092
01.12.2021 19:10:59,-39.896,938.751,936.279,658.386,1105.377,-40.163,0.208
01.12.2021 19:11:00,-39.806,938.751,937.622,659.790,1106.231,-40.062,0.095
01.12.2021 19:11:01,-39.708,940.063,938.903,660.858,1108.734,-40.110,0.097
01.12.2021 19:11:02,-39.595,940.765,939.666,662.719,1109.771,-39.970,0.092
01.12.2021 19:11:03,-39.502,940.857,939.941,664.093,1110.321,-39.854,0.077
01.12.2021 19:11:04,-39.396,942.291,940.643,665.161,1111.480,-39.812,0.138
01.12.2021 19:11:05,-39.306,942.413,941.497,665.740,1113.098,-39.855,0.077
01.12.2021 19:11:06,-39.198,942.932,941.894,667.297,1114.135,-39.751,0.087
01.12.2021 19:11:07,-39.097,943.573,942.779,668.701,1115.631,-39.694,0.066
01.12.2021 19:11:08,-38.999,944.213,942.962,670.196,1116.424,-39.581,0.105
01.12.2021 19:11:09,-38.891,944.336,943.969,671.844,1118.408,-39.531,0.030
01.12.2021 19:11:10,-38.808,944.732,944.671,672.637,1119.659,-39.526,0.005
01.12.2021 19:11:11,-38.698,945.892,944.793,673.370,1119.690,-39.447,0.092
01.12.2021 19:11:12,-38.597,946.289,945.098,674.774,1121.582,-39.418,0.099
01.12.2021 19:11:13,-38.502,946.991,946.350,676.147,1123.260,-39.378,0.053
01.12.2021 19:11:14,-38.406,948.089,946.563,677.307,1123.901,-39.293,0.127
01.12.2021 19:11:15,-38.293,948.303,948.028,678.436,1124.908,-39.236,0.022
01.12.2021 19:11:16,-38.208,948.455,948.577,679.016,1125.305,-39.198,-0.010
01.12.2021 19:11:17,-38.092,948.913,948.120,680.603,1125.946,-39.067,0.066
01.12.2021 19:11:18,-37.997,949.310,948.364,680.419,1126.037,-39.093,0.078
01.12.2021 19:11:19,-37.891,950.042,948.791,682.373,1127.685,-38.989,0.104
01.12.2021 19:11:20,-37.793,950.561,950.042,684.143,1128.570,-38.854,0.043
01.12.2021 19:11:21,-37.700,951.629,950.622,684.783,1130.584,-38.917,0.083
01.12.2021 19:11:22,-37.600,951.629,951.446,686.004,1131.774,-38.863,0.015
01.12.2021 19:11:23,-37.502,952.697,952.117,687.316,1131.744,-38.719,0.048
01.12.2021 19:11:24,-37.399,954.132,953.155,689.025,1132.598,-38.590,0.081
01.12.2021 19:11:25,-37.308,954.284,953.796,690.307,1133.545,-38.513,0.040
01.12.2021 19:11:26,-37.205,954.833,953.796,691.711,1134.613,-38.432,0.086
01.12.2021 19:11:27,-37.102,954.101,953.979,692.352,1133.727,-38.305,0.010
01.12.2021 19:11:28,-37.007,954.712,954.101,692.993,1134.277,-38.272,0.050
01.12.2021 19:11:29,-36.904,956.268,955.474,695.129,1136.841,-38.211,0.065
01.12.2021 19:11:30,-36.798,956.512,956.451,696.136,1136.230,-38.063,0.005
01.12.2021 19:11:31,-36.708,956.207,955.413,696.472,1134.918,-37.940,0.065
01.12.2021 19:11:32,-36.607,957.031,956.695,697.662,1136.199,-37.897,0.027
01.12.2021 19:11:33,-36.492,956.451,956.970,698.333,1136.657,-37.855,-0.042
01.12.2021 19:11:34,-36.406,958.007,957.855,699.310,1137.390,-37.799,0.012
01.12.2021 19:11:35,-36.306,958.007,957.946,700.225,1136.810,-37.663,0.005
01.12.2021 19:11:36,-36.200,959.167,958.740,701.629,1137.908,-37.586,0.035
01.12.2021 19:11:37,-36.095,959.716,958.984,702.575,1137.969,-37.489,0.060
01.12.2021 19:11:38,-35.999,960.998,960.357,703.399,1139.007,-37.469,0.052
01.12.2021 19:11:40,-35.901,960.967,959.594,704.711,1138.946,-37.326,0.113
01.12.2021 19:11:41,-35.793,960.479,960.449,704.864,1138.488,-37.279,0.002
01.12.2021 19:11:42,-35.708,960.754,960.571,705.688,1138.122,-37.168,0.015
01.12.2021 19:11:43,-35.607,962.310,962.432,707.336,1139.648,-37.094,-0.010
01.12.2021 19:11:44,-35.504,963.317,963.562,707.916,1139.801,-37.042,-0.020
01.12.2021 19:11:45,-35.404,964.599,963.714,709.625,1139.373,-36.833,0.072
01.12.2021 19:11:46,-35.296,964.691,963.714,709.289,1139.526,-36.879,0.080
01.12.2021 19:11:47,-35.198,965.270,964.782,711.914,1140.747,-36.682,0.040
01.12.2021 19:11:48,-35.095,965.240,965.057,712.432,1139.953,-36.576,0.015
01.12.2021 19:11:49,-34.992,966.949,966.888,713.623,1141.571,-36.557,0.005
01.12.2021 19:11:50,-34.894,966.369,966.186,713.928,1139.434,-36.384,0.015
01.12.2021 19:11:51,-34.808,966.888,967.163,714.294,1140.258,-36.400,-0.022
01.12.2021 19:11:52,-34.698,967.773,967.193,715.301,1139.251,-36.228,0.047
01.12.2021 19:11:53,-34.592,967.102,967.285,715.850,1140.563,-36.256,-0.015
01.12.2021 19:11:54,-34.499,967.285,967.559,716.522,1139.434,-36.112,-0.022
01.12.2021 19:11:55,-34.394,968.353,968.963,718.017,1140.014,-35.993,-0.049
01.12.2021 19:11:56,-34.298,969.299,969.512,718.566,1140.319,-35.956,-0.017
01.12.2021 19:11:57,-34.198,969.513,969.970,719.726,1140.533,-35.849,-0.037
01.12.2021 19:11:58,-34.097,969.909,970.184,719.543,1139.404,-35.793,-0.022
01.12.2021 19:11:59,-34.007,970.031,969.818,720.123,1138.610,-35.680,0.017
01.12.2021 19:12:00,-33.904,969.817,970.214,721.160,1139.953,-35.661,-0.032
01.12.2021 19:12:01,-33.803,970.031,970.611,722.137,1139.801,-35.549,-0.047
01.12.2021 19:12:02,-33.703,972.137,972.015,723.693,1141.754,-35.516,0.009
01.12.2021 19:12:03,-33.605,971.801,972.351,723.541,1140.136,-35.425,-0.044
01.12.2021 19:12:04,-33.494,972.534,972.259,724.334,1140.838,-35.389,0.022
01.12.2021 19:12:05,-33.401,972.350,973.205,724.884,1140.411,-35.303,-0.069
01.12.2021 19:12:06,-33.308,972.107,972.351,725.189,1140.503,-35.278,-0.019
01.12.2021 19:12:07,-33.205,974.182,974.395,727.416,1142.456,-35.176,-0.017
01.12.2021 19:12:08,-33.107,973.785,974.487,728.302,1141.998,-35.054,-0.057
01.12.2021 19:12:09,-33.007,974.548,974.670,729.064,1141.937,-34.971,-0.009
01.12.2021 19:12:10,-32.904,974.212,974.883,729.858,1141.418,-34.855,-0.054
01.12.2021 19:12:11,-32.808,975.738,976.287,730.560,1142.181,-34.832,-0.044
01.12.2021 19:12:12,-32.708,975.677,976.165,731.628,1141.998,-34.710,-0.039
01.12.2021 19:12:13,-32.607,975.799,976.623,732.604,1142.669,-34.654,-0.066
01.12.2021 19:12:14,-32.504,975.738,975.738,732.635,1142.333,-34.629,-0.000
01.12.2021 19:12:15,-32.406,977.325,978.179,734.680,1144.287,-34.547,-0.069
01.12.2021 19:12:16,-32.306,977.813,978.240,735.595,1144.409,-34.461,-0.034
01.12.2021 19:12:17,-32.208,977.783,978.424,735.687,1143.524,-34.393,-0.051
01.12.2021 19:12:18,-32.102,978.668,979.461,736.602,1143.951,-34.328,-0.064
01.12.2021 19:12:19,-31.992,978.241,978.057,737.243,1144.287,-34.284,0.014
01.12.2021 19:12:20,-31.906,978.576,978.881,737.945,1144.317,-34.214,-0.024
01.12.2021 19:12:21,-31.801,978.851,979.614,738.433,1145.324,-34.231,-0.061
01.12.2021 19:12:22,-31.693,980.438,980.712,740.142,1146.209,-34.114,-0.022
01.12.2021 19:12:23,-31.600,981.353,980.865,741.485,1147.003,-34.030,0.039
01.12.2021 19:12:24,-31.494,982.025,982.696,742.614,1146.697,-33.895,-0.054
01.12.2021 19:12:25,-31.406,981.018,981.872,742.767,1146.453,-33.863,-0.068
01.12.2021 19:12:26,-31.298,981.445,981.902,743.011,1146.118,-33.816,-0.036
01.12.2021 19:12:27,-31.205,980.651,981.475,742.828,1145.416,-33.788,-0.066
01.12.2021 19:12:28,-31.105,981.048,982.055,744.018,1144.897,-33.633,-0.081
01.12.2021 19:12:29,-30.997,981.475,982.055,744.781,1145.782,-33.614,-0.046
01.12.2021 19:12:30,-30.901,981.903,982.788,746.215,1145.446,-33.446,-0.071
01.12.2021 19:12:31,-30.798,982.421,983.154,747.711,1144.622,-33.240,-0.059
01.12.2021 19:12:32,-30.700,982.391,982.330,747.558,1144.531,-33.249,0.004
01.12.2021 19:12:33,-30.597,980.529,981.933,748.229,1144.073,-33.151,-0.113
01.12.2021 19:12:34,-30.502,983.001,983.550,750.396,1146.545,-33.095,-0.044
01.12.2021 19:12:35,-30.401,983.001,983.917,752.166,1146.087,-32.887,-0.073
01.12.2021 19:12:36,-30.293,983.795,985.259,753.845,1147.399,-32.804,-0.117
01.12.2021 19:12:37,-30.198,982.971,984.039,753.753,1145.660,-32.698,-0.086
01.12.2021 19:12:38,-30.097,983.367,984.283,754.699,1144.989,-32.559,-0.073
01.12.2021 19:12:39,-29.994,982.879,983.520,755.645,1145.507,-32.498,-0.051
01.12.2021 19:12:40,-29.891,982.849,983.367,756.591,1145.477,-32.401,-0.041
01.12.2021 19:12:41,-29.808,983.825,984.802,758.392,1146.362,-32.279,-0.078
01.12.2021 19:12:42,-29.703,985.137,986.083,760.101,1147.155,-32.161,-0.076
01.12.2021 19:12:43,-29.595,985.321,985.961,761.016,1146.697,-32.039,-0.051
01.12.2021 19:12:44,-29.499,985.198,985.992,761.932,1146.118,-31.909,-0.063
01.12.2021 19:12:45,-29.401,984.405,985.412,762.268,1146.026,-31.870,-0.081
01.12.2021 19:12:46,-29.308,983.978,985.229,763.366,1146.148,-31.768,-0.100
01.12.2021 19:12:47,-29.205,984.802,985.046,764.526,1146.392,-31.669,-0.019
01.12.2021 19:12:48,-29.107,984.222,986.450,766.082,1147.430,-31.583,-0.179
01.12.2021 19:12:49,-28.994,987.152,987.396,767.883,1148.162,-31.453,-0.019
01.12.2021 19:12:50,-28.894,985.565,986.266,767.181,1145.691,-31.358,-0.056
01.12.2021 19:12:51,-28.801,986.266,987.304,768.890,1146.789,-31.262,-0.083
01.12.2021 19:12:52,-28.695,986.023,985.565,769.805,1146.240,-31.135,0.036
01.12.2021 19:12:53,-28.600,985.534,986.419,770.385,1146.026,-31.063,-0.071
01.12.2021 19:12:54,-28.504,985.626,985.565,770.782,1145.812,-31.010,0.004
01.12.2021 19:12:55,-28.391,986.328,987.792,773.834,1146.453,-30.751,-0.117
01.12.2021 19:12:56,-28.308,986.724,987.670,774.139,1146.240,-30.707,-0.075
01.12.2021 19:12:57,-28.200,988.159,988.586,775.634,1146.698,-30.590,-0.034
01.12.2021 19:12:58,-28.092,986.816,987.854,776.000,1145.690,-30.487,-0.083
01.12.2021 19:12:59,-27.994,987.976,988.464,777.832,1146.270,-30.346,-0.039
01.12.2021 19:13:00,-27.891,987.609,988.525,778.503,1146.636,-30.304,-0.073
01.12.2021 19:13:01,-27.798,987.518,988.372,779.449,1146.636,-30.212,-0.068
01.12.2021 19:13:02,-27.695,987.945,988.678,781.768,1146.148,-29.952,-0.058
01.12.2021 19:13:03,-27.597,987.762,988.647,782.440,1146.545,-29.913,-0.070
01.12.2021 19:13:04,-27.504,989.257,989.105,784.027,1146.118,-29.730,0.012
01.12.2021 19:13:05,-27.391,987.579,988.708,784.271,1146.148,-29.708,-0.090
01.12.2021 19:13:06,-27.296,988.494,989.563,785.858,1147.033,-29.612,-0.085
01.12.2021 19:13:07,-27.198,989.288,990.112,787.689,1148.193,-29.512,-0.065
01.12.2021 19:13:08,-27.092,988.647,989.380,788.116,1145.935,-29.320,-0.058
01.12.2021 19:13:09,-26.997,988.708,989.318,789.764,1147.094,-29.237,-0.048
01.12.2021 19:13:10,-26.906,990.203,991.180,791.595,1147.552,-29.090,-0.078
01.12.2021 19:13:11,-26.796,988.678,989.990,791.717,1146.820,-29.030,-0.105
01.12.2021 19:13:12,-26.705,988.891,989.135,792.968,1147.186,-28.933,-0.019
01.12.2021 19:13:13,-26.595,990.051,990.844,795.745,1148.223,-28.735,-0.063
01.12.2021 19:13:14,-26.507,989.318,991.058,796.081,1147.857,-28.678,-0.139
01.12.2021 19:13:15,-26.406,990.753,991.302,798.095,1148.773,-28.545,-0.043
01.12.2021 19:13:16,-26.293,989.257,990.905,798.889,1147.522,-28.386,-0.131
01.12.2021 19:13:17,-26.195,990.539,991.485,800.048,1149.017,-28.374,-0.075
01.12.2021 19:13:18,-26.095,990.966,991.912,802.276,1149.566,-28.197,-0.075
01.12.2021 19:13:19,-25.992,989.776,990.936,802.185,1148.498,-28.135,-0.092
01.12.2021 19:13:20,-25.894,990.417,990.936,803.894,1149.413,-28.033,-0.041
01.12.2021 19:13:21,-25.796,990.844,992.340,805.419,1150.024,-27.928,-0.119
01.12.2021 19:13:22,-25.698,990.936,991.790,806.732,1149.414,-27.762,-0.068
01.12.2021 19:13:23,-25.607,991.241,992.065,808.502,1149.383,-27.592,-0.065
01.12.2021 19:13:25,-25.492,990.447,991.119,808.624,1148.284,-27.507,-0.053
01.12.2021 19:13:26,-25.391,990.325,990.783,809.356,1148.498,-27.451,-0.036
01.12.2021 19:13:27,-25.293,990.661,991.790,811.859,1149.688,-27.294,-0.090
01.12.2021 19:13:28,-25.205,990.753,991.546,812.866,1149.200,-27.166,-0.063
01.12.2021 19:13:29,-25.097,990.814,991.729,814.636,1149.414,-27.013,-0.073
01.12.2021 19:13:30,-25.007,990.539,991.699,815.032,1148.864,-26.938,-0.092
01.12.2021 19:13:31,-24.901,991.180,992.096,816.680,1149.169,-26.803,-0.073
01.12.2021 19:13:32,-24.808,991.210,991.821,817.901,1148.681,-26.656,-0.048
01.12.2021 19:13:33,-24.708,990.203,991.394,819.122,1148.254,-26.512,-0.095
01.12.2021 19:13:34,-24.605,990.814,992.004,821.105,1148.956,-26.373,-0.095
01.12.2021 19:13:35,-24.507,990.966,991.943,822.631,1148.956,-26.230,-0.078
01.12.2021 19:13:36,-24.404,990.783,992.065,824.737,1149.719,-26.084,-0.102
01.12.2021 19:13:37,-24.303,991.668,992.828,826.171,1149.536,-25.938,-0.092
01.12.2021 19:13:38,-24.208,991.882,993.103,827.240,1149.200,-25.816,-0.097
01.12.2021 19:13:39,-24.107,992.248,993.072,829.193,1149.719,-25.668,-0.065
01.12.2021 19:13:40,-24.002,991.790,992.370,830.444,1149.627,-25.546,-0.046
01.12.2021 19:13:41,-23.896,992.706,993.560,832.153,1149.963,-25.410,-0.068
01.12.2021 19:13:42,-23.798,992.706,993.011,833.557,1150.360,-25.306,-0.024
01.12.2021 19:13:43,-23.698,991.699,992.462,833.557,1149.383,-25.241,-0.060
01.12.2021 19:13:44,-23.607,991.638,991.119,835.388,1148.132,-24.987,0.041
01.12.2021 19:13:45,-23.504,992.096,992.584,836.914,1149.169,-24.916,-0.038
01.12.2021 19:13:46,-23.406,991.485,991.485,838.256,1149.200,-24.794,0.000
01.12.2021 19:13:47,-23.306,991.973,993.988,840.576,1150.390,-24.660,-0.160
01.12.2021 19:13:48,-23.205,991.668,992.431,841.186,1149.810,-24.565,-0.060
01.12.2021 19:13:49,-23.107,992.370,993.102,842.865,1149.383,-24.382,-0.058
01.12.2021 19:13:50,-23.002,992.675,993.682,845.092,1149.841,-24.209,-0.080
01.12.2021 19:13:51,-22.899,994.079,994.232,845.916,1149.902,-24.138,-0.012
01.12.2021 19:13:52,-22.793,991.577,992.401,846.496,1148.132,-23.965,-0.065
01.12.2021 19:13:53,-22.698,991.882,993.286,848.052,1148.559,-23.852,-0.112
01.12.2021 19:13:54,-22.607,991.943,992.431,849.975,1148.468,-23.670,-0.038
01.12.2021 19:13:55,-22.492,992.370,993.408,851.196,1148.193,-23.541,-0.082
01.12.2021 19:13:56,-22.406,992.828,993.286,852.874,1148.956,-23.439,-0.036
01.12.2021 19:13:57,-22.308,992.828,993.926,854.370,1148.010,-23.240,-0.087
01.12.2021 19:13:58,-22.208,993.682,994.567,855.743,1148.834,-23.171,-0.070
01.12.2021 19:13:59,-22.107,992.706,993.469,856.750,1147.216,-22.970,-0.060
01.12.2021 19:14:00,-22.004,991.393,993.255,857.299,1146.575,-22.877,-0.148
01.12.2021 19:14:01,-21.891,992.523,993.469,859.893,1146.820,-22.659,-0.075
01.12.2021 19:14:02,-21.801,992.034,993.377,860.168,1146.087,-22.585,-0.107
01.12.2021 19:14:03,-21.693,991.668,993.072,862.030,1145.111,-22.351,-0.112
01.12.2021 19:14:04,-21.592,992.492,994.812,863.342,1146.148,-22.303,-0.184
01.12.2021 19:14:05,-21.492,992.065,992.950,864.349,1145.111,-22.142,-0.070
01.12.2021 19:14:06,-21.394,992.675,994.567,866.699,1146.453,-22.022,-0.150
01.12.2021 19:14:07,-21.293,992.736,993.438,868.316,1145.294,-21.799,-0.056
01.12.2021 19:14:08,-21.193,992.950,994.415,869.110,1144.866,-21.699,-0.116
01.12.2021 19:14:09,-21.102,991.912,992.797,870.819,1143.463,-21.450,-0.070
01.12.2021 19:14:10,-20.992,992.187,993.469,872.985,1143.646,-21.270,-0.102
01.12.2021 19:14:11,-20.894,991.546,993.164,873.474,1142.211,-21.128,-0.129
01.12.2021 19:14:12,-20.803,991.638,992.523,875.701,1141.906,-20.909,-0.070
01.12.2021 19:14:13,-20.698,991.088,993.041,876.861,1141.937,-20.808,-0.156
01.12.2021 19:14:14,-20.607,990.753,992.096,877.807,1140.869,-20.651,-0.107
01.12.2021 19:14:15,-20.492,991.302,993.103,880.249,1141.876,-20.504,-0.143
01.12.2021 19:14:16,-20.404,990.966,993.408,881.103,1140.899,-20.362,-0.194
01.12.2021 19:14:17,-20.293,991.424,992.614,882.537,1140.075,-20.178,-0.095
01.12.2021 19:14:18,-20.208,990.173,992.706,883.758,1140.228,-20.081,-0.202
01.12.2021 19:14:19,-20.105,989.929,991.943,884.979,1139.801,-19.944,-0.161
01.12.2021 19:14:20,-20.004,990.997,992.157,886.779,1140.136,-19.809,-0.092
01.12.2021 19:14:21,-19.891,991.119,993.469,888.427,1139.831,-19.643,-0.187
01.12.2021 19:14:22,-19.793,990.661,992.614,889.831,1139.373,-19.488,-0.156
01.12.2021 19:14:23,-19.695,990.295,992.278,890.899,1137.847,-19.290,-0.158
01.12.2021 19:14:24,-19.592,990.966,992.431,892.120,1138.092,-19.200,-0.117
01.12.2021 19:14:25,-19.494,988.952,991.272,892.456,1136.627,-19.070,-0.185
01.12.2021 19:14:26,-19.396,989.410,991.546,893.829,1137.085,-18.982,-0.170
01.12.2021 19:14:27,-19.303,989.959,992.523,895.538,1136.261,-18.776,-0.204
01.12.2021 19:14:28,-19.205,989.471,992.065,896.392,1136.078,-18.689,-0.207
01.12.2021 19:14:29,-19.107,989.318,991.271,897.216,1134.979,-18.541,-0.156
01.12.2021 19:14:30,-18.994,988.006,989.837,897.552,1133.056,-18.379,-0.146
01.12.2021 19:14:31,-18.891,988.983,990.905,899.047,1134.155,-18.325,-0.153
01.12.2021 19:14:32,-18.798,988.586,990.173,900.665,1133.789,-18.159,-0.127
01.12.2021 19:14:33,-18.708,987.792,989.562,902.008,1132.507,-17.954,-0.141
01.12.2021 19:14:34,-18.595,988.433,990.600,903.381,1132.873,-17.861,-0.173
01.12.2021 19:14:35,-18.507,988.525,989.715,904.418,1131.530,-17.678,-0.095
01.12.2021 19:14:36,-18.404,987.945,989.471,904.998,1130.859,-17.581,-0.122
01.12.2021 19:14:37,-18.301,988.311,989.715,906.585,1130.462,-17.417,-0.112
01.12.2021 19:14:38,-18.195,987.518,989.105,907.409,1129.760,-17.297,-0.127
01.12.2021 19:14:39,-18.095,985.992,988.769,907.806,1128.753,-17.193,-0.222
01.12.2021 19:14:40,-18.002,987.548,990.020,910.552,1130.645,-17.088,-0.198
01.12.2021 19:14:41,-17.899,987.396,989.898,911.743,1129.486,-16.905,-0.200
01.12.2021 19:14:42,-17.801,987.670,989.654,913.055,1129.608,-16.801,-0.158
01.12.2021 19:14:43,-17.695,986.328,988.952,913.238,1126.342,-16.558,-0.210
01.12.2021 19:14:44,-17.597,985.778,988.098,913.665,1125.976,-16.496,-0.186
01.12.2021 19:14:45,-17.497,985.717,987.853,915.222,1126.190,-16.377,-0.171
01.12.2021 19:14:46,-17.396,985.961,988.494,916.503,1126.312,-16.276,-0.203
01.12.2021 19:14:47,-17.296,985.534,988.525,917.144,1125.518,-16.166,-0.240
01.12.2021 19:14:48,-17.198,985.595,987.609,918.029,1125.366,-16.080,-0.161
01.12.2021 19:14:49,-17.107,985.351,987.884,919.372,1125.183,-15.952,-0.203
01.12.2021 19:14:50,-16.994,984.924,986.786,919.494,1123.748,-15.842,-0.149
01.12.2021 19:14:51,-16.896,983.917,986.785,920.196,1123.443,-15.761,-0.230
01.12.2021 19:14:52,-16.808,983.978,985.839,920.806,1122.802,-15.664,-0.149
01.12.2021 19:14:53,-16.705,984.069,987.121,923.156,1123.748,-15.530,-0.245
01.12.2021 19:14:54,-16.595,985.015,986.694,923.523,1122.467,-15.409,-0.134
01.12.2021 19:14:55,-16.494,983.459,985.992,924.163,1122.406,-15.351,-0.203
01.12.2021 19:14:56,-16.404,984.710,986.083,925.445,1121.337,-15.167,-0.110
01.12.2021 19:14:57,-16.293,984.619,987.121,927.337,1121.917,-15.047,-0.201
01.12.2021 19:14:58,-16.200,983.428,985.199,926.818,1120.727,-15.008,-0.142
01.12.2021 19:14:59,-16.095,983.337,985.778,928.405,1120.697,-14.871,-0.196
01.12.2021 19:15:00,-15.994,982.452,984.557,927.948,1118.804,-14.777,-0.169
01.12.2021 19:15:01,-15.906,981.964,984.161,929.626,1118.652,-14.625,-0.177
01.12.2021 19:15:02,-15.801,982.910,985.137,930.725,1119.049,-14.560,-0.179
01.12.2021 19:15:03,-15.708,982.025,984.039,930.908,1116.882,-14.392,-0.162
01.12.2021 19:15:04,-15.607,982.421,983.947,932.373,1116.912,-14.271,-0.122
01.12.2021 19:15:05,-15.507,981.018,983.062,933.227,1115.753,-14.117,-0.164
01.12.2021 19:15:06,-15.404,981.841,983.490,935.089,1115.417,-13.937,-0.132
01.12.2021 19:15:07,-15.296,980.560,982.116,934.783,1113.800,-13.848,-0.125
01.12.2021 19:15:08,-15.208,981.658,982.910,936.584,1114.196,-13.725,-0.100
01.12.2021 19:15:10,-15.107,981.292,981.628,937.683,1112.151,-13.488,-0.027
01.12.2021 19:15:11,-15.004,981.079,982.574,938.324,1111.663,-13.400,-0.120
01.12.2021 19:15:12,-14.894,979.858,981.597,938.903,1110.626,-13.278,-0.140
01.12.2021 19:15:13,-14.798,979.522,982.177,940.124,1109.557,-13.100,-0.214
01.12.2021 19:15:14,-14.703,979.003,980.468,940.704,1108.734,-12.993,-0.118
01.12.2021 19:15:15,-14.595,978.546,980.224,941.406,1107.147,-12.821,-0.135
01.12.2021 19:15:16,-14.507,979.278,981.567,942.840,1107.421,-12.721,-0.184
01.12.2021 19:15:17,-14.394,976.959,978.576,941.864,1103.485,-12.522,-0.131
01.12.2021 19:15:18,-14.308,977.264,978.973,943.023,1103.424,-12.421,-0.138
01.12.2021 19:15:19,-14.195,976.684,978.424,943.908,1102.569,-12.286,-0.140
01.12.2021 19:15:20,-14.102,975.830,977.569,944.213,1101.867,-12.211,-0.141
01.12.2021 19:15:21,-14.007,975.952,977.844,945.617,1101.226,-12.048,-0.153
01.12.2021 19:15:22,-13.861,975.524,977.264,946.411,1098.571,-11.791,-0.141
01.12.2021 19:15:23,-13.808,975.311,977.722,947.418,1099.395,-11.767,-0.195
01.12.2021 19:15:24,-13.708,975.860,977.416,947.845,1098.266,-11.650,-0.126
01.12.2021 19:15:25,-13.595,975.097,976.806,948.516,1098.083,-11.581,-0.138
01.12.2021 19:15:26,-13.507,974.700,976.501,948.669,1096.771,-11.474,-0.146
01.12.2021 19:15:27,-13.406,975.524,977.233,950.744,1097.686,-11.368,-0.138
01.12.2021 19:15:28,-13.306,974.517,976.379,950.378,1095.519,-11.242,-0.151
01.12.2021 19:15:29,-13.203,975.067,977.264,952.423,1096.527,-11.145,-0.178
01.12.2021 19:15:30,-13.107,974.059,975.921,952.178,1094.238,-11.001,-0.151
01.12.2021 19:15:31,-12.997,974.121,975.525,952.758,1094.268,-10.955,-0.114
01.12.2021 19:15:32,-12.894,972.381,973.815,951.385,1092.223,-10.921,-0.116
01.12.2021 19:15:33,-12.806,972.107,974.700,953.307,1091.888,-10.738,-0.211
01.12.2021 19:15:34,-12.700,971.466,973.815,953.216,1090.942,-10.677,-0.191
01.12.2021 19:15:35,-12.602,972.290,974.548,954.742,1090.972,-10.553,-0.183
01.12.2021 19:15:36,-12.507,971.862,973.876,954.833,1089.355,-10.428,-0.164
01.12.2021 19:15:37,-12.394,972.228,972.808,955.413,1088.195,-10.297,-0.047
01.12.2021 19:15:38,-12.298,972.473,973.754,956.207,1088.073,-10.222,-0.104
01.12.2021 19:15:39,-12.198,971.160,972.717,955.932,1087.585,-10.209,-0.126
01.12.2021 19:15:40,-12.095,971.649,973.205,957.611,1086.700,-10.007,-0.126
01.12.2021 19:15:41,-11.994,970.519,972.351,957.702,1085.479,-9.910,-0.149
01.12.2021 19:15:42,-11.894,971.343,972.534,958.831,1085.113,-9.791,-0.097
01.12.2021 19:15:43,-11.796,970.428,971.527,958.618,1083.282,-9.675,-0.089
01.12.2021 19:15:44,-11.693,968.994,970.550,957.977,1081.298,-9.583,-0.127
01.12.2021 19:15:45,-11.595,968.872,969.879,958.587,1080.993,-9.511,-0.082
01.12.2021 19:15:46,-11.504,969.390,971.557,960.144,1081.695,-9.434,-0.176
01.12.2021 19:15:47,-11.391,968.048,969.787,959.747,1079.864,-9.333,-0.142
01.12.2021 19:15:48,-11.293,967.498,969.970,960.449,1079.254,-9.230,-0.202
01.12.2021 19:15:49,-11.193,968.170,969.634,960.266,1079.437,-9.259,-0.119
01.12.2021 19:15:50,-11.095,969.299,969.665,962.432,1078.643,-9.023,-0.029
01.12.2021 19:15:51,-11.007,967.132,968.109,960.083,1076.507,-9.059,-0.079
01.12.2021 19:15:52,-10.891,966.644,968.109,961.639,1076.843,-8.956,-0.119
01.12.2021 19:15:53,-10.803,967.498,968.353,962.432,1076.782,-8.886,-0.069
01.12.2021 19:15:54,-10.708,966.766,968.383,961.730,1076.110,-8.895,-0.132
01.12.2021 19:15:55,-10.605,966.247,968.139,962.707,1075.469,-8.767,-0.155
01.12.2021 19:15:56,-10.502,965.698,966.979,962.432,1073.059,-8.613,-0.105
01.12.2021 19:15:57,-10.399,966.125,966.369,962.921,1073.516,-8.606,-0.020
01.12.2021 19:15:58,-10.298,965.942,966.644,963.287,1074.005,-8.612,-0.057
01.12.2021 19:15:59,-10.195,964.874,966.461,963.928,1074.401,-8.589,-0.130
01.12.2021 19:16:00,-10.095,964.569,965.362,964.233,1073.181,-8.474,-0.065
01.12.2021 19:16:01,-9.999,964.355,965.850,965.026,1073.089,-8.402,-0.122
01.12.2021 19:16:02,-9.891,963.836,965.423,965.667,1072.448,-8.303,-0.130
01.12.2021 19:16:03,-9.793,963.226,964.935,965.423,1071.807,-8.275,-0.140
01.12.2021 19:16:04,-9.693,962.493,963.226,964.752,1070.434,-8.229,-0.060
01.12.2021 19:16:05,-9.592,962.432,962.554,965.972,1069.976,-8.095,-0.010
01.12.2021 19:16:06,-9.494,962.890,963.439,967.376,1070.190,-7.996,-0.045
01.12.2021 19:16:07,-9.399,962.829,964.294,967.590,1069.671,-7.940,-0.120
01.12.2021 19:16:08,-9.296,963.165,963.989,968.811,1069.152,-7.802,-0.067
01.12.2021 19:16:09,-9.198,963.409,963.379,969.604,1067.047,-7.582,0.002
01.12.2021 19:16:10,-9.105,962.738,963.745,969.665,1067.504,-7.611,-0.082
01.12.2021 19:16:11,-8.994,961.120,961.273,969.787,1065.582,-7.458,-0.012
01.12.2021 19:16:12,-8.904,961.486,962.799,971.374,1065.643,-7.334,-0.108
01.12.2021 19:16:13,-8.803,961.364,962.219,971.862,1064.941,-7.242,-0.070
01.12.2021 19:16:14,-8.703,961.791,962.310,972.381,1064.239,-7.147,-0.042
01.12.2021 19:16:15,-8.597,960.723,961.913,973.205,1063.079,-6.994,-0.098
01.12.2021 19:16:16,-8.499,961.608,962.493,974.945,1063.598,-6.892,-0.072
01.12.2021 19:16:17,-8.406,961.730,961.944,975.128,1062.072,-6.763,-0.017
01.12.2021 19:16:18,-8.296,960.388,960.968,974.975,1061.248,-6.714,-0.047
01.12.2021 19:16:19,-8.203,959.411,960.662,974.670,1059.356,-6.598,-0.103
01.12.2021 19:16:20,-8.097,958.892,959.747,974.883,1058.319,-6.503,-0.070
01.12.2021 19:16:21,-8.007,959.014,959.686,975.708,1056.915,-6.331,-0.055
01.12.2021 19:16:22,-7.906,958.831,960.235,977.294,1056.427,-6.166,-0.115
01.12.2021 19:16:23,-7.803,958.679,959.594,976.471,1055.603,-6.171,-0.075
01.12.2021 19:16:24,-7.700,958.068,958.404,976.409,1054.656,-6.105,-0.027
01.12.2021 19:16:25,-7.595,958.099,959.411,977.935,1054.534,-5.972,-0.108
01.12.2021 19:16:26,-7.507,957.916,959.045,977.966,1054.138,-5.940,-0.093
01.12.2021 19:16:27,-7.406,957.519,958.343,978.576,1054.199,-5.895,-0.068
01.12.2021 19:16:28,-7.293,957.519,958.831,979.308,1053.863,-5.811,-0.108
01.12.2021 19:16:29,-7.208,957.611,959.472,980.346,1053.314,-5.686,-0.153
01.12.2021 19:16:30,-7.097,958.679,959.228,980.682,1052.734,-5.615,-0.045
01.12.2021 19:16:31,-7.007,956.451,957.580,980.621,1051.696,-5.542,-0.093
01.12.2021 19:16:32,-6.904,955.841,956.939,979.950,1050.537,-5.509,-0.091
01.12.2021 19:16:33,-6.801,956.817,956.542,981.140,1050.933,-5.443,0.022
01.12.2021 19:16:34,-6.700,957.397,958.892,981.750,1050.628,-5.370,-0.123
01.12.2021 19:16:35,-6.600,956.542,957.885,981.475,1049.743,-5.326,-0.111
01.12.2021 19:16:36,-6.492,957.336,957.702,982.818,1048.461,-5.121,-0.030
01.12.2021 19:16:37,-6.394,955.322,956.054,981.994,1046.508,-5.040,-0.060
01.12.2021 19:16:38,-6.301,955.352,956.390,982.483,1046.783,-5.021,-0.086
01.12.2021 19:16:39,-6.208,956.024,956.970,983.642,1046.112,-4.877,-0.078
01.12.2021 19:16:40,-6.105,956.726,957.427,984.863,1046.569,-4.813,-0.058
01.12.2021 19:16:41,-6.002,955.993,956.634,985.015,1045.959,-4.755,-0.053
01.12.2021 19:16:42,-5.891,956.512,956.878,985.534,1045.104,-4.649,-0.030
01.12.2021 19:16:43,-5.796,956.390,956.451,985.748,1044.433,-4.581,-0.005
01.12.2021 19:16:44,-5.708,954.162,955.719,985.076,1042.419,-4.482,-0.129
01.12.2021 19:16:45,-5.597,955.200,955.749,986.328,1042.785,-4.409,-0.045
01.12.2021 19:16:46,-5.499,954.193,955.200,986.114,1041.473,-4.326,-0.083
01.12.2021 19:16:47,-5.394,955.718,956.451,987.854,1042.297,-4.249,-0.060
01.12.2021 19:16:48,-5.301,955.047,955.383,988.281,1041.351,-4.143,-0.027
01.12.2021 19:16:49,-5.195,955.596,956.451,987.945,1040.191,-4.082,-0.070
01.12.2021 19:16:50,-5.102,954.467,955.658,987.640,1038.452,-3.974,-0.098
01.12.2021 19:16:51,-4.999,954.559,954.620,988.189,1037.658,-3.869,-0.005
01.12.2021 19:16:52,-4.891,955.078,955.261,989.502,1037.475,-3.750,-0.015
01.12.2021 19:16:53,-4.806,954.437,954.437,989.471,1037.078,-3.722,0.000
01.12.2021 19:16:55,-4.693,955.841,956.268,990.783,1037.811,-3.673,-0.035
01.12.2021 19:16:56,-4.607,955.291,955.383,990.661,1036.468,-3.581,-0.007
01.12.2021 19:16:57,-4.504,955.169,956.085,990.966,1035.949,-3.517,-0.075
01.12.2021 19:16:58,-4.406,955.627,955.658,991.851,1036.407,-3.481,-0.002
01.12.2021 19:16:59,-4.306,954.376,954.711,990.936,1035.675,-3.498,-0.027
01.12.2021 19:17:00,-4.203,953.857,954.803,991.790,1035.797,-3.439,-0.078
01.12.2021 19:17:01,-4.100,954.070,954.254,991.485,1034.637,-3.375,-0.015
01.12.2021 19:17:02,-3.992,955.902,955.047,993.316,1036.102,-3.341,0.070
01.12.2021 19:17:03,-3.891,954.956,954.956,992.675,1034.088,-3.238,0.000
01.12.2021 19:17:04,-3.808,954.009,954.376,991.516,1033.416,-3.279,-0.030
01.12.2021 19:17:05,-3.703,954.284,954.132,993.102,1033.020,-3.122,0.012
01.12.2021 19:17:06,-3.607,953.338,953.674,993.225,1032.287,-3.056,-0.027
01.12.2021 19:17:07,-3.507,954.498,954.498,994.476,1033.355,-3.038,0.000
01.12.2021 19:17:08,-3.391,953.735,954.132,994.293,1031.951,-2.945,-0.032
01.12.2021 19:17:09,-3.308,954.101,954.803,995.971,1032.531,-2.856,-0.058
01.12.2021 19:17:10,-3.203,954.009,954.162,995.941,1030.975,-2.739,-0.012
01.12.2021 19:17:11,-3.107,954.040,954.589,996.215,1030.792,-2.703,-0.045
01.12.2021 19:17:12,-3.004,953.521,954.315,997.589,1031.402,-2.641,-0.065
01.12.2021 19:17:13,-2.901,953.582,954.162,998.291,1030.456,-2.512,-0.048
01.12.2021 19:17:14,-2.806,953.765,953.918,998.535,1030.639,-2.507,-0.012
01.12.2021 19:17:15,-2.703,954.254,954.681,1000.305,1030.395,-2.348,-0.035
01.12.2021 19:17:16,-2.592,954.284,954.528,1000.152,1029.388,-2.282,-0.020
01.12.2021 19:17:17,-2.494,955.108,954.742,1001.403,1029.022,-2.155,0.030
01.12.2021 19:17:18,-2.406,954.650,954.559,1002.227,1028.259,-2.031,0.007
01.12.2021 19:17:19,-2.303,954.071,954.376,1002.746,1027.526,-1.934,-0.025
01.12.2021 19:17:20,-2.208,955.413,955.352,1004.730,1027.099,-1.744,0.005
01.12.2021 19:17:21,-2.105,955.139,954.620,1004.424,1026.367,-1.712,0.043
01.12.2021 19:17:22,-2.004,954.925,954.864,1004.791,1025.787,-1.638,0.005
01.12.2021 19:17:23,-1.904,955.688,955.078,1006.256,1025.055,-1.466,0.050
01.12.2021 19:17:24,-1.801,955.261,954.772,1005.706,1023.956,-1.424,0.040
01.12.2021 19:17:25,-1.705,955.169,955.444,1006.835,1024.200,-1.354,-0.022
01.12.2021 19:17:26,-1.607,954.925,955.047,1007.507,1023.773,-1.269,-0.010
01.12.2021 19:17:27,-1.499,955.841,954.986,1009.033,1022.430,-1.045,0.070
01.12.2021 19:17:28,-1.406,954.559,954.803,1008.697,1022.430,-1.071,-0.020
01.12.2021 19:17:29,-1.298,955.596,955.017,1009.002,1021.148,-0.948,0.048
01.12.2021 19:17:30,-1.193,954.986,954.315,1009.918,1020.874,-0.854,0.055
01.12.2021 19:17:31,-1.102,955.444,954.376,1010.101,1019.531,-0.736,0.088
01.12.2021 19:17:32,-0.992,955.841,954.681,1009.918,1019.928,-0.781,0.096
01.12.2021 19:17:33,-0.891,955.780,954.864,1010.772,1019.470,-0.678,0.075
01.12.2021 19:17:34,-0.798,955.505,954.376,1011.291,1017.120,-0.455,0.093
01.12.2021 19:17:35,-0.700,956.451,955.871,1013.183,1018.279,-0.397,0.048
01.12.2021 19:17:36,-0.592,956.725,956.390,1013.366,1018.554,-0.404,0.027
01.12.2021 19:17:37,-0.504,956.909,955.902,1013.488,1017.822,-0.338,0.083
01.12.2021 19:17:38,-0.396,955.413,955.169,1013.214,1016.418,-0.250,0.020
01.12.2021 19:17:39,-0.298,956.695,955.902,1014.801,1016.815,-0.157,0.065
01.12.2021 19:17:40,-0.193,955.902,955.413,1014.709,1015.991,-0.100,0.040
01.12.2021 19:17:41,-0.102,955.566,955.566,1015.502,1016.235,-0.057,-0.000
01.12.2021 19:17:42,0.008,955.322,955.383,1015.685,1014.434,0.097,-0.005
01.12.2021 19:17:43,0.109,956.146,955.780,1016.418,1014.434,0.154,0.030
01.12.2021 19:17:44,0.194,956.939,956.237,1016.967,1013.488,0.271,0.058
01.12.2021 19:17:45,0.302,956.512,955.871,1018.035,1014.160,0.302,0.053
01.12.2021 19:17:46,0.393,956.665,956.085,1018.371,1012.329,0.471,0.048
01.12.2021 19:17:47,0.508,957.122,957.031,1018.249,1012.848,0.421,0.007
01.12.2021 19:17:48,0.609,957.488,956.451,1019.500,1011.718,0.607,0.085
01.12.2021 19:17:49,0.707,958.404,957.977,1020.782,1012.054,0.680,0.035
01.12.2021 19:17:50,0.805,958.221,957.824,1020.812,1010.559,0.799,0.032
01.12.2021 19:17:51,0.905,958.099,956.970,1020.965,1009.429,0.900,0.093
01.12.2021 19:17:52,1.008,957.946,957.672,1021.392,1010.253,0.868,0.022
01.12.2021 19:17:53,1.099,957.427,956.542,1020.934,1008.911,0.938,0.073
01.12.2021 19:17:54,1.202,957.550,957.794,1022.369,1009.368,1.014,-0.020
01.12.2021 19:17:55,1.305,957.885,957.794,1022.521,1009.033,1.052,0.007
01.12.2021 19:17:56,1.398,957.153,958.068,1022.674,1007.965,1.147,-0.075
01.12.2021 19:17:57,1.496,958.129,957.611,1022.827,1007.507,1.195,0.042
01.12.2021 19:17:58,1.609,957.458,957.946,1024.078,1007.782,1.271,-0.040
01.12.2021 19:17:59,1.707,957.336,957.427,1023.529,1007.171,1.276,-0.007
01.12.2021 19:18:00,1.807,959.289,959.014,1025.573,1008.422,1.336,0.022
01.12.2021 19:18:01,1.895,958.038,957.611,1024.261,1006.713,1.369,0.035
01.12.2021 19:18:02,1.996,959.747,958.557,1026.611,1007.903,1.457,0.098
01.12.2021 19:18:03,2.094,958.953,958.312,1025.207,1005.126,1.567,0.052
01.12.2021 19:18:04,2.192,959.838,959.258,1025.573,1006.713,1.470,0.047
01.12.2021 19:18:05,2.307,959.258,958.465,1026.763,1005.859,1.629,0.065
01.12.2021 19:18:06,2.393,959.564,958.282,1026.580,1006.134,1.594,0.105
01.12.2021 19:18:07,2.508,960.113,958.984,1027.954,1005.767,1.728,0.093
01.12.2021 19:18:08,2.606,960.357,959.350,1028.564,1005.310,1.811,0.083
01.12.2021 19:18:09,2.692,960.388,959.686,1029.205,1005.187,1.870,0.057
01.12.2021 19:18:10,2.805,960.449,960.265,1029.480,1004.882,1.916,0.015
01.12.2021 19:18:11,2.903,961.364,960.540,1030.120,1005.310,1.931,0.067
01.12.2021 19:18:12,3.003,961.151,960.449,1031.280,1005.279,2.023,0.057
01.12.2021 19:18:13,3.096,961.639,960.906,1032.623,1005.645,2.097,0.060
01.12.2021 19:18:14,3.194,961.761,960.662,1033.233,1005.035,2.192,0.090
01.12.2021 19:18:15,3.305,961.273,960.418,1033.111,1004.760,2.204,0.070
01.12.2021 19:18:16,3.403,962.982,961.914,1035.339,1004.516,2.394,0.087
01.12.2021 19:18:17,3.493,962.738,961.730,1035.858,1003.936,2.480,0.082
01.12.2021 19:18:18,3.594,961.486,960.296,1035.156,1002.746,2.520,0.098
01.12.2021 19:18:19,3.692,961.212,960.601,1036.743,1002.929,2.627,0.050
01.12.2021 19:18:20,3.800,963.409,962.829,1038.604,1003.601,2.716,0.047
01.12.2021 19:18:21,3.900,963.348,962.768,1039.794,1003.082,2.848,0.047
01.12.2021 19:18:22,4.008,964.233,963.012,1040.344,1001.983,2.976,0.100
01.12.2021 19:18:23,4.109,964.752,963.134,1041.931,1001.830,3.109,0.132
01.12.2021 19:18:24,4.194,964.630,963.287,1042.297,1001.373,3.173,0.110
01.12.2021 19:18:25,4.300,964.813,962.524,1043.701,1001.281,3.287,0.188
01.12.2021 19:18:26,4.405,965.942,964.050,1045.379,1001.037,3.433,0.155
01.12.2021 19:18:27,4.496,966.217,964.965,1045.776,1000.427,3.512,0.102
01.12.2021 19:18:28,4.609,966.705,964.843,1046.783,999.359,3.673,0.152
01.12.2021 19:18:29,4.697,966.522,965.271,1046.356,998.626,3.698,0.102
01.12.2021 19:18:30,4.800,966.644,964.599,1047.912,997.467,3.908,0.167
01.12.2021 19:18:31,4.893,966.522,964.904,1048.217,996.612,3.999,0.132
01.12.2021 19:18:32,5.001,967.193,965.148,1050.445,996.765,4.155,0.167
01.12.2021 19:18:33,5.101,966.918,964.996,1050.109,995.880,4.200,0.157
01.12.2021 19:18:34,5.192,968.567,966.278,1051.757,996.124,4.305,0.187
01.12.2021 19:18:35,5.292,967.315,966.247,1051.910,996.368,4.297,0.087
01.12.2021 19:18:36,5.400,967.590,965.728,1051.635,994.598,4.417,0.152
01.12.2021 19:18:37,5.508,967.407,965.606,1052.307,993.103,4.587,0.147
01.12.2021 19:18:38,5.606,967.223,965.362,1051.605,992.767,4.561,0.152
01.12.2021 19:18:39,5.692,968.536,966.186,1054.107,993.743,4.671,0.192
01.12.2021 19:18:41,5.802,968.139,966.491,1054.779,993.469,4.743,0.135
01.12.2021 19:18:42,5.895,968.444,966.918,1055.694,992.645,4.878,0.124
01.12.2021 19:18:43,6.006,969.390,967.407,1056.060,992.187,4.942,0.162
01.12.2021 19:18:44,6.099,969.299,967.590,1056.549,991.485,5.034,0.139
01.12.2021 19:18:45,6.197,970.611,968.963,1058.319,992.614,5.077,0.134
01.12.2021 19:18:46,6.300,971.221,968.841,1059.417,992.889,5.137,0.194
01.12.2021 19:18:47,6.403,970.184,968.994,1060.302,991.760,5.293,0.097
01.12.2021 19:18:48,6.508,971.710,969.146,1061.309,992.004,5.349,0.209
01.12.2021 19:18:49,6.604,970.947,968.261,1060.333,989.318,5.490,0.219
01.12.2021 19:18:50,6.707,972.442,970.245,1062.103,990.020,5.566,0.179
01.12.2021 19:18:51,6.802,972.259,968.658,1061.309,988.464,5.632,0.294
01.12.2021 19:18:52,6.908,971.984,969.055,1062.377,988.189,5.733,0.239
01.12.2021 19:18:53,6.996,973.571,971.283,1064.361,989.257,5.795,0.186
01.12.2021 19:18:54,7.096,972.656,970.458,1064.392,987.091,5.971,0.179
01.12.2021 19:18:55,7.197,974.121,971.618,1066.558,988.220,6.042,0.203
01.12.2021 19:18:56,7.295,974.548,971.893,1066.833,986.785,6.177,0.216
01.12.2021 19:18:57,7.405,975.280,971.649,1067.138,985.199,6.327,0.295
01.12.2021 19:18:58,7.498,974.517,971.404,1067.260,985.199,6.336,0.253
01.12.2021 19:18:59,7.594,975.280,972.442,1068.695,986.206,6.361,0.230
01.12.2021 19:19:00,7.707,976.226,973.358,1070.220,985.504,6.530,0.233
01.12.2021 19:19:01,7.797,976.532,973.480,1070.495,985.504,6.551,0.248
01.12.2021 19:19:02,7.893,977.203,974.029,1071.990,984.283,6.759,0.257
01.12.2021 19:19:03,8.008,977.386,974.487,1072.723,985.015,6.754,0.235
01.12.2021 19:19:04,8.099,976.867,974.060,1071.929,983.001,6.858,0.228
01.12.2021 19:19:05,8.197,976.745,974.090,1071.990,982.605,6.894,0.215
01.12.2021 19:19:06,8.297,976.592,974.029,1073.272,982.879,6.967,0.208
01.12.2021 19:19:07,8.403,977.722,975.036,1074.066,982.940,7.020,0.217
01.12.2021 19:19:08,8.496,977.966,975.433,1075.134,982.452,7.138,0.205
01.12.2021 19:19:09,8.599,979.217,975.677,1076.507,982.604,7.227,0.286
01.12.2021 19:19:10,8.694,979.766,976.104,1076.995,981.475,7.353,0.296
01.12.2021 19:19:11,8.802,980.316,976.348,1076.965,980.285,7.447,0.321
01.12.2021 19:19:12,8.908,979.553,976.074,1077.697,980.712,7.466,0.281
01.12.2021 19:19:13,9.008,980.926,976.837,1079.040,980.316,7.597,0.331
01.12.2021 19:19:14,9.104,981.140,977.294,1078.887,979.858,7.623,0.311
01.12.2021 19:19:15,9.194,981.292,976.989,1080.352,979.736,7.740,0.348
01.12.2021 19:19:16,9.307,980.255,976.745,1079.376,977.844,7.821,0.284
01.12.2021 19:19:17,9.403,980.895,977.020,1080.139,977.142,7.934,0.313
01.12.2021 19:19:18,9.508,981.231,977.111,1081.054,976.287,8.070,0.333
01.12.2021 19:19:19,9.609,981.719,977.966,1082.824,976.867,8.152,0.303
01.12.2021 19:19:20,9.699,983.215,978.851,1084.991,976.562,8.335,0.352
01.12.2021 19:19:21,9.802,982.574,979.003,1085.083,976.104,8.379,0.288
01.12.2021 19:19:22,9.905,984.161,980.316,1087.249,976.562,8.499,0.310
01.12.2021 19:19:23,10.001,984.558,979.797,1087.615,975.402,8.620,0.384
01.12.2021 19:19:24,10.101,984.222,979.431,1087.341,974.151,8.701,0.386
01.12.2021 19:19:25,10.207,984.435,980.285,1088.562,973.968,8.805,0.334
01.12.2021 19:19:26,10.302,984.649,980.590,1089.904,973.236,8.961,0.327
01.12.2021 19:19:27,10.398,986.450,982.696,1092.895,974.334,9.089,0.302
01.12.2021 19:19:28,10.501,986.877,982.757,1094.024,973.327,9.252,0.331
01.12.2021 19:19:29,10.599,986.114,981.323,1093.383,971.344,9.367,0.385
01.12.2021 19:19:30,10.699,988.250,983.703,1095.764,971.466,9.528,0.365
01.12.2021 19:19:31,10.797,987.853,983.306,1095.825,970.611,9.602,0.365
01.12.2021 19:19:32,10.895,987.640,983.184,1096.893,969.207,9.794,0.358
01.12.2021 19:19:33,11.006,987.304,983.550,1097.534,968.902,9.864,0.301
01.12.2021 19:19:34,11.099,990.234,985.015,1100.189,969.512,10.005,0.418
01.12.2021 19:19:35,11.194,988.983,984.924,1100.768,968.963,10.092,0.325
01.12.2021 19:19:36,11.302,990.753,986.297,1102.661,968.109,10.297,0.357
01.12.2021 19:19:37,11.395,990.051,984.649,1101.837,966.064,10.405,0.433
01.12.2021 19:19:38,11.506,990.997,985.626,1102.661,965.393,10.519,0.430
01.12.2021 19:19:39,11.599,990.783,985.504,1103.149,964.263,10.646,0.423
01.12.2021 19:19:40,11.704,991.882,986.633,1104.064,964.172,10.719,0.420
01.12.2021 19:19:41,11.792,992.095,987.029,1104.705,963.500,10.819,0.405
01.12.2021 19:19:42,11.900,993.499,987.426,1106.658,964.111,10.909,0.485
01.12.2021 19:19:43,11.996,993.774,988.342,1107.788,963.134,11.069,0.434
01.12.2021 19:19:44,12.101,993.804,988.311,1107.910,962.066,11.165,0.439
01.12.2021 19:19:45,12.202,993.103,987.640,1108.367,960.205,11.351,0.437
01.12.2021 19:19:46,12.307,993.316,987.732,1108.581,959.747,11.403,0.446
01.12.2021 19:19:47,12.405,994.049,988.708,1110.168,959.350,11.549,0.426
01.12.2021 19:19:48,12.506,993.865,988.891,1110.412,957.977,11.679,0.397
01.12.2021 19:19:49,12.599,994.567,988.952,1111.755,957.824,11.787,0.448
01.12.2021 19:19:50,12.694,996.307,991.271,1113.647,957.519,11.946,0.401
01.12.2021 19:19:51,12.797,994.995,989.227,1111.907,955.932,11.953,0.460
01.12.2021 19:19:52,12.903,994.415,989.013,1113.494,954.711,12.166,0.431
01.12.2021 19:19:53,13.006,995.117,989.624,1113.250,954.101,12.200,0.438
01.12.2021 19:19:54,13.099,996.154,988.983,1115.387,953.247,12.421,0.572
01.12.2021 19:19:55,13.199,995.941,990.600,1115.447,952.728,12.468,0.426
01.12.2021 19:19:56,13.302,996.917,990.386,1116.516,951.354,12.657,0.520
01.12.2021 19:19:57,13.408,996.642,990.600,1116.546,949.401,12.821,0.481
01.12.2021 19:19:58,13.496,996.398,990.631,1116.333,949.188,12.824,0.460
01.12.2021 19:19:59,13.594,996.826,990.722,1118.041,947.784,13.061,0.486
01.12.2021 19:20:00,13.694,996.673,991.149,1119.445,947.357,13.195,0.440
01.12.2021 19:20:01,13.807,997.222,990.692,1119.476,945.892,13.319,0.520
01.12.2021 19:20:02,13.893,998.596,992.126,1121.460,946.166,13.435,0.515
01.12.2021 19:20:03,14.006,998.931,991.851,1122.070,945.220,13.557,0.563
01.12.2021 19:20:04,14.104,1000.366,993.499,1123.779,944.702,13.720,0.545
01.12.2021 19:20:05,14.204,1000.030,993.377,1124.023,943.969,13.798,0.528
01.12.2021 19:20:06,14.297,999.572,993.103,1124.420,942.321,13.963,0.514
01.12.2021 19:20:07,14.395,999.755,993.621,1125.427,941.863,14.071,0.487
01.12.2021 19:20:08,14.501,999.603,993.194,1125.335,940.826,14.152,0.509
01.12.2021 19:20:09,14.594,1000.701,994.232,1126.983,940.399,14.302,0.513
01.12.2021 19:20:10,14.697,1000.946,995.117,1127.288,939.453,14.403,0.462
01.12.2021 19:20:11,14.792,1001.464,994.476,1127.685,938.690,14.494,0.554
01.12.2021 19:20:12,14.908,1000.427,993.621,1127.471,937.042,14.617,0.540
01.12.2021 19:20:13,15.006,1000.732,994.415,1128.387,936.614,14.717,0.501
01.12.2021 19:20:14,15.094,1000.640,994.140,1129.211,935.302,14.885,0.516
01.12.2021 19:20:15,15.199,1000.854,995.056,1129.638,934.692,14.966,0.460
01.12.2021 19:20:16,15.297,1003.082,996.307,1131.530,934.600,15.105,0.537
01.12.2021 19:20:17,15.400,1001.953,995.147,1130.798,932.342,15.244,0.540
01.12.2021 19:20:18,15.493,1001.648,994.659,1130.554,931.457,15.301,0.554
01.12.2021 19:20:19,15.606,1002.929,995.483,1133.087,931.304,15.490,0.590
01.12.2021 19:20:20,15.699,1003.540,996.032,1133.972,929.718,15.685,0.594
01.12.2021 19:20:21,15.807,1003.356,996.582,1134.765,929.657,15.745,0.536
01.12.2021 19:20:22,15.893,1004.028,997.131,1135.711,928.527,15.906,0.546
01.12.2021 19:20:23,16.001,1004.638,997.772,1135.803,927.124,16.031,0.543
01.12.2021 19:20:24,16.106,1005.157,997.589,1137.481,925.872,16.252,0.598
01.12.2021 19:20:25,16.192,1003.875,995.971,1136.230,923.797,16.342,0.626
01.12.2021 19:20:27,16.295,1005.310,997.375,1139.434,923.919,16.552,0.627
01.12.2021 19:20:28,16.393,1004.089,996.429,1138.977,920.837,16.783,0.606
01.12.2021 19:20:29,16.501,1004.699,997.039,1139.648,921.417,16.780,0.606
01.12.2021 19:20:30,16.606,1005.249,997.772,1140.808,919.250,17.044,0.591
01.12.2021 19:20:31,16.697,1005.676,997.314,1141.021,917.602,17.199,0.661
01.12.2021 19:20:32,16.802,1004.699,996.734,1141.204,916.595,17.297,0.630
01.12.2021 19:20:33,16.908,1005.554,997.375,1143.981,916.595,17.488,0.647
01.12.2021 19:20:34,16.993,1005.920,998.382,1144.653,915.954,17.588,0.595
01.12.2021 19:20:35,17.094,1006.164,998.718,1145.233,914.306,17.769,0.588
01.12.2021 19:20:36,17.194,1005.889,998.413,1145.965,913.452,17.892,0.591
01.12.2021 19:20:37,17.295,1006.775,998.870,1147.003,912.200,18.070,0.624
01.12.2021 19:20:38,17.398,1006.835,999.114,1147.277,910.308,18.251,0.609
01.12.2021 19:20:39,17.501,1006.958,998.535,1147.766,909.210,18.379,0.665
01.12.2021 19:20:40,17.604,1006.195,998.138,1148.773,907.348,18.608,0.637
01.12.2021 19:20:41,17.694,1006.591,998.748,1149.871,906.707,18.738,0.619
01.12.2021 19:20:42,17.800,1006.469,998.382,1149.993,905.456,18.854,0.639
01.12.2021 19:20:43,17.895,1006.500,998.413,1150.268,903.869,19.009,0.639
01.12.2021 19:20:44,17.996,1006.591,997.833,1150.115,902.069,19.155,0.692
01.12.2021 19:20:45,18.096,1006.469,997.863,1149.993,900.085,19.318,0.680
01.12.2021 19:20:46,18.192,1005.615,997.558,1151.153,899.291,19.466,0.637
01.12.2021 19:20:47,18.300,1005.584,997.314,1151.275,897.003,19.673,0.654
01.12.2021 19:20:48,18.398,1005.432,997.131,1150.817,895.874,19.740,0.656
01.12.2021 19:20:49,18.501,1005.126,997.131,1151.702,894.592,19.912,0.632
01.12.2021 19:20:50,18.609,1006.408,998.107,1152.893,893.707,20.070,0.656
01.12.2021 19:20:51,18.707,1005.889,997.406,1152.984,892.333,20.196,0.671
01.12.2021 19:20:52,18.795,1006.835,997.009,1152.923,890.289,20.370,0.777
01.12.2021 19:20:53,18.893,1005.462,997.161,1152.862,888.946,20.484,0.656
01.12.2021 19:20:54,18.993,1005.004,996.917,1153.106,887.573,20.621,0.640
01.12.2021 19:20:55,19.106,1005.645,996.704,1153.991,886.535,20.772,0.707
01.12.2021 19:20:56,19.199,1006.835,998.046,1154.876,885.864,20.890,0.694
01.12.2021 19:20:57,19.302,1006.958,997.497,1155.273,883.392,21.135,0.747
01.12.2021 19:20:58,19.400,1008.209,998.809,1156.799,882.568,21.310,0.742
01.12.2021 19:20:59,19.498,1006.195,997.589,1154.174,880.432,21.322,0.680
01.12.2021 19:21:00,19.604,1006.195,998.291,1155.975,879.302,21.543,0.624
01.12.2021 19:21:01,19.694,1005.554,997.070,1154.754,877.319,21.636,0.671
01.12.2021 19:21:02,19.807,1006.011,996.978,1155.700,876.068,21.811,0.714
01.12.2021 19:21:03,19.903,1006.988,998.260,1157.470,875.366,21.992,0.689
01.12.2021 19:21:04,20.003,1006.652,997.344,1156.860,873.413,22.125,0.736
01.12.2021 19:21:05,20.094,1005.249,996.520,1156.433,871.887,22.232,0.690
01.12.2021 19:21:06,20.202,1005.096,996.551,1156.280,870.483,22.347,0.676
01.12.2021 19:21:07,20.297,1006.286,997.528,1158.355,870.727,22.464,0.692
01.12.2021 19:21:08,20.400,1005.584,996.582,1156.860,867.981,22.609,0.712
01.12.2021 19:21:09,20.501,1004.638,995.605,1156.219,866.577,22.692,0.715
01.12.2021 19:21:10,20.594,1005.279,996.032,1158.050,866.455,22.826,0.732
01.12.2021 19:21:11,20.707,1005.950,996.368,1156.982,865.020,22.883,0.758
01.12.2021 19:21:12,20.795,1004.821,995.818,1157.684,863.342,23.080,0.713
01.12.2021 19:21:13,20.893,1004.516,995.971,1157.562,862.701,23.130,0.676
01.12.2021 19:21:14,21.001,1004.913,995.574,1158.782,862.030,23.272,0.739
01.12.2021 19:21:15,21.101,1003.601,994.689,1157.348,859.649,23.390,0.706
01.12.2021 19:21:16,21.207,1003.845,995.452,1158.141,859.710,23.438,0.665
01.12.2021 19:21:17,21.292,1003.875,993.774,1157.562,857.147,23.630,0.801
01.12.2021 19:21:18,21.400,1003.600,994.232,1157.806,857.116,23.649,0.743
01.12.2021 19:21:19,21.496,1004.272,994.628,1158.508,855.957,23.801,0.764
01.12.2021 19:21:20,21.609,1004.364,993.499,1158.935,853.393,24.062,0.861
01.12.2021 19:21:21,21.699,1004.028,994.354,1159.027,853.546,24.054,0.767
01.12.2021 19:21:22,21.797,1004.363,993.866,1159.515,852.233,24.206,0.832
01.12.2021 19:21:23,21.905,1002.960,994.171,1159.454,850.402,24.368,0.697
01.12.2021 19:21:24,21.996,1003.662,992.919,1158.020,848.663,24.431,0.852
01.12.2021 19:21:25,22.101,1002.746,992.553,1158.630,846.435,24.675,0.809
01.12.2021 19:21:26,22.207,1003.051,993.133,1159.606,846.679,24.718,0.787
01.12.2021 19:21:27,22.305,1002.776,993.499,1161.041,845.825,24.892,0.736
01.12.2021 19:21:28,22.395,1002.899,993.072,1160.278,844.390,24.972,0.780
01.12.2021 19:21:29,22.501,1002.563,992.278,1160.003,842.010,25.172,0.817
01.12.2021 19:21:30,22.596,1002.685,992.309,1161.163,840.301,25.406,0.824
01.12.2021 19:21:31,22.707,1002.624,992.248,1160.675,839.874,25.413,0.824
01.12.2021 19:21:32,22.797,1001.891,991.790,1161.071,838.684,25.548,0.802
01.12.2021 19:21:33,22.903,1002.349,992.157,1161.468,837.310,25.701,0.809
01.12.2021 19:21:34,23.008,1002.136,992.004,1162.109,836.425,25.825,0.805
01.12.2021 19:21:35,23.104,1002.227,992.492,1162.536,835.540,25.935,0.773
01.12.2021 19:21:36,23.207,1002.593,992.706,1163.818,835.235,26.048,0.785
01.12.2021 19:21:37,23.300,1002.349,991.577,1163.024,832.977,26.205,0.856
01.12.2021 19:21:38,23.405,1001.434,991.821,1163.024,831.451,26.346,0.764
01.12.2021 19:21:39,23.498,1000.182,990.936,1163.025,830.505,26.434,0.735
01.12.2021 19:21:40,23.604,1000.335,990.203,1163.269,828.857,26.603,0.806
01.12.2021 19:21:41,23.697,1000.335,990.753,1164.398,828.491,26.712,0.762
01.12.2021 19:21:42,23.807,1000.396,990.417,1163.482,826.843,26.804,0.794
01.12.2021 19:21:43,23.908,999.816,990.508,1164.276,826.324,26.905,0.741
01.12.2021 19:21:44,24.006,1000.854,990.631,1164.672,824.493,27.102,0.813
01.12.2021 19:21:45,24.101,999.816,987.945,1164.276,822.662,27.247,0.946
01.12.2021 19:21:46,24.197,999.175,988.922,1163.909,822.448,27.242,0.817
01.12.2021 19:21:47,24.292,999.206,988.891,1164.978,821.258,27.424,0.822
01.12.2021 19:21:48,24.405,998.687,989.105,1165.161,820.037,27.551,0.763
01.12.2021 19:21:49,24.498,998.779,988.403,1164.611,818.695,27.640,0.827
01.12.2021 19:21:50,24.599,999.298,989.013,1165.557,817.291,27.835,0.819
01.12.2021 19:21:51,24.694,997.863,987.701,1163.482,815.368,27.879,0.811
01.12.2021 19:21:52,24.800,996.704,986.663,1163.268,813.507,28.040,0.802
01.12.2021 19:21:53,24.900,996.246,986.175,1162.689,812.347,28.111,0.805
01.12.2021 19:21:54,24.993,997.100,987.030,1164.520,811.767,28.287,0.804
01.12.2021 19:21:55,25.109,997.955,987.762,1165.710,810.974,28.440,0.813
01.12.2021 19:21:56,25.194,998.260,987.884,1166.137,810.943,28.471,0.827
01.12.2021 19:21:57,25.295,997.131,986.724,1164.825,807.556,28.706,0.831
01.12.2021 19:21:58,25.393,996.002,985.107,1163.116,806.427,28.700,0.871
01.12.2021 19:21:59,25.498,995.514,985.107,1163.268,805.480,28.800,0.832
01.12.2021 19:22:00,25.594,995.727,985.504,1163.726,804.595,28.915,0.817
01.12.2021 19:22:01,25.702,994.903,984.497,1163.696,803.009,29.064,0.833
01.12.2021 19:22:02,25.805,995.117,985.076,1163.055,802.337,29.086,0.803
01.12.2021 19:22:03,25.898,994.415,984.466,1164.031,801.269,29.252,0.796
01.12.2021 19:22:04,25.993,994.201,983.856,1162.994,799.804,29.324,0.828
01.12.2021 19:22:05,26.109,994.567,983.581,1163.299,799.133,29.408,0.880
01.12.2021 19:22:06,26.207,993.774,984.069,1163.177,798.583,29.453,0.777
01.12.2021 19:22:07,26.305,993.499,982.787,1161.468,796.752,29.516,0.858
01.12.2021 19:22:08,26.400,992.217,982.391,1162.567,796.813,29.582,0.788
01.12.2021 19:22:09,26.493,993.194,982.849,1162.689,795.532,29.713,0.829
01.12.2021 19:22:10,26.594,993.347,982.849,1162.902,795.135,29.766,0.841
01.12.2021 19:22:12,26.702,993.255,982.757,1162.780,794.219,29.846,0.841
01.12.2021 19:22:13,26.795,991.394,980.316,1160.766,792.480,29.881,0.890
01.12.2021 19:22:14,26.900,990.997,980.926,1160.980,791.839,29.957,0.809
01.12.2021 19:22:15,26.998,992.004,981.597,1162.109,792.785,29.940,0.835
01.12.2021 19:22:16,27.099,991.302,981.170,1161.865,790.893,30.106,0.814
01.12.2021 19:22:17,27.207,991.577,980.957,1160.491,790.191,30.084,0.853
01.12.2021 19:22:18,27.297,991.394,980.560,1160.827,789.520,30.171,0.870
01.12.2021 19:22:19,27.405,991.180,980.072,1160.644,788.696,30.238,0.893
01.12.2021 19:22:20,27.506,990.600,979.858,1161.956,788.574,30.336,0.863
01.12.2021 19:22:21,27.599,989.807,978.790,1160.919,787.292,30.392,0.886
01.12.2021 19:22:22,27.707,990.325,979.308,1161.895,787.261,30.460,0.886
01.12.2021 19:22:23,27.795,990.753,979.766,1162.567,786.041,30.622,0.883
01.12.2021 19:22:24,27.908,991.149,980.529,1163.543,786.315,30.659,0.853
01.12.2021 19:22:25,27.993,989.624,978.698,1161.804,784.118,30.759,0.879
01.12.2021 19:22:26,28.104,989.257,978.546,1162.475,783.843,30.829,0.862
01.12.2021 19:22:27,28.197,989.379,978.271,1162.017,783.416,30.841,0.894
01.12.2021 19:22:28,28.292,988.891,978.607,1162.811,782.379,30.994,0.828
01.12.2021 19:22:29,28.403,988.464,977.630,1162.689,781.829,31.040,0.873
01.12.2021 19:22:30,28.496,988.555,977.447,1162.933,780.792,31.157,0.895
01.12.2021 19:22:31,28.601,988.494,977.935,1162.658,779.144,31.300,0.850
01.12.2021 19:22:32,28.707,987.731,976.532,1162.780,778.442,31.376,0.903
01.12.2021 19:22:33,28.800,986.755,976.623,1163.482,777.984,31.467,0.817
01.12.2021 19:22:34,28.903,987.182,976.501,1163.452,777.374,31.525,0.862
01.12.2021 19:22:35,29.006,986.511,975.616,1163.635,775.970,31.674,0.879
01.12.2021 19:22:36,29.101,985.290,975.006,1162.872,774.688,31.750,0.831
01.12.2021 19:22:37,29.192,986.175,975.189,1163.909,774.505,31.836,0.887
01.12.2021 19:22:38,29.307,984.710,974.334,1162.963,772.399,31.981,0.839
01.12.2021 19:22:39,29.395,985.168,973.663,1163.360,772.399,32.007,0.930
01.12.2021 19:22:40,29.508,984.557,973.205,1163.482,771.270,32.126,0.918
01.12.2021 19:22:41,29.601,984.008,973.388,1163.330,769.989,32.243,0.859
01.12.2021 19:22:42,29.707,983.795,971.771,1162.719,768.768,32.323,0.974
01.12.2021 19:22:43,29.797,983.825,973.083,1163.116,767.639,32.461,0.869
01.12.2021 19:22:44,29.903,983.642,972.503,1162.567,766.662,32.521,0.902
01.12.2021 19:22:45,29.996,981.964,971.008,1162.261,764.495,32.716,0.889
01.12.2021 19:22:46,30.096,982.116,970.764,1162.963,763.854,32.826,0.921
01.12.2021 19:22:47,30.204,981.964,970.397,1162.567,763.549,32.830,0.938
01.12.2021 19:22:48,30.295,981.170,970.519,1162.414,763.000,32.875,0.864
01.12.2021 19:22:49,30.408,981.475,970.001,1163.024,761.840,33.030,0.931
01.12.2021 19:22:50,30.496,979.980,968.566,1161.682,760.131,33.113,0.928
01.12.2021 19:22:51,30.601,980.865,968.902,1162.445,759.887,33.187,0.972
01.12.2021 19:22:52,30.704,979.644,968.688,1162.689,759.063,33.285,0.891
01.12.2021 19:22:53,30.800,979.064,967.804,1161.468,757.812,33.330,0.916
01.12.2021 19:22:54,30.900,978.241,967.620,1161.499,757.080,33.405,0.864
01.12.2021 19:22:55,31.003,978.790,968.292,1162.506,756.744,33.505,0.854
01.12.2021 19:22:56,31.099,977.935,966.491,1161.529,754.730,33.643,0.932
01.12.2021 19:22:57,31.192,978.118,966.674,1161.163,754.241,33.668,0.932
01.12.2021 19:22:58,31.302,977.264,965.454,1160.095,752.441,33.779,0.963
01.12.2021 19:22:59,31.393,976.501,963.775,1158.599,751.403,33.786,1.039
01.12.2021 19:23:00,31.498,975.097,963.043,1157.531,749.725,33.885,0.985
01.12.2021 19:23:01,31.601,975.708,963.592,1157.592,749.572,33.904,0.990
01.12.2021 19:23:02,31.704,976.043,963.867,1158.508,749.206,34.001,0.994
01.12.2021 19:23:03,31.792,975.250,963.745,1156.921,748.077,34.012,0.940
01.12.2021 19:23:04,31.898,974.273,962.890,1156.250,746.582,34.119,0.931
01.12.2021 19:23:05,31.996,974.090,961.669,1154.724,745.025,34.177,1.016
01.12.2021 19:23:06,32.109,973.083,960.632,1154.693,743.621,34.317,1.020
01.12.2021 19:23:07,32.194,972.625,960.296,1153.594,743.347,34.273,1.010
01.12.2021 19:23:08,32.297,972.503,959.503,1153.045,741.485,34.427,1.066
01.12.2021 19:23:09,32.403,971.252,959.503,1151.672,741.149,34.371,0.964
01.12.2021 19:23:10,32.506,971.405,958.648,1152.435,740.234,34.514,1.047
01.12.2021 19:23:11,32.604,969.634,957.672,1149.291,738.067,34.529,0.983
01.12.2021 19:23:12,32.699,969.513,956.970,1149.414,737.670,34.578,1.031
01.12.2021 19:23:13,32.805,968.200,955.932,1148.101,736.785,34.582,1.010
01.12.2021 19:23:14,32.903,967.926,955.596,1147.552,735.717,34.656,1.015
01.12.2021 19:23:15,32.996,969.299,956.329,1148.864,736.846,34.626,1.067
01.12.2021 19:23:16,33.094,967.224,954.711,1146.850,734.832,34.700,1.031
01.12.2021 19:23:17,33.194,967.010,954.681,1145.965,734.039,34.724,1.016
01.12.2021 19:23:18,33.295,966.735,953.949,1145.874,733.154,34.809,1.055
01.12.2021 19:23:19,33.408,965.118,952.606,1144.012,732.482,34.755,1.033
01.12.2021 19:23:20,33.498,964.782,952.972,1144.531,731.719,34.868,0.975
01.12.2021 19:23:21,33.606,965.362,952.911,1144.226,731.628,34.857,1.028
01.12.2021 19:23:22,33.692,965.148,952.026,1144.378,730.773,34.955,1.084
01.12.2021 19:23:23,33.802,963.623,950.927,1141.998,729.461,34.934,1.050
01.12.2021 19:23:24,33.908,963.562,950.378,1141.937,728.118,35.069,1.091
01.12.2021 19:23:25,33.996,961.059,947.937,1139.739,726.562,35.085,1.089
01.12.2021 19:23:26,34.109,960.449,947.875,1139.526,726.440,35.083,1.044
01.12.2021 19:23:27,34.204,959.381,946.075,1137.786,724.243,35.196,1.106
01.12.2021 19:23:28,34.295,960.235,947.143,1139.190,724.578,35.254,1.087
01.12.2021 19:23:29,34.398,959.930,946.655,1138.824,724.487,35.240,1.103
01.12.2021 19:23:30,34.498,959.137,945.953,1138.488,723.602,35.310,1.096
01.12.2021 19:23:31,34.594,958.129,945.068,1136.016,721.405,35.375,1.087
01.12.2021 19:23:32,34.702,956.329,943.481,1136.108,721.069,35.416,1.071
01.12.2021 19:23:33,34.800,956.725,943.756,1136.749,719.970,35.573,1.081
01.12.2021 19:23:34,34.903,956.726,943.359,1135.986,719.299,35.593,1.114
01.12.2021 19:23:35,34.996,955.718,942.321,1134.765,717.803,35.669,1.118
01.12.2021 19:23:36,35.094,954.773,941.436,1134.460,717.437,35.687,1.114
01.12.2021 19:23:37,35.194,953.552,940.063,1132.659,714.538,35.872,1.128
01.12.2021 19:23:38,35.300,951.965,938.903,1131.164,713.439,35.888,1.094
01.12.2021 19:23:39,35.403,950.805,937.835,1131.378,712.463,36.005,1.088
01.12.2021 19:23:40,35.496,950.134,937.042,1130.096,711.242,36.049,1.099
01.12.2021 19:23:41,35.599,950.805,937.255,1131.134,711.120,36.131,1.137
01.12.2021 19:23:42,35.697,950.012,935.913,1130.004,709.472,36.230,1.184
01.12.2021 19:23:43,35.792,948.364,935.455,1129.516,708.190,36.333,1.085
01.12.2021 19:23:44,35.893,947.265,934.387,1128.509,705.993,36.500,1.084
01.12.2021 19:23:45,36.006,946.136,933.349,1127.014,705.200,36.485,1.078
01.12.2021 19:23:46,36.109,944.519,931.640,1126.312,703.582,36.610,1.087
01.12.2021 19:23:47,36.199,943.878,931.396,1125.793,702.758,36.663,1.054
01.12.2021 19:23:48,36.300,942.749,929.748,1123.748,700.134,36.808,1.100
01.12.2021 19:23:49,36.398,942.413,929.443,1124.420,700.103,36.856,1.098
01.12.2021 19:23:50,36.508,941.650,928.649,1123.199,698.577,36.938,1.101
01.12.2021 19:23:51,36.596,940.612,927.734,1122.253,696.990,37.045,1.092
01.12.2021 19:23:52,36.697,938.751,925.933,1121.063,695.465,37.130,1.089
01.12.2021 19:23:53,36.792,938.201,925.079,1120.880,693.908,37.285,1.116
01.12.2021 19:23:54,36.900,937.255,924.652,1119.445,693.054,37.282,1.072
01.12.2021 19:23:55,36.993,936.462,923.736,1118.347,691.986,37.324,1.084
01.12.2021 19:23:57,37.101,936.096,922.882,1119.018,691.040,37.471,1.126
01.12.2021 19:23:58,37.197,934.326,921.356,1116.394,688.659,37.553,1.107
01.12.2021 19:23:59,37.295,932.800,919.097,1114.593,687.255,37.585,1.172
01.12.2021 19:24:00,37.395,931.793,919.097,1113.769,686.248,37.640,1.087
01.12.2021 19:24:01,37.493,932.373,919.219,1114.441,685.272,37.791,1.125
01.12.2021 19:24:02,37.601,930.297,917.114,1111.755,683.746,37.777,1.130
01.12.2021 19:24:03,37.702,930.572,916.717,1111.755,683.013,37.857,1.188
01.12.2021 19:24:04,37.807,927.764,915.039,1109.375,680.419,37.982,1.094
01.12.2021 19:24:05,37.903,928.283,915.252,1108.581,680.267,37.945,1.120
01.12.2021 19:24:06,37.993,927.459,914.276,1108.673,679.718,38.011,1.134
01.12.2021 19:24:07,38.096,925.140,912.200,1105.896,677.398,38.079,1.116
01.12.2021 19:24:08,38.194,924.346,910.888,1104.888,676.422,38.119,1.162
01.12.2021 19:24:09,38.295,923.400,910.797,1104.309,674.804,38.259,1.088
01.12.2021 19:24:10,38.393,922.241,908.813,1101.745,673.095,38.274,1.162
01.12.2021 19:24:11,38.498,921.264,908.325,1100.860,672.454,38.285,1.120
01.12.2021 19:24:12,38.596,920.379,906.372,1098.999,670.196,38.410,1.215
01.12.2021 19:24:13,38.704,920.288,906.250,1099.487,670.318,38.430,1.218
01.12.2021 19:24:14,38.807,918.243,905.151,1097.167,668.365,38.490,1.137
01.12.2021 19:24:15,38.895,918.670,903.778,1097.137,668.029,38.525,1.295
01.12.2021 19:24:16,39.008,917.419,903.594,1095.947,666.473,38.618,1.203
01.12.2021 19:24:17,39.094,916.442,901.855,1094.482,665.283,38.652,1.271
01.12.2021 19:24:18,39.197,915.130,900.787,1092.041,662.933,38.749,1.251
01.12.2021 19:24:19,39.297,913.635,899.505,1091.125,662.506,38.735,1.235
01.12.2021 19:24:20,39.405,912.567,898.559,1090.270,661.132,38.831,1.225
01.12.2021 19:24:21,39.498,912.445,898.834,1089.355,660.583,38.830,1.190
01.12.2021 19:24:22,39.606,910.553,897.094,1087.127,658.508,38.912,1.179
01.12.2021 19:24:23,39.704,909.728,895.935,1085.693,657.592,38.917,1.210
01.12.2021 19:24:24,39.795,909.545,895.660,1086.120,656.585,39.061,1.218
01.12.2021 19:24:25,39.893,908.843,894.775,1085.174,655.303,39.141,1.236
01.12.2021 19:24:26,39.998,908.477,894.653,1085.266,655.426,39.134,1.215
01.12.2021 19:24:27,40.099,907.134,892.791,1083.801,653.686,39.231,1.262
01.12.2021 19:24:28,40.199,906.494,892.639,1083.465,653.228,39.260,1.220
01.12.2021 19:24:29,40.307,904.937,891.571,1081.878,651.824,39.311,1.179
01.12.2021 19:24:30,40.403,904.144,890.350,1081.512,650.787,39.404,1.218
01.12.2021 19:24:31,40.508,902.038,888.153,1078.674,648.132,39.513,1.229
01.12.2021 19:24:32,40.604,900.360,886.993,1077.117,647.186,39.514,1.185
01.12.2021 19:24:33,40.692,899.109,885.620,1076.476,645.721,39.638,1.197
01.12.2021 19:24:34,40.795,898.193,885.009,1076.080,644.561,39.744,1.171
01.12.2021 19:24:35,40.900,897.369,884.460,1074.951,643.890,39.744,1.148
01.12.2021 19:24:36,41.006,896.026,882.995,1073.883,642.669,39.811,1.160
01.12.2021 19:24:37,41.106,895.965,882.629,1073.913,641.387,39.961,1.188
01.12.2021 19:24:38,41.204,894.836,881.195,1072.479,640.106,40.010,1.217
01.12.2021 19:24:39,41.307,894.317,880.615,1072.540,638.885,40.156,1.223
01.12.2021 19:24:40,41.408,892.028,878.784,1071.014,637.542,40.207,1.185
01.12.2021 19:24:41,41.503,891.540,877.746,1070.037,635.742,40.349,1.235
01.12.2021 19:24:42,41.601,890.350,876.129,1068.786,634.307,40.429,1.275
01.12.2021 19:24:43,41.699,889.862,876.220,1068.878,633.666,40.510,1.224
01.12.2021 19:24:44,41.802,887.054,873.443,1066.131,630.493,40.692,1.225
01.12.2021 19:24:45,41.895,886.596,872.955,1066.467,629.302,40.855,1.228
01.12.2021 19:24:46,41.993,884.765,870.788,1064.758,627.777,40.916,1.261
01.12.2021 19:24:47,42.099,884.704,870.300,1064.819,626.953,41.017,1.300
01.12.2021 19:24:48,42.199,882.904,869.232,1063.659,625.366,41.124,1.236
01.12.2021 19:24:49,42.297,882.293,868.011,1062.896,624.511,41.172,1.293
01.12.2021 19:24:50,42.408,880.889,866.912,1062.225,622.985,41.306,1.267
01.12.2021 19:24:51,42.493,879.821,865.539,1060.668,620.544,41.488,1.296
01.12.2021 19:24:52,42.601,879.028,864.227,1061.004,620.025,41.573,1.345
01.12.2021 19:24:53,42.699,877.899,864.410,1060.485,618.835,41.678,1.226
01.12.2021 19:24:54,42.800,875.884,861.877,1058.715,617.065,41.766,1.277
01.12.2021 19:24:55,42.905,875.000,861.145,1057.525,616.058,41.804,1.264
01.12.2021 19:24:56,42.998,873.291,858.917,1056.121,614.074,41.944,1.315
01.12.2021 19:24:57,43.104,872.680,859.130,1055.572,612.518,42.092,1.239
01.12.2021 19:24:58,43.194,870.880,856.475,1053.802,610.687,42.189,1.321
01.12.2021 19:24:59,43.300,868.835,855.865,1053.161,609.893,42.240,1.191
01.12.2021 19:25:00,43.403,867.889,854.431,1052.062,608.642,42.314,1.238
01.12.2021 19:25:01,43.493,866.241,852.996,1050.811,607.025,42.423,1.220
01.12.2021 19:25:02,43.594,866.821,853.118,1050.689,606.628,42.462,1.262
01.12.2021 19:25:03,43.704,865.539,851.562,1049.896,605.804,42.507,1.290
01.12.2021 19:25:04,43.807,863.799,849.731,1046.874,602.996,42.636,1.301
01.12.2021 19:25:05,43.908,863.037,847.137,1045.562,601.959,42.671,1.473
01.12.2021 19:25:06,43.993,860.992,846.527,1044.738,600.708,42.766,1.342
01.12.2021 19:25:07,44.094,860.626,846.038,1044.067,600.219,42.778,1.354
01.12.2021 19:25:08,44.192,860.900,846.221,1043.914,599.822,42.816,1.362
01.12.2021 19:25:09,44.307,858.978,843.933,1042.541,597.625,42.989,1.400
01.12.2021 19:25:10,44.400,857.940,843.139,1040.466,596.588,42.970,1.378
01.12.2021 19:25:11,44.498,855.865,841.949,1037.872,594.696,43.020,1.298
01.12.2021 19:25:12,44.601,854.644,840.118,1036.865,593.261,43.126,1.358
01.12.2021 19:25:13,44.692,853.393,838.897,1035.278,592.926,43.055,1.357
01.12.2021 19:25:14,44.797,852.600,838.378,1034.973,591.644,43.192,1.332
01.12.2021 19:25:15,44.908,850.585,836.120,1032.379,589.904,43.224,1.359
01.12.2021 19:25:16,44.998,850.585,836.303,1033.142,589.477,43.332,1.341
01.12.2021 19:25:17,45.094,849.304,834.289,1030.456,588.073,43.315,1.413
01.12.2021 19:25:18,45.204,847.747,832.275,1028.228,586.181,43.393,1.459
01.12.2021 19:25:19,45.292,845.550,831.237,1027.008,585.357,43.409,1.352
01.12.2021 19:25:20,45.408,844.909,830.444,1026.916,584.960,43.452,1.368
01.12.2021 19:25:21,45.501,843.994,829.467,1025.451,583.160,43.574,1.375
01.12.2021 19:25:22,45.609,842.376,827.636,1023.223,582.092,43.548,1.398
01.12.2021 19:25:23,45.702,840.820,826.263,1021.850,580.261,43.681,1.383
01.12.2021 19:25:24,45.802,839.752,824.615,1019.958,579.284,43.669,1.441
01.12.2021 19:25:25,45.905,838.104,822.662,1018.188,578.002,43.704,1.473
01.12.2021 19:25:26,46.003,836.303,820.953,1015.960,577.056,43.663,1.467
01.12.2021 19:25:27,46.094,834.686,819.946,1014.800,575.653,43.758,1.411
01.12.2021 19:25:28,46.207,833.038,818.084,1013.122,574.340,43.804,1.435
01.12.2021 19:25:29,46.292,832.672,818.176,1013.275,574.188,43.834,1.391
01.12.2021 19:25:30,46.405,830.627,815.368,1011.566,572.570,43.917,1.469
01.12.2021 19:25:31,46.506,828.491,813.323,1007.995,570.770,43.889,1.464
01.12.2021 19:25:32,46.609,827.484,812.133,1008.239,570.312,43.965,1.483
01.12.2021 19:25:33,46.694,826.141,812.072,1006.622,569.610,43.938,1.360
01.12.2021 19:25:34,46.797,824.615,809.661,1004.730,568.054,44.000,1.450
01.12.2021 19:25:35,46.908,822.387,807.434,1003.204,566.833,44.046,1.454
01.12.2021 19:25:36,46.998,821.838,807.128,1002.624,565.826,44.134,1.431
01.12.2021 19:25:37,47.109,820.556,804.626,1001.067,565.063,44.119,1.553
01.12.2021 19:25:38,47.204,818.511,803.314,998.321,563.446,44.128,1.485
01.12.2021 19:25:39,47.307,815.795,801.940,997.253,562.683,44.149,1.357
01.12.2021 19:25:40,47.405,815.917,800.567,996.398,562.011,44.173,1.504
01.12.2021 19:25:41,47.506,813.964,799.041,994.964,560.394,44.279,1.466
01.12.2021 19:25:43,47.606,813.629,798.645,994.079,559.875,44.281,1.472
01.12.2021 19:25:44,47.692,811.248,796.264,991.607,558.410,44.291,1.477
01.12.2021 19:25:45,47.805,809.295,794.128,989.593,555.755,44.490,1.499
01.12.2021 19:25:46,47.905,807.037,792.419,987.487,555.328,44.391,1.448
01.12.2021 19:25:47,48.006,805.603,790.771,986.908,553.924,44.533,1.472
01.12.2021 19:25:48,48.109,803.863,789.245,984.558,552.886,44.496,1.454
01.12.2021 19:25:49,48.204,802.246,787.475,983.673,551.605,44.600,1.472
01.12.2021 19:25:50,48.305,800.964,786.376,982.177,549.896,44.715,1.456
01.12.2021 19:25:51,48.408,799.591,784.545,980.590,549.346,44.670,1.505
01.12.2021 19:25:52,48.506,796.966,782.073,978.210,547.515,44.736,1.494
01.12.2021 19:25:53,48.609,796.234,781.585,977.416,547.119,44.730,1.471
01.12.2021 19:25:54,48.702,794.250,779.693,975.890,545.776,44.795,1.465
01.12.2021 19:25:55,48.802,791.900,777.954,973.632,544.219,44.834,1.407
01.12.2021 19:25:56,48.895,791.107,777.069,973.114,543.914,44.836,1.418
01.12.2021 19:25:57,49.006,789.581,774.688,971.221,542.358,44.903,1.508
01.12.2021 19:25:58,49.104,788.024,773.193,969.543,540.893,44.974,1.505
01.12.2021 19:25:59,49.202,786.163,771.545,967.315,539.703,44.967,1.487
01.12.2021 19:26:00,49.300,785.552,770.965,967.498,539.611,44.993,1.485
01.12.2021 19:26:01,49.403,782.714,768.829,964.874,537.780,45.043,1.418
01.12.2021 19:26:02,49.496,782.073,767.761,962.890,536.834,45.022,1.463
01.12.2021 19:26:03,49.604,780.792,766.357,962.219,536.193,45.058,1.478
01.12.2021 19:26:04,49.707,778.808,764.312,959.625,534.851,45.044,1.488
01.12.2021 19:26:05,49.792,777.191,763.183,958.343,533.660,45.109,1.441
01.12.2021 19:26:06,49.898,774.505,760.498,955.047,532.409,45.029,1.446
01.12.2021 19:26:07,50.001,772.613,758.972,954.132,531.127,45.134,1.411
01.12.2021 19:26:08,50.106,771.453,757.415,951.873,530.303,45.075,1.455
01.12.2021 19:26:09,50.202,769.683,756.286,950.927,529.449,45.120,1.391
01.12.2021 19:26:10,50.305,768.493,754.364,948.364,528.350,45.075,1.470
01.12.2021 19:26:11,50.398,766.540,752.838,946.533,526.824,45.145,1.429
01.12.2021 19:26:12,50.503,764.465,750.396,943.969,525.604,45.116,1.471
01.12.2021 19:26:13,50.601,763.916,749.145,942.779,525.604,45.024,1.547
01.12.2021 19:26:14,50.702,761.779,747.558,940.154,524.291,45.003,1.493
01.12.2021 19:26:15,50.805,760.040,746.185,938.415,523.162,45.025,1.457
01.12.2021 19:26:16,50.893,759.124,744.842,937.133,522.369,45.036,1.504
01.12.2021 19:26:17,51.001,757.904,743.316,934.905,521.514,44.982,1.539
01.12.2021 19:26:18,51.094,755.950,741.882,933.196,520.294,45.020,1.488
01.12.2021 19:26:19,51.194,754.302,739.562,930.023,518.737,44.990,1.563
01.12.2021 19:26:20,51.302,751.464,737.213,928.009,517.669,44.982,1.517
01.12.2021 19:26:21,51.398,750.274,736.175,925.872,516.967,44.913,1.503
01.12.2021 19:26:22,51.503,748.596,735.107,923.919,515.472,44.970,1.440
01.12.2021 19:26:23,51.604,746.826,733.337,922.546,514.739,44.965,1.444
01.12.2021 19:26:24,51.702,746.032,731.933,921.112,513.793,44.986,1.511
01.12.2021 19:26:25,51.807,744.018,730.041,918.334,512.298,44.978,1.502
01.12.2021 19:26:26,51.905,742.156,728.302,916.351,511.566,44.925,1.493
01.12.2021 19:26:27,52.001,740.753,726.287,915.069,510.162,45.023,1.562
01.12.2021 19:26:28,52.104,738.739,725.067,912.323,508.941,44.979,1.480
01.12.2021 19:26:29,52.202,736.999,723.266,910.247,507.659,44.996,1.490
01.12.2021 19:26:30,52.305,735.534,721.984,909.118,506.988,45.002,1.473
01.12.2021 19:26:31,52.408,733.520,719.818,906.463,505.371,45.022,1.494
01.12.2021 19:26:32,52.503,732.421,718.383,905.242,504.486,45.052,1.533
01.12.2021 19:26:33,52.601,729.949,717.041,902.252,503.875,44.899,1.413
01.12.2021 19:26:34,52.699,728.485,714.843,900.970,502.319,45.021,1.497
01.12.2021 19:26:35,52.805,726.898,713.317,898.284,501.647,44.901,1.494
01.12.2021 19:26:36,52.908,725.830,712.493,897.979,500.762,45.004,1.469
01.12.2021 19:26:37,53.003,724.273,711.120,896.087,499.389,45.051,1.452
01.12.2021 19:26:38,53.094,723.358,709.228,893.768,498.748,44.956,1.563
01.12.2021 19:26:39,53.207,721.069,707.519,891.479,497.314,44.979,1.503
01.12.2021 19:26:40,53.305,718.811,705.841,889.740,496.643,44.935,1.442
01.12.2021 19:26:41,53.408,718.048,705.139,889.007,495.727,45.009,1.437
01.12.2021 19:26:42,53.508,716.186,703.369,886.566,494.537,44.984,1.430
01.12.2021 19:26:43,53.609,714.508,701.599,884.674,493.316,45.008,1.444
01.12.2021 19:26:44,53.702,712.982,700.836,882.537,492.034,45.022,1.361
01.12.2021 19:26:45,53.797,710.968,698.150,880.493,490.234,45.120,1.441
01.12.2021 19:26:46,53.905,710.784,697.875,879.943,490.570,45.025,1.452
01.12.2021 19:26:47,54.008,708.587,695.953,877.990,489.257,45.058,1.425
01.12.2021 19:26:48,54.094,707.611,695.190,876.556,488.281,45.084,1.403
01.12.2021 19:26:49,54.204,706.390,693.481,874.481,487.243,45.067,1.461
01.12.2021 19:26:50,54.300,705.047,692.108,873.321,485.870,45.175,1.467
01.12.2021 19:26:51,54.400,702.758,690.093,870.056,484.100,45.168,1.440
01.12.2021 19:26:52,54.508,702.636,689.331,869.628,483.581,45.211,1.514
01.12.2021 19:26:53,54.594,699.981,687.713,867.034,482.086,45.219,1.401
01.12.2021 19:26:54,54.697,698.577,685.333,865.051,480.590,45.278,1.516
01.12.2021 19:26:55,54.802,696.594,684.234,863.403,479.583,45.292,1.418
01.12.2021 19:26:56,54.905,696.716,683.593,863.067,478.546,45.421,1.506
01.12.2021 19:26:57,55.008,693.878,680.603,859.771,476.867,45.398,1.530
01.12.2021 19:26:58,55.106,692.382,679.016,858.001,474.975,45.538,1.544
01.12.2021 19:26:59,55.202,691.040,678.588,856.536,474.060,45.554,1.440
01.12.2021 19:27:00,55.295,690.307,677.551,855.957,473.724,45.556,1.477
01.12.2021 19:27:01,55.403,688.629,675.964,854.003,472.412,45.592,1.470
01.12.2021 19:27:02,55.501,686.492,674.072,851.592,471.069,45.593,1.446
01.12.2021 19:27:03,55.609,686.157,672.668,850.616,469.726,45.717,1.573
01.12.2021 19:27:04,55.692,683.319,671.112,847.961,468.658,45.655,1.428
01.12.2021 19:27:05,55.805,682.586,669.311,845.825,466.613,45.790,1.556
01.12.2021 19:27:06,55.900,680.603,668.243,844.146,465.911,45.755,1.452
01.12.2021 19:27:07,56.006,679.046,666.381,841.705,464.294,45.797,1.491
01.12.2021 19:27:08,56.106,676.544,664.367,839.477,462.921,45.820,1.439
01.12.2021 19:27:09,56.202,676.116,663.269,838.104,461.517,45.921,1.520
01.12.2021 19:27:10,56.305,674.987,661.834,836.090,460.479,45.910,1.559
01.12.2021 19:27:11,56.398,674.163,660.644,834.777,459.686,45.921,1.605
01.12.2021 19:27:12,56.506,671.325,658.081,831.298,457.275,46.000,1.578
01.12.2021 19:27:13,56.596,669.433,656.616,829.284,456.207,45.993,1.531
01.12.2021 19:27:14,56.692,668.273,655.212,827.270,454.772,46.045,1.564
01.12.2021 19:27:15,56.807,667.205,654.388,826.171,454.101,46.056,1.536
01.12.2021 19:27:16,56.895,665.863,652.740,823.394,452.636,46.046,1.577
01.12.2021 19:27:17,56.998,664.764,652.313,822.937,452.178,46.079,1.498
01.12.2021 19:27:18,57.104,662.658,649.475,819.091,449.707,46.137,1.592
01.12.2021 19:27:19,57.197,659.790,647.399,815.612,447.875,46.124,1.502
01.12.2021 19:27:20,57.307,659.057,646.606,814.941,447.265,46.164,1.511
01.12.2021 19:27:21,57.408,658.691,645.812,813.598,446.746,46.128,1.564
01.12.2021 19:27:22,57.506,656.585,643.585,811.248,444.732,46.246,1.584
01.12.2021 19:27:23,57.609,655.578,643.096,809.722,444.244,46.189,1.523
01.12.2021 19:27:24,57.707,652.893,640.319,805.603,442.260,46.144,1.540
01.12.2021 19:27:25,57.795,651.672,638.916,803.894,440.490,46.281,1.566
01.12.2021 19:27:26,57.895,650.024,637.847,802.520,440.368,46.177,1.498
01.12.2021 19:27:27,58.008,648.925,636.474,800.506,438.446,46.312,1.535
01.12.2021 19:27:29,58.109,647.338,634.918,798.217,437.225,46.306,1.535
01.12.2021 19:27:30,58.202,645.721,633.392,795.837,435.668,46.348,1.527
01.12.2021 19:27:31,58.307,643.432,631.256,792.907,433.868,46.381,1.513
01.12.2021 19:27:32,58.395,643.005,630.279,791.198,433.288,46.322,1.583
01.12.2021 19:27:33,58.506,641.448,628.692,789.367,431.488,46.456,1.591
01.12.2021 19:27:34,58.601,640.045,628.143,788.085,430.969,46.425,1.487
01.12.2021 19:27:35,58.697,638.610,626.007,785.400,429.748,46.383,1.579
01.12.2021 19:27:36,58.800,637.817,626.037,785.156,429.229,46.448,1.477
01.12.2021 19:27:37,58.895,636.108,623.504,781.585,427.368,46.433,1.585
01.12.2021 19:27:38,58.996,634.613,622.222,779.144,425.994,46.439,1.562
01.12.2021 19:27:39,59.104,632.843,620.727,776.611,424.560,46.448,1.531
01.12.2021 19:27:40,59.194,631.561,618.316,774.963,423.339,46.503,1.679
01.12.2021 19:27:41,59.302,630.340,617.492,772.949,422.149,46.518,1.631
01.12.2021 19:27:42,59.408,628.051,615.447,769.470,419.921,46.574,1.606
01.12.2021 19:27:43,59.501,627.166,614.593,768.096,419.097,46.587,1.604
01.12.2021 19:27:44,59.609,625.030,612.304,765.258,417.419,46.610,1.629
01.12.2021 19:27:45,59.707,624.511,611.328,763.580,416.198,46.663,1.690
01.12.2021 19:27:46,59.805,622.985,609.619,761.352,414.611,46.728,1.718
01.12.2021 19:27:47,59.900,620.941,608.184,759.155,413.574,46.700,1.644
01.12.2021 19:27:48,60.008,619.262,606.353,756.439,411.926,46.730,1.669
