# Sensor: ADPD2140, Rotationstage: ELL18M
Datetime,Stage Angle,xL,xR,yL,yR,X,Y
01.12.2021 18:29:29,-59.992,650.634,648.529,392.150,718.597,-46.576,0.256
01.12.2021 18:29:30,-59.904,653.198,650.604,393.188,720.397,-46.566,0.315
01.12.2021 18:29:31,-59.799,655.029,653.015,394.378,722.259,-46.534,0.244
01.12.2021 18:29:32,-59.701,656.494,654.510,394.958,723.449,-46.547,0.239
01.12.2021 18:29:33,-59.598,658.233,656.219,395.782,725.402,-46.591,0.242
01.12.2021 18:29:34,-59.492,660.186,657.806,397.460,727.447,-46.488,0.286
01.12.2021 18:29:35,-59.404,661.529,660.064,397.644,728.454,-46.555,0.175
01.12.2021 18:29:36,-59.306,663.055,660.400,398.925,729.949,-46.471,0.317
01.12.2021 18:29:37,-59.196,664.947,663.024,400.512,732.940,-46.479,0.229
01.12.2021 18:29:38,-59.095,667.480,665.222,402.282,735.534,-46.416,0.268
01.12.2021 18:29:39,-58.992,667.846,665.161,402.374,735.321,-46.378,0.319
01.12.2021 18:29:40,-58.899,669.647,667.602,403.900,738.800,-46.446,0.242
01.12.2021 18:29:41,-58.791,671.173,668.945,405.273,740.356,-46.353,0.263
01.12.2021 18:29:42,-58.696,672.515,670.440,405.700,741.699,-46.408,0.244
01.12.2021 18:29:43,-58.605,673.339,671.203,406.524,743.774,-46.463,0.251
01.12.2021 18:29:44,-58.507,674.713,672.943,408.050,745.697,-46.379,0.208
01.12.2021 18:29:45,-58.392,675.109,673.614,408.325,746.582,-46.416,0.175
01.12.2021 18:29:46,-58.296,676.879,675.170,409.576,749.023,-46.431,0.200
01.12.2021 18:29:47,-58.193,677.459,676.025,410.675,750.183,-46.349,0.167
01.12.2021 18:29:48,-58.103,679.870,677.764,411.987,752.868,-46.376,0.245
01.12.2021 18:29:49,-58.000,680.389,678.527,412.078,753.936,-46.463,0.217
01.12.2021 18:29:50,-57.897,681.335,679.046,412.506,754.730,-46.464,0.266
01.12.2021 18:29:51,-57.799,683.837,681.671,414.794,758.392,-46.414,0.251
01.12.2021 18:29:52,-57.706,684.509,683.380,415.161,760.070,-46.510,0.130
01.12.2021 18:29:53,-57.593,686.798,685.028,416.778,762.207,-46.432,0.204
01.12.2021 18:29:54,-57.497,687.988,686.004,416.992,763.580,-46.525,0.228
01.12.2021 18:29:55,-57.392,690.673,688.873,418.762,765.594,-46.409,0.206
01.12.2021 18:29:56,-57.291,691.619,689.636,419.586,767.303,-46.428,0.227
01.12.2021 18:29:57,-57.196,693.511,691.192,420.318,768.981,-46.460,0.265
01.12.2021 18:29:58,-57.095,695.404,692.535,421.142,771.118,-46.519,0.327
01.12.2021 18:29:59,-56.997,697.692,695.251,422.058,773.010,-46.539,0.277
01.12.2021 18:30:00,-56.894,699.920,697.570,423.767,775.421,-46.472,0.266
01.12.2021 18:30:01,-56.791,702.392,699.951,424.774,776.733,-46.423,0.275
01.12.2021 18:30:02,-56.701,704.010,701.477,424.774,778.137,-46.554,0.285
01.12.2021 18:30:03,-56.593,705.169,703.582,426.361,780.029,-46.459,0.178
01.12.2021 18:30:04,-56.505,708.709,706.909,427.551,782.379,-46.475,0.201
01.12.2021 18:30:05,-56.397,710.052,708.557,428.192,783.813,-46.500,0.167
01.12.2021 18:30:06,-56.296,712.463,710.174,429.260,785.736,-46.497,0.254
01.12.2021 18:30:07,-56.198,715.667,713.592,431.213,788.513,-46.423,0.230
01.12.2021 18:30:08,-56.098,717.681,715.454,431.732,789.916,-46.465,0.246
01.12.2021 18:30:09,-55.997,720.611,718.109,433.197,792.144,-46.424,0.275
01.12.2021 18:30:10,-55.907,722.320,720.092,433.837,793.334,-46.425,0.244
01.12.2021 18:30:11,-55.799,724.548,722.015,435.058,794.830,-46.358,0.277
01.12.2021 18:30:12,-55.693,728.729,726.715,437.042,799.224,-46.428,0.219
01.12.2021 18:30:13,-55.598,731.475,728.454,438.049,801.452,-46.463,0.327
01.12.2021 18:30:14,-55.495,733.428,731.323,438.751,802.734,-46.463,0.227
01.12.2021 18:30:15,-55.402,737.365,734.741,440.521,805.694,-46.438,0.282
01.12.2021 18:30:16,-55.296,739.135,736.694,441.162,807.067,-46.456,0.262
01.12.2021 18:30:17,-55.206,742.492,739.776,443.115,810.943,-46.483,0.290
01.12.2021 18:30:18,-55.108,744.384,741.180,444.305,812.133,-46.395,0.341
01.12.2021 18:30:19,-55.000,746.856,744.171,444.793,814.270,-46.506,0.285
01.12.2021 18:30:20,-54.892,750.061,746.124,446.075,817.169,-46.555,0.416
01.12.2021 18:30:21,-54.796,751.800,749.420,447.631,819.244,-46.486,0.251
01.12.2021 18:30:22,-54.703,754.455,751.190,448.028,820.587,-46.540,0.343
01.12.2021 18:30:23,-54.608,756.927,752.593,449.829,823.211,-46.481,0.454
01.12.2021 18:30:24,-54.495,758.331,755.340,450.378,825.317,-46.578,0.313
01.12.2021 18:30:25,-54.392,760.955,757.263,451.477,827.484,-46.591,0.385
01.12.2021 18:30:26,-54.301,763.061,759.796,452.606,830.078,-46.637,0.339
01.12.2021 18:30:27,-54.198,766.296,761.810,453.338,832.092,-46.695,0.465
01.12.2021 18:30:28,-54.098,767.944,764.282,454.681,832.977,-46.558,0.378
01.12.2021 18:30:29,-54.000,769.439,765.350,454.864,834.289,-46.643,0.422
01.12.2021 18:30:30,-53.894,771.697,767.761,456.756,837.585,-46.628,0.405
01.12.2021 18:30:31,-53.791,774.047,770.812,458.343,840.454,-46.624,0.331
01.12.2021 18:30:32,-53.698,776.092,772.460,459.808,841.979,-46.525,0.371
01.12.2021 18:30:33,-53.600,778.533,774.749,460.723,845.092,-46.648,0.386
01.12.2021 18:30:34,-53.502,779.846,776.245,461.914,847.015,-46.626,0.366
01.12.2021 18:30:35,-53.394,782.714,778.686,463.806,849.212,-46.517,0.408
01.12.2021 18:30:36,-53.299,783.233,780.120,463.928,851.287,-46.675,0.315
01.12.2021 18:30:37,-53.208,785.705,781.799,465.270,853.363,-46.642,0.394
01.12.2021 18:30:38,-53.105,787.963,782.958,466.308,855.834,-46.690,0.504
01.12.2021 18:30:39,-53.002,790.771,786.102,468.200,858.245,-46.601,0.469
01.12.2021 18:30:41,-52.907,792.419,788.208,468.719,860.199,-46.685,0.422
01.12.2021 18:30:42,-52.796,793.487,789.123,469.879,860.839,-46.560,0.437
01.12.2021 18:30:43,-52.708,795.196,790.649,470.703,861.908,-46.523,0.454
01.12.2021 18:30:44,-52.595,797.454,793.609,472.381,866.027,-46.610,0.383
01.12.2021 18:30:45,-52.505,799.743,795.623,474.029,868.865,-46.595,0.409
01.12.2021 18:30:46,-52.392,801.330,797.515,474.822,870.941,-46.647,0.378
01.12.2021 18:30:47,-52.294,803.955,799.499,476.837,873.840,-46.581,0.440
01.12.2021 18:30:48,-52.198,805.114,801.208,477.630,875.518,-46.600,0.385
01.12.2021 18:30:49,-52.095,806.060,801.757,477.813,876.098,-46.620,0.424
01.12.2021 18:30:50,-52.005,807.373,804.229,479.797,878.692,-46.534,0.309
01.12.2021 18:30:51,-51.904,811.157,805.877,480.834,881.622,-46.618,0.517
01.12.2021 18:30:52,-51.804,811.859,806.884,482.147,882.965,-46.531,0.487
01.12.2021 18:30:53,-51.701,815.155,810.913,483.856,886.016,-46.525,0.413
01.12.2021 18:30:54,-51.595,817.016,812.866,484.710,888.702,-46.616,0.403
01.12.2021 18:30:55,-51.495,819.396,815.216,486.175,890.930,-46.579,0.405
01.12.2021 18:30:56,-51.392,822.082,817.321,487.945,892.761,-46.465,0.460
01.12.2021 18:30:57,-51.304,822.814,818.695,488.342,894.805,-46.571,0.397
01.12.2021 18:30:58,-51.193,824.768,820.556,489.959,896.698,-46.485,0.405
01.12.2021 18:30:59,-51.105,826.751,822.937,491.516,899.108,-46.450,0.366
01.12.2021 18:31:00,-51.007,828.887,824.890,492.736,901.916,-46.496,0.383
01.12.2021 18:31:01,-50.894,831.512,826.934,493.957,903.503,-46.444,0.437
01.12.2021 18:31:02,-50.794,833.679,829.498,495.880,906.036,-46.365,0.398
01.12.2021 18:31:03,-50.693,833.770,829.467,496.002,906.768,-46.406,0.409
01.12.2021 18:31:04,-50.603,835.632,831.573,497.772,908.752,-46.306,0.385
01.12.2021 18:31:05,-50.497,838.745,834.686,499.725,912.323,-46.307,0.384
01.12.2021 18:31:06,-50.404,840.637,836.120,500.488,914.001,-46.329,0.426
01.12.2021 18:31:07,-50.294,842.163,837.982,501.739,917.022,-46.387,0.394
01.12.2021 18:31:08,-50.206,844.543,840.118,503.570,917.877,-46.191,0.416
01.12.2021 18:31:09,-50.103,846.405,841.613,504.669,920.043,-46.204,0.449
01.12.2021 18:31:10,-49.992,847.351,842.925,505.676,921.722,-46.192,0.414
01.12.2021 18:31:11,-49.894,850.341,846.527,507.934,925.964,-46.201,0.356
01.12.2021 18:31:12,-49.791,851.959,847.259,508.911,926.879,-46.134,0.438
01.12.2021 18:31:13,-49.696,852.355,847.900,509.826,927.948,-46.087,0.415
01.12.2021 18:31:14,-49.593,855.041,850.097,511.871,930.541,-45.999,0.459
01.12.2021 18:31:15,-49.500,856.994,852.142,513.366,932.159,-45.913,0.449
01.12.2021 18:31:16,-49.392,859.130,854.644,514.862,935.729,-45.980,0.414
01.12.2021 18:31:17,-49.306,859.527,855.468,516.082,937.011,-45.907,0.375
01.12.2021 18:31:18,-49.201,860.992,856.811,517.730,939.270,-45.851,0.385
01.12.2021 18:31:19,-49.105,862.854,858.612,519.348,941.589,-45.803,0.390
01.12.2021 18:31:20,-48.995,864.440,860.229,520.874,943.969,-45.773,0.386
01.12.2021 18:31:21,-48.894,866.271,861.877,522.552,946.533,-45.737,0.402
01.12.2021 18:31:22,-48.796,867.462,863.403,524.017,948.181,-45.660,0.371
01.12.2021 18:31:23,-48.706,867.523,863.342,524.658,949.218,-45.650,0.382
01.12.2021 18:31:24,-48.598,871.276,866.272,527.679,954.192,-45.613,0.456
01.12.2021 18:31:25,-48.507,869.964,866.363,527.770,954.254,-45.605,0.328
01.12.2021 18:31:26,-48.397,872.711,868.469,530.273,957.061,-45.475,0.386
01.12.2021 18:31:27,-48.296,873.504,870.147,531.402,959.228,-45.484,0.305
01.12.2021 18:31:28,-48.196,874.847,870.330,532.562,961.242,-45.478,0.410
01.12.2021 18:31:29,-48.098,875.762,871.795,534.332,962.249,-45.313,0.359
01.12.2021 18:31:30,-47.997,876.068,872.344,535.034,964.843,-45.414,0.337
01.12.2021 18:31:31,-47.902,877.685,873.565,537.384,967.407,-45.288,0.372
01.12.2021 18:31:32,-47.806,878.997,875.549,539.184,969.329,-45.189,0.311
01.12.2021 18:31:33,-47.703,880.798,876.403,540.496,971.252,-45.156,0.396
01.12.2021 18:31:34,-47.605,881.500,877.532,541.778,973.937,-45.185,0.357
01.12.2021 18:31:35,-47.507,882.904,879.303,543.090,974.914,-45.082,0.323
01.12.2021 18:31:36,-47.399,885.131,880.432,545.074,977.691,-45.023,0.421
01.12.2021 18:31:37,-47.299,885.131,881.195,546.386,979.400,-44.975,0.353
01.12.2021 18:31:38,-47.196,884.704,882.049,547.363,980.316,-44.913,0.238
01.12.2021 18:31:39,-47.100,887.390,883.300,549.163,982.666,-44.848,0.366
01.12.2021 18:31:40,-47.005,888.427,884.491,550.415,984.741,-44.836,0.351
01.12.2021 18:31:41,-46.892,889.251,885.986,552.246,987.029,-44.763,0.291
01.12.2021 18:31:42,-46.804,890.655,886.657,552.856,988.586,-44.798,0.356
01.12.2021 18:31:43,-46.706,892.150,887.939,555.419,990.875,-44.629,0.374
01.12.2021 18:31:44,-46.595,891.235,887.847,555.786,991.455,-44.624,0.301
01.12.2021 18:31:45,-46.495,892.059,889.404,557.556,993.469,-44.540,0.236
01.12.2021 18:31:46,-46.397,894.104,890.564,559.417,995.880,-44.473,0.314
01.12.2021 18:31:47,-46.299,894.958,891.021,561.126,997.680,-44.382,0.349
01.12.2021 18:31:48,-46.201,896.423,893.768,563.446,1000.000,-44.251,0.235
01.12.2021 18:31:49,-46.103,897.552,893.463,563.781,1001.037,-44.283,0.361
01.12.2021 18:31:50,-46.007,897.552,894.439,565.673,1002.960,-44.178,0.275
01.12.2021 18:31:51,-45.904,898.895,895.172,567.260,1006.286,-44.216,0.328
01.12.2021 18:31:52,-45.796,899.169,895.874,568.664,1006.744,-44.068,0.290
01.12.2021 18:31:53,-45.708,900.299,897.796,570.465,1009.857,-44.063,0.220
01.12.2021 18:31:54,-45.593,900.909,898.071,572.448,1012.054,-43.968,0.250
01.12.2021 18:31:55,-45.492,901.367,898.925,573.455,1012.939,-43.903,0.214
01.12.2021 18:31:56,-45.399,902.740,899.658,574.890,1014.678,-43.846,0.271
01.12.2021 18:31:57,-45.301,903.320,900.421,576.354,1016.998,-43.827,0.254
01.12.2021 18:31:58,-45.201,904.785,902.221,578.308,1019.592,-43.766,0.224
01.12.2021 18:31:59,-45.108,904.785,902.618,579.895,1021.545,-43.705,0.189
01.12.2021 18:32:00,-44.992,905.670,903.808,581.848,1025.024,-43.708,0.163
01.12.2021 18:32:01,-44.907,906.951,904.205,583.862,1025.634,-43.498,0.240
01.12.2021 18:32:02,-44.794,906.829,905.487,585.205,1027.740,-43.480,0.117
01.12.2021 18:32:03,-44.708,907.745,905.212,585.998,1028.930,-43.466,0.221
01.12.2021 18:32:04,-44.595,908.294,905.944,588.104,1031.067,-43.355,0.205
01.12.2021 18:32:05,-44.495,909.729,907.684,590.270,1033.569,-43.263,0.178
01.12.2021 18:32:06,-44.402,909.698,907.623,591.217,1034.454,-43.208,0.180
01.12.2021 18:32:07,-44.291,911.224,909.118,593.475,1037.597,-43.151,0.183
01.12.2021 18:32:08,-44.208,911.865,910.034,594.329,1038.879,-43.136,0.159
01.12.2021 18:32:09,-44.093,911.682,909.973,596.160,1039.337,-42.943,0.148
01.12.2021 18:32:10,-44.005,912.170,910.125,596.923,1041.320,-42.989,0.177
01.12.2021 18:32:11,-43.904,912.048,910.583,598.632,1042.205,-42.842,0.127
01.12.2021 18:32:12,-43.791,913.177,911.956,600.616,1045.257,-42.813,0.105
01.12.2021 18:32:13,-43.701,915.283,913.268,602.691,1048.217,-42.768,0.174
01.12.2021 18:32:14,-43.605,914.337,913.330,603.912,1048.462,-42.636,0.087
01.12.2021 18:32:15,-43.497,915.466,914.367,605.621,1050.140,-42.546,0.095
01.12.2021 18:32:16,-43.404,915.069,913.421,606.018,1049.774,-42.472,0.142
01.12.2021 18:32:17,-43.294,914.611,913.146,607.269,1051.178,-42.419,0.127
01.12.2021 18:32:18,-43.208,915.649,914.123,608.886,1052.795,-42.336,0.132
01.12.2021 18:32:19,-43.095,916.290,915.283,610.626,1054.992,-42.280,0.087
01.12.2021 18:32:20,-43.005,917.450,916.412,612.426,1057.098,-42.210,0.089
01.12.2021 18:32:21,-42.899,917.846,915.954,612.854,1057.098,-42.158,0.163
01.12.2021 18:32:22,-42.796,918.487,916.931,614.837,1059.783,-42.107,0.134
01.12.2021 18:32:23,-42.701,918.517,917.816,616.668,1061.981,-42.041,0.060
01.12.2021 18:32:24,-42.595,920.104,918.670,618.896,1063.934,-41.910,0.123
01.12.2021 18:32:26,-42.495,920.501,919.799,620.086,1066.070,-41.917,0.060
01.12.2021 18:32:27,-42.397,920.166,919.250,621.124,1066.101,-41.796,0.078
01.12.2021 18:32:28,-42.296,921.173,920.715,623.321,1069.458,-41.767,0.039
01.12.2021 18:32:29,-42.203,922.424,921.417,624.298,1069.488,-41.654,0.086
01.12.2021 18:32:30,-42.100,922.363,921.813,625.457,1070.465,-41.584,0.047
01.12.2021 18:32:31,-41.995,923.126,921.783,627.136,1072.479,-41.525,0.115
01.12.2021 18:32:32,-41.904,922.149,921.844,627.807,1073.638,-41.526,0.026
01.12.2021 18:32:33,-41.801,924.408,923.278,629.486,1075.378,-41.448,0.096
01.12.2021 18:32:34,-41.703,924.682,924.377,631.347,1077.239,-41.358,0.026
01.12.2021 18:32:35,-41.593,925.964,924.957,632.598,1079.254,-41.350,0.086
01.12.2021 18:32:36,-41.492,927.215,924.865,634.094,1079.559,-41.196,0.201
01.12.2021 18:32:37,-41.399,926.116,924.285,634.124,1080.200,-41.236,0.156
01.12.2021 18:32:38,-41.291,927.581,925.872,636.413,1081.695,-41.072,0.146
01.12.2021 18:32:39,-41.201,928.344,927.825,638.702,1084.381,-40.990,0.044
01.12.2021 18:32:40,-41.105,929.657,927.948,640.136,1086.853,-40.993,0.145
01.12.2021 18:32:41,-41.002,929.901,928.527,641.448,1087.066,-40.856,0.117
01.12.2021 18:32:42,-40.904,930.480,928.650,642.425,1088.226,-40.822,0.156
01.12.2021 18:32:43,-40.796,932.373,930.755,644.714,1090.850,-40.737,0.137
01.12.2021 18:32:44,-40.703,932.800,930.328,646.362,1092.498,-40.660,0.210
01.12.2021 18:32:45,-40.608,932.464,932.281,647.338,1093.933,-40.645,0.015
01.12.2021 18:32:46,-40.495,933.776,931.823,648.742,1094.879,-40.549,0.165
01.12.2021 18:32:47,-40.392,934.234,933.868,650.543,1096.618,-40.461,0.031
01.12.2021 18:32:48,-40.291,934.906,933.471,651.641,1097.686,-40.408,0.121
01.12.2021 18:32:49,-40.198,936.462,935.211,653.930,1099.243,-40.254,0.105
01.12.2021 18:32:50,-40.093,936.706,935.150,654.296,1099.975,-40.262,0.131
01.12.2021 18:32:51,-39.995,935.730,935.089,654.998,1101.074,-40.256,0.054
01.12.2021 18:32:52,-39.892,938.049,936.859,656.951,1103.698,-40.212,0.100
01.12.2021 18:32:53,-39.791,938.598,937.866,658.935,1104.736,-40.058,0.061
01.12.2021 18:32:54,-39.693,938.446,937.682,660.339,1106.078,-39.990,0.064
01.12.2021 18:32:55,-39.593,939.971,939.300,661.468,1107.299,-39.945,0.056
01.12.2021 18:32:56,-39.502,940.704,939.178,662.994,1108.703,-39.868,0.128
01.12.2021 18:32:57,-39.397,940.765,939.941,663.360,1109.314,-39.868,0.069
01.12.2021 18:32:58,-39.294,941.467,940.277,665.069,1111.633,-39.832,0.100
01.12.2021 18:32:59,-39.193,941.162,940.185,665.710,1111.450,-39.748,0.082
01.12.2021 18:33:00,-39.098,941.650,941.284,666.809,1112.854,-39.720,0.030
01.12.2021 18:33:01,-38.997,943.786,942.382,668.579,1114.654,-39.643,0.117
01.12.2021 18:33:02,-38.907,943.542,942.566,669.891,1115.142,-39.530,0.082
01.12.2021 18:33:03,-38.799,944.030,943.481,670.959,1116.607,-39.509,0.046
01.12.2021 18:33:04,-38.698,944.824,944.274,672.546,1118.347,-39.449,0.046
01.12.2021 18:33:05,-38.598,944.213,944.061,672.668,1118.499,-39.446,0.012
01.12.2021 18:33:06,-38.497,944.946,944.793,673.889,1119.476,-39.376,0.012
01.12.2021 18:33:07,-38.394,946.166,944.793,675.231,1120.513,-39.297,0.115
01.12.2021 18:33:08,-38.296,946.136,945.922,675.750,1121.795,-39.325,0.017
01.12.2021 18:33:09,-38.198,946.777,946.838,677.520,1122.100,-39.150,-0.005
01.12.2021 18:33:10,-38.105,948.028,947.631,678.405,1124.023,-39.180,0.033
01.12.2021 18:33:11,-38.000,948.333,947.479,680.541,1124.725,-38.993,0.071
01.12.2021 18:33:12,-37.892,948.303,948.089,681.030,1125.182,-38.970,0.017
01.12.2021 18:33:13,-37.801,948.822,948.852,682.403,1126.037,-38.876,-0.002
01.12.2021 18:33:14,-37.706,949.279,948.608,682.495,1126.312,-38.885,0.056
01.12.2021 18:33:15,-37.603,950.958,950.744,684.661,1127.990,-38.759,0.017
01.12.2021 18:33:16,-37.507,952.331,952.209,686.584,1128.234,-38.567,0.010
01.12.2021 18:33:17,-37.402,951.416,951.324,686.431,1129.180,-38.646,0.007
01.12.2021 18:33:18,-37.296,952.514,952.484,688.659,1130.218,-38.472,0.002
01.12.2021 18:33:19,-37.203,952.270,952.240,689.270,1130.615,-38.433,0.002
01.12.2021 18:33:20,-37.108,953.857,953.552,691.070,1131.530,-38.298,0.025
01.12.2021 18:33:21,-37.005,954.315,954.315,692.047,1131.866,-38.215,0.000
01.12.2021 18:33:22,-36.899,955.413,954.986,692.749,1133.056,-38.218,0.035
01.12.2021 18:33:23,-36.796,955.291,954.772,694.152,1132.965,-38.061,0.043
01.12.2021 18:33:24,-36.708,956.054,956.054,695.129,1134.399,-38.050,0.000
01.12.2021 18:33:25,-36.603,957.580,957.702,697.052,1135.253,-37.900,-0.010
01.12.2021 18:33:26,-36.507,957.916,957.672,697.967,1135.223,-37.800,0.020
01.12.2021 18:33:27,-36.407,958.038,958.129,698.608,1135.894,-37.776,-0.007
01.12.2021 18:33:28,-36.306,957.794,957.214,699.462,1135.437,-37.654,0.047
01.12.2021 18:33:29,-36.208,958.099,958.740,700.286,1135.070,-37.542,-0.052
01.12.2021 18:33:30,-36.108,958.007,957.611,700.592,1133.575,-37.411,0.032
01.12.2021 18:33:31,-35.992,958.313,958.984,702.148,1135.040,-37.341,-0.055
01.12.2021 18:33:32,-35.904,958.801,958.984,703.216,1135.040,-37.228,-0.015
01.12.2021 18:33:33,-35.806,959.228,959.869,703.918,1135.162,-37.161,-0.052
01.12.2021 18:33:34,-35.708,960.723,960.571,705.139,1136.749,-37.136,0.012
01.12.2021 18:33:35,-35.608,961.425,961.578,706.634,1136.383,-36.953,-0.012
01.12.2021 18:33:36,-35.505,961.120,961.547,706.817,1135.711,-36.889,-0.035
01.12.2021 18:33:37,-35.404,962.097,962.707,707.824,1137.359,-36.891,-0.050
01.12.2021 18:33:38,-35.291,962.097,962.616,708.526,1135.864,-36.718,-0.042
01.12.2021 18:33:39,-35.201,962.646,963.134,709.320,1136.230,-36.659,-0.040
01.12.2021 18:33:40,-35.105,963.470,963.897,710.632,1137.329,-36.592,-0.035
01.12.2021 18:33:41,-35.005,963.623,964.233,711.273,1137.115,-36.511,-0.050
01.12.2021 18:33:42,-34.904,964.355,965.087,711.608,1136.260,-36.419,-0.060
01.12.2021 18:33:43,-34.806,964.294,965.087,712.707,1136.688,-36.331,-0.065
01.12.2021 18:33:44,-34.708,963.928,965.179,712.951,1135.742,-36.243,-0.102
01.12.2021 18:33:45,-34.595,965.850,965.759,713.928,1136.718,-36.205,0.007
01.12.2021 18:33:46,-34.492,965.637,966.461,715.057,1136.138,-36.048,-0.067
01.12.2021 18:33:47,-34.402,966.583,967.285,716.033,1137.359,-36.026,-0.057
01.12.2021 18:33:48,-34.306,967.926,968.383,716.918,1136.596,-35.883,-0.037
01.12.2021 18:33:49,-34.208,968.444,969.055,716.735,1137.268,-35.946,-0.049
01.12.2021 18:33:50,-34.093,968.597,968.536,717.620,1136.505,-35.803,0.005
01.12.2021 18:33:51,-34.007,969.024,969.329,719.207,1136.932,-35.665,-0.024
01.12.2021 18:33:52,-33.907,969.116,970.703,719.970,1137.390,-35.616,-0.129
01.12.2021 18:33:53,-33.806,970.367,971.557,721.923,1138.214,-35.466,-0.097
01.12.2021 18:33:54,-33.706,970.306,971.832,722.015,1138.000,-35.443,-0.124
01.12.2021 18:33:55,-33.605,971.008,971.740,722.290,1137.573,-35.386,-0.059
01.12.2021 18:33:56,-33.505,971.069,971.832,722.991,1137.359,-35.298,-0.062
01.12.2021 18:33:57,-33.407,970.886,972.107,723.358,1137.878,-35.295,-0.099
01.12.2021 18:33:58,-33.304,973.449,974.060,726.043,1139.251,-35.106,-0.049
01.12.2021 18:33:59,-33.203,973.846,975.372,727.386,1140.533,-35.052,-0.124
01.12.2021 18:34:00,-33.100,974.243,975.158,727.386,1140.594,-35.056,-0.074
01.12.2021 18:34:01,-33.007,975.097,976.013,729.125,1141.174,-34.914,-0.074
01.12.2021 18:34:02,-32.904,973.602,974.456,728.210,1138.793,-34.851,-0.069
01.12.2021 18:34:03,-32.804,975.524,975.768,729.736,1140.869,-34.831,-0.019
01.12.2021 18:34:04,-32.708,975.433,976.776,731.292,1141.571,-34.717,-0.108
01.12.2021 18:34:05,-32.605,975.525,976.348,731.079,1140.960,-34.698,-0.066
01.12.2021 18:34:06,-32.505,975.097,976.776,731.567,1140.502,-34.618,-0.136
01.12.2021 18:34:07,-32.407,977.203,977.844,733.154,1141.326,-34.509,-0.051
01.12.2021 18:34:08,-32.304,976.592,976.654,733.825,1141.204,-34.431,-0.004
01.12.2021 18:34:09,-32.193,976.684,977.722,733.764,1141.021,-34.426,-0.084
01.12.2021 18:34:10,-32.100,977.355,977.722,733.886,1141.296,-34.431,-0.029
01.12.2021 18:34:12,-31.995,976.501,977.966,734.863,1140.319,-34.266,-0.118
01.12.2021 18:34:13,-31.907,977.844,979.095,736.297,1142.211,-34.244,-0.101
01.12.2021 18:34:14,-31.801,979.492,980.773,738.006,1143.707,-34.168,-0.103
01.12.2021 18:34:15,-31.703,979.308,980.468,738.769,1142.242,-33.993,-0.093
01.12.2021 18:34:16,-31.608,979.980,980.834,738.952,1142.608,-33.998,-0.069
01.12.2021 18:34:17,-31.507,980.224,980.346,739.410,1142.608,-33.951,-0.009
01.12.2021 18:34:18,-31.402,979.125,980.529,740.386,1142.791,-33.864,-0.113
01.12.2021 18:34:19,-31.296,980.224,980.987,741.394,1143.188,-33.787,-0.061
01.12.2021 18:34:20,-31.208,980.102,982.086,741.729,1143.066,-33.745,-0.160
01.12.2021 18:34:21,-31.105,980.865,982.574,743.499,1143.707,-33.607,-0.137
01.12.2021 18:34:22,-30.995,982.513,983.215,745.452,1144.561,-33.465,-0.056
01.12.2021 18:34:23,-30.904,980.865,982.879,744.873,1143.798,-33.473,-0.162
01.12.2021 18:34:24,-30.796,981.628,983.245,746.276,1144.714,-33.391,-0.130
01.12.2021 18:34:25,-30.693,982.025,983.184,746.520,1144.531,-33.355,-0.093
01.12.2021 18:34:26,-30.608,981.902,983.520,748.718,1145.965,-33.227,-0.130
01.12.2021 18:34:27,-30.505,982.971,984.375,749.877,1144.927,-33.041,-0.113
01.12.2021 18:34:28,-30.402,982.940,983.703,750.488,1144.531,-32.953,-0.061
01.12.2021 18:34:29,-30.296,983.123,984.558,750.946,1143.951,-32.868,-0.115
01.12.2021 18:34:30,-30.196,983.520,984.313,752.777,1144.928,-32.748,-0.063
01.12.2021 18:34:31,-30.103,982.910,984.252,753.295,1144.989,-32.700,-0.108
01.12.2021 18:34:32,-29.995,983.367,984.832,754.180,1144.897,-32.605,-0.117
01.12.2021 18:34:33,-29.902,985.443,986.724,757.629,1146.270,-32.350,-0.103
01.12.2021 18:34:34,-29.794,985.382,986.816,757.720,1146.789,-32.375,-0.115
01.12.2021 18:34:35,-29.698,984.680,986.236,758.300,1145.050,-32.201,-0.125
01.12.2021 18:34:36,-29.605,984.954,986.175,759.185,1145.233,-32.125,-0.098
01.12.2021 18:34:37,-29.500,985.626,986.358,760.620,1146.057,-32.036,-0.058
01.12.2021 18:34:38,-29.392,985.351,986.877,762.115,1145.538,-31.852,-0.122
01.12.2021 18:34:39,-29.306,986.206,987.884,763.641,1147.155,-31.808,-0.134
01.12.2021 18:34:40,-29.196,986.694,987.792,764.648,1145.812,-31.618,-0.088
01.12.2021 18:34:41,-29.098,987.152,987.518,764.739,1146.057,-31.625,-0.029
01.12.2021 18:34:42,-29.002,987.182,988.281,766.510,1145.812,-31.433,-0.088
01.12.2021 18:34:43,-28.904,986.846,987.518,766.784,1145.935,-31.414,-0.053
01.12.2021 18:34:44,-28.796,985.778,987.792,768.249,1144.714,-31.188,-0.161
01.12.2021 18:34:45,-28.701,986.755,988.037,769.500,1145.721,-31.131,-0.102
01.12.2021 18:34:46,-28.608,987.091,988.342,770.812,1145.538,-30.989,-0.100
01.12.2021 18:34:47,-28.495,987.945,988.952,771.881,1146.515,-30.948,-0.080
01.12.2021 18:34:48,-28.392,986.938,989.166,772.766,1146.240,-30.842,-0.178
01.12.2021 18:34:49,-28.291,988.403,989.898,773.895,1146.179,-30.727,-0.119
01.12.2021 18:34:50,-28.201,988.098,989.807,775.573,1147.064,-30.621,-0.136
01.12.2021 18:34:51,-28.108,988.342,990.264,776.641,1146.515,-30.479,-0.154
01.12.2021 18:34:52,-28.005,987.762,989.715,776.947,1145.751,-30.398,-0.156
01.12.2021 18:34:53,-27.902,988.708,990.875,778.594,1146.331,-30.275,-0.173
01.12.2021 18:34:54,-27.799,988.708,990.386,780.090,1146.545,-30.143,-0.134
01.12.2021 18:34:55,-27.693,990.295,991.455,781.829,1147.827,-30.058,-0.092
01.12.2021 18:34:56,-27.600,990.203,991.546,782.806,1146.759,-29.892,-0.107
01.12.2021 18:34:57,-27.492,989.044,990.814,783.630,1146.606,-29.801,-0.141
01.12.2021 18:34:58,-27.392,989.257,990.997,785.095,1147.277,-29.703,-0.139
01.12.2021 18:34:59,-27.294,990.600,992.645,787.414,1148.101,-29.532,-0.163
01.12.2021 18:35:00,-27.196,990.020,991.729,787.811,1147.643,-29.463,-0.136
01.12.2021 18:35:01,-27.108,990.295,991.912,789.520,1147.399,-29.281,-0.129
01.12.2021 18:35:02,-27.002,988.739,990.722,788.970,1146.057,-29.245,-0.158
01.12.2021 18:35:03,-26.892,989.715,991.668,790.771,1147.155,-29.144,-0.156
01.12.2021 18:35:04,-26.799,990.020,991.119,792.114,1147.460,-29.034,-0.087
01.12.2021 18:35:05,-26.701,990.783,992.706,794.738,1149.322,-28.905,-0.153
01.12.2021 18:35:06,-26.595,990.783,992.523,795.562,1148.651,-28.781,-0.138
01.12.2021 18:35:07,-26.502,990.478,992.736,796.661,1148.895,-28.691,-0.180
01.12.2021 18:35:08,-26.404,991.210,992.736,797.943,1149.169,-28.586,-0.121
01.12.2021 18:35:09,-26.294,991.577,992.523,799.041,1148.468,-28.434,-0.075
01.12.2021 18:35:10,-26.206,991.210,992.950,799.133,1147.735,-28.376,-0.138
01.12.2021 18:35:11,-26.108,990.478,992.309,801.422,1148.468,-28.206,-0.146
01.12.2021 18:35:12,-25.995,989.837,992.279,801.757,1147.582,-28.115,-0.195
01.12.2021 18:35:13,-25.907,990.478,992.248,802.856,1148.040,-28.040,-0.141
01.12.2021 18:35:14,-25.804,991.119,992.919,804.473,1148.498,-27.916,-0.143
01.12.2021 18:35:15,-25.703,991.271,992.980,805.114,1148.620,-27.863,-0.136
01.12.2021 18:35:16,-25.608,990.661,991.333,805.725,1146.942,-27.693,-0.053
01.12.2021 18:35:17,-25.507,989.990,991.973,806.854,1147.705,-27.636,-0.158
01.12.2021 18:35:18,-25.404,992.309,994.201,810.668,1149.719,-27.408,-0.150
01.12.2021 18:35:19,-25.304,992.217,993.408,811.340,1149.474,-27.328,-0.094
01.12.2021 18:35:20,-25.196,992.278,993.621,812.561,1149.627,-27.223,-0.107
01.12.2021 18:35:21,-25.108,991.729,993.469,813.751,1148.223,-27.017,-0.138
01.12.2021 18:35:22,-25.007,992.462,994.171,815.338,1149.322,-26.940,-0.136
01.12.2021 18:35:23,-24.904,992.431,993.530,817.260,1148.254,-26.687,-0.087
01.12.2021 18:35:24,-24.806,992.431,994.201,817.779,1149.017,-26.690,-0.141
01.12.2021 18:35:25,-24.703,993.316,994.629,819.976,1149.810,-26.536,-0.104
01.12.2021 18:35:26,-24.593,992.950,994.842,821.228,1149.932,-26.427,-0.150
01.12.2021 18:35:27,-24.505,993.316,994.659,823.150,1148.834,-26.173,-0.107
01.12.2021 18:35:28,-24.407,993.041,995.056,823.760,1148.529,-26.095,-0.160
01.12.2021 18:35:29,-24.301,992.950,993.896,825.591,1148.193,-25.902,-0.075
01.12.2021 18:35:30,-24.206,992.004,993.957,826.507,1147.857,-25.794,-0.155
01.12.2021 18:35:31,-24.108,991.851,994.140,828.247,1148.590,-25.681,-0.182
01.12.2021 18:35:32,-24.005,991.485,993.225,828.979,1148.101,-25.580,-0.138
01.12.2021 18:35:33,-23.902,992.126,994.110,830.810,1148.742,-25.452,-0.158
01.12.2021 18:35:34,-23.791,991.943,993.499,832.611,1148.040,-25.238,-0.124
01.12.2021 18:35:35,-23.706,992.889,994.964,834.106,1149.169,-25.175,-0.165
01.12.2021 18:35:36,-23.605,992.492,994.781,835.845,1148.376,-24.961,-0.182
01.12.2021 18:35:37,-23.505,991.729,993.438,836.364,1147.643,-24.864,-0.136
01.12.2021 18:35:38,-23.402,991.699,994.171,838.165,1148.651,-24.765,-0.197
01.12.2021 18:35:39,-23.306,993.133,995.422,840.515,1150.482,-24.672,-0.182
01.12.2021 18:35:40,-23.208,992.553,994.293,841.064,1148.712,-24.503,-0.138
01.12.2021 18:35:41,-23.095,992.553,994.201,842.285,1148.010,-24.343,-0.131
01.12.2021 18:35:42,-22.997,993.591,995.086,844.146,1147.949,-24.168,-0.119
01.12.2021 18:35:43,-22.907,991.607,993.805,844.085,1146.972,-24.108,-0.175
01.12.2021 18:35:44,-22.804,991.943,994.140,846.649,1147.979,-23.941,-0.175
01.12.2021 18:35:45,-22.708,992.584,995.635,848.266,1148.162,-23.806,-0.243
01.12.2021 18:35:46,-22.608,993.041,995.300,849.761,1148.437,-23.688,-0.179
01.12.2021 18:35:47,-22.507,991.973,994.323,850.677,1147.216,-23.522,-0.187
01.12.2021 18:35:48,-22.407,993.164,995.147,852.600,1147.247,-23.349,-0.158
01.12.2021 18:35:49,-22.306,993.682,995.391,854.156,1147.583,-23.230,-0.136
01.12.2021 18:35:50,-22.208,994.354,996.734,856.018,1148.162,-23.101,-0.189
01.12.2021 18:35:51,-22.093,993.652,996.307,857.666,1148.254,-22.958,-0.211
01.12.2021 18:35:52,-22.007,993.194,995.361,858.490,1146.362,-22.755,-0.172
01.12.2021 18:35:53,-21.907,993.224,995.330,860.137,1146.667,-22.627,-0.167
01.12.2021 18:35:54,-21.804,992.767,995.086,860.961,1144.683,-22.418,-0.184
01.12.2021 18:35:55,-21.708,993.133,995.056,862.274,1144.195,-22.267,-0.153
01.12.2021 18:35:57,-21.608,993.499,996.429,864.074,1145.721,-22.208,-0.233
01.12.2021 18:35:58,-21.507,993.316,995.788,866.119,1145.538,-22.012,-0.196
01.12.2021 18:35:59,-21.407,993.011,995.544,867.431,1144.256,-21.807,-0.201
01.12.2021 18:36:00,-21.291,993.896,995.880,868.866,1144.775,-21.714,-0.157
01.12.2021 18:36:01,-21.206,992.889,994.964,869.842,1143.707,-21.554,-0.165
01.12.2021 18:36:02,-21.108,992.309,995.056,870.788,1141.906,-21.347,-0.219
01.12.2021 18:36:03,-21.007,992.401,994.445,872.192,1140.991,-21.159,-0.163
01.12.2021 18:36:04,-20.907,990.905,993.927,873.443,1140.899,-21.042,-0.241
01.12.2021 18:36:05,-20.794,991.638,994.445,875.488,1141.510,-20.901,-0.224
01.12.2021 18:36:06,-20.701,990.295,993.621,876.159,1139.862,-20.729,-0.265
01.12.2021 18:36:07,-20.608,990.661,993.560,876.586,1139.129,-20.641,-0.231
01.12.2021 18:36:08,-20.495,991.790,994.201,879.547,1140.838,-20.495,-0.192
01.12.2021 18:36:09,-20.394,990.539,993.011,879.638,1138.153,-20.303,-0.197
01.12.2021 18:36:10,-20.291,990.569,993.377,881.073,1138.641,-20.210,-0.224
01.12.2021 18:36:11,-20.193,991.241,994.171,883.697,1139.709,-20.051,-0.233
01.12.2021 18:36:12,-20.093,991.424,994.293,885.406,1139.770,-19.905,-0.228
01.12.2021 18:36:13,-20.007,990.600,993.041,886.047,1138.366,-19.752,-0.195
01.12.2021 18:36:14,-19.894,990.661,993.164,887.207,1138.519,-19.660,-0.199
01.12.2021 18:36:15,-19.791,990.478,993.347,888.671,1137.817,-19.484,-0.229
01.12.2021 18:36:16,-19.701,990.417,992.797,888.793,1136.871,-19.408,-0.190
01.12.2021 18:36:17,-19.605,989.379,993.011,890.991,1136.810,-19.211,-0.290
01.12.2021 18:36:18,-19.507,989.440,991.943,891.052,1136.352,-19.174,-0.200
01.12.2021 18:36:19,-19.399,989.959,992.828,894.042,1136.444,-18.919,-0.229
01.12.2021 18:36:20,-19.304,990.722,993.438,894.775,1136.322,-18.846,-0.216
01.12.2021 18:36:21,-19.198,989.227,991.943,895.019,1134.490,-18.699,-0.217
01.12.2021 18:36:22,-19.100,988.800,992.096,896.667,1133.483,-18.486,-0.263
01.12.2021 18:36:23,-18.997,990.631,992.004,898.010,1133.758,-18.388,-0.109
01.12.2021 18:36:24,-18.899,988.616,991.088,898.925,1132.446,-18.218,-0.197
01.12.2021 18:36:25,-18.791,989.471,990.997,900.695,1133.178,-18.114,-0.122
01.12.2021 18:36:26,-18.698,988.922,991.577,901.061,1131.835,-17.990,-0.212
01.12.2021 18:36:27,-18.598,988.800,990.844,902.893,1131.591,-17.814,-0.163
01.12.2021 18:36:28,-18.492,989.105,992.096,904.174,1130.950,-17.659,-0.239
01.12.2021 18:36:29,-18.407,988.678,990.325,904.998,1129.974,-17.520,-0.131
01.12.2021 18:36:30,-18.304,987.945,991.088,906.372,1129.180,-17.346,-0.251
01.12.2021 18:36:31,-18.206,988.372,990.417,906.982,1128.906,-17.275,-0.163
01.12.2021 18:36:32,-18.095,986.938,989.837,907.867,1127.441,-17.097,-0.232
01.12.2021 18:36:33,-18.005,987.304,990.417,909.545,1128.112,-16.999,-0.249
01.12.2021 18:36:34,-17.907,987.304,989.959,910.278,1126.648,-16.834,-0.212
01.12.2021 18:36:35,-17.791,986.846,989.593,911.712,1125.701,-16.644,-0.220
01.12.2021 18:36:36,-17.703,987.518,989.654,912.475,1125.579,-16.570,-0.171
01.12.2021 18:36:37,-17.605,986.816,988.159,913.452,1125.122,-16.455,-0.107
01.12.2021 18:36:38,-17.507,985.199,989.074,913.787,1123.993,-16.347,-0.311
01.12.2021 18:36:39,-17.394,985.412,987.335,914.611,1123.870,-16.268,-0.154
01.12.2021 18:36:40,-17.291,985.748,988.830,916.625,1123.931,-16.100,-0.247
01.12.2021 18:36:41,-17.208,986.023,988.067,917.144,1123.413,-16.019,-0.164
01.12.2021 18:36:42,-17.103,986.480,989.135,918.304,1123.046,-15.895,-0.212
01.12.2021 18:36:43,-16.995,985.260,987.457,918.426,1122.344,-15.835,-0.176
01.12.2021 18:36:44,-16.899,984.985,988.067,919.586,1122.497,-15.747,-0.247
01.12.2021 18:36:45,-16.801,984.435,986.846,920.532,1121.612,-15.604,-0.193
01.12.2021 18:36:46,-16.708,983.734,986.938,921.050,1120.574,-15.487,-0.257
01.12.2021 18:36:47,-16.598,984.954,986.877,922.851,1121.399,-15.392,-0.154
01.12.2021 18:36:48,-16.492,983.795,986.389,922.119,1119.506,-15.321,-0.208
01.12.2021 18:36:49,-16.407,983.825,986.602,923.858,1119.567,-15.178,-0.223
01.12.2021 18:36:50,-16.296,984.405,986.877,925.964,1119.750,-15.012,-0.198
01.12.2021 18:36:51,-16.206,983.398,986.266,925.445,1118.896,-14.996,-0.230
01.12.2021 18:36:52,-16.108,983.550,985.717,926.086,1118.072,-14.884,-0.174
01.12.2021 18:36:53,-15.992,983.367,985.931,927.703,1117.889,-14.734,-0.206
01.12.2021 18:36:54,-15.907,983.123,984.832,928.069,1116.882,-14.632,-0.137
01.12.2021 18:36:55,-15.791,982.543,984.893,929.473,1115.570,-14.421,-0.189
01.12.2021 18:36:56,-15.696,983.459,986.114,930.511,1116.210,-14.378,-0.213
01.12.2021 18:36:57,-15.605,981.872,984.313,930.877,1114.837,-14.251,-0.196
01.12.2021 18:36:58,-15.497,982.879,985.534,933.258,1115.020,-14.063,-0.213
01.12.2021 18:36:59,-15.397,981.628,983.673,932.891,1113.189,-13.964,-0.164
01.12.2021 18:37:00,-15.296,981.567,983.856,934.509,1112.304,-13.766,-0.184
01.12.2021 18:37:01,-15.193,981.384,984.192,934.875,1111.602,-13.685,-0.226
01.12.2021 18:37:02,-15.098,979.400,982.330,934.936,1109.344,-13.520,-0.236
01.12.2021 18:37:03,-14.992,979.980,982.055,936.370,1109.405,-13.404,-0.167
01.12.2021 18:37:04,-14.894,979.675,982.910,937.774,1108.856,-13.247,-0.261
01.12.2021 18:37:05,-14.806,978.851,981.506,937.927,1106.872,-13.093,-0.214
01.12.2021 18:37:06,-14.701,979.492,982.330,939.636,1106.262,-12.907,-0.229
01.12.2021 18:37:07,-14.605,979.888,982.208,940.887,1106.964,-12.852,-0.187
01.12.2021 18:37:08,-14.502,979.065,981.597,941.985,1104.522,-12.586,-0.204
01.12.2021 18:37:09,-14.404,977.874,980.438,940.643,1102.935,-12.585,-0.207
01.12.2021 18:37:10,-14.304,977.630,980.041,942.718,1102.172,-12.357,-0.195
01.12.2021 18:37:11,-14.208,977.752,980.896,943.725,1102.020,-12.262,-0.254
01.12.2021 18:37:12,-14.100,978.332,980.621,944.976,1102.722,-12.208,-0.185
01.12.2021 18:37:13,-14.000,978.454,981.018,946.594,1101.959,-12.019,-0.207
01.12.2021 18:37:14,-13.907,978.118,981.231,947.509,1100.860,-11.864,-0.251
01.12.2021 18:37:15,-13.806,977.172,979.583,946.044,1098.358,-11.807,-0.195
01.12.2021 18:37:16,-13.708,977.386,979.950,948.303,1098.480,-11.627,-0.207
01.12.2021 18:37:17,-13.603,975.311,978.637,947.143,1096.710,-11.597,-0.269
01.12.2021 18:37:18,-13.507,976.654,978.759,949.707,1096.588,-11.375,-0.170
01.12.2021 18:37:19,-13.407,975.067,977.783,948.638,1095.367,-11.376,-0.220
01.12.2021 18:37:20,-13.301,975.280,978.088,950.317,1094.665,-11.186,-0.227
01.12.2021 18:37:21,-13.206,976.013,978.271,951.080,1094.238,-11.092,-0.183
01.12.2021 18:37:22,-13.095,974.853,977.355,951.049,1093.292,-11.026,-0.203
01.12.2021 18:37:23,-13.007,973.999,976.165,951.019,1092.193,-10.949,-0.176
01.12.2021 18:37:24,-12.899,973.571,976.013,950.927,1090.515,-10.836,-0.198
01.12.2021 18:37:25,-12.806,974.212,976.348,952.209,1090.331,-10.716,-0.173
01.12.2021 18:37:26,-12.703,973.083,975.524,952.941,1089.630,-10.605,-0.198
01.12.2021 18:37:27,-12.608,973.236,975.341,954.009,1087.982,-10.397,-0.171
01.12.2021 18:37:28,-12.495,972.900,975.402,953.308,1087.646,-10.431,-0.203
01.12.2021 18:37:29,-12.397,973.113,975.097,954.345,1086.608,-10.270,-0.161
01.12.2021 18:37:30,-12.304,971.771,974.792,954.742,1086.456,-10.226,-0.245
01.12.2021 18:37:31,-12.193,971.710,974.395,955.291,1084.960,-10.072,-0.218
01.12.2021 18:37:32,-12.095,971.862,974.334,956.146,1084.594,-9.974,-0.201
01.12.2021 18:37:33,-12.005,971.343,973.876,955.444,1084.350,-10.015,-0.206
01.12.2021 18:37:34,-11.907,971.618,974.700,957.916,1082.824,-9.700,-0.250
01.12.2021 18:37:35,-11.791,970.672,973.113,956.970,1081.329,-9.668,-0.199
01.12.2021 18:37:36,-11.706,970.672,973.327,958.099,1081.359,-9.578,-0.216
01.12.2021 18:37:37,-11.608,969.574,972.167,958.648,1080.566,-9.474,-0.211
01.12.2021 18:37:38,-11.507,970.092,972.778,959.991,1080.871,-9.386,-0.219
01.12.2021 18:37:39,-11.392,968.536,971.405,958.709,1078.582,-9.324,-0.234
01.12.2021 18:37:40,-11.304,969.726,972.137,960.388,1079.284,-9.238,-0.196
01.12.2021 18:37:42,-11.208,969.543,971.771,960.083,1077.911,-9.162,-0.181
01.12.2021 18:37:43,-11.098,968.444,971.008,960.052,1076.995,-9.097,-0.209
01.12.2021 18:37:44,-11.000,966.858,969.695,959.625,1076.171,-9.072,-0.232
01.12.2021 18:37:45,-10.897,967.712,971.160,961.425,1076.934,-8.980,-0.281
01.12.2021 18:37:46,-10.806,967.986,970.855,961.486,1077.148,-8.991,-0.234
01.12.2021 18:37:47,-10.703,968.200,969.116,961.639,1075.958,-8.891,-0.074
01.12.2021 18:37:48,-10.593,966.980,969.421,961.395,1074.279,-8.788,-0.199
01.12.2021 18:37:49,-10.505,965.392,966.858,960.327,1072.631,-8.754,-0.120
01.12.2021 18:37:50,-10.394,964.630,966.827,960.418,1072.021,-8.702,-0.180
01.12.2021 18:37:51,-10.299,965.179,967.803,961.852,1072.906,-8.649,-0.215
01.12.2021 18:37:52,-10.193,965.576,967.437,962.829,1073.120,-8.585,-0.152
01.12.2021 18:37:53,-10.108,964.935,967.285,962.646,1072.692,-8.568,-0.192
01.12.2021 18:37:54,-9.992,965.423,967.193,963.317,1071.533,-8.428,-0.145
01.12.2021 18:37:55,-9.897,964.599,966.033,963.592,1070.007,-8.292,-0.117
01.12.2021 18:37:56,-9.791,963.745,965.423,964.050,1069.213,-8.196,-0.137
01.12.2021 18:37:57,-9.698,964.813,966.491,965.820,1069.458,-8.069,-0.137
01.12.2021 18:37:58,-9.608,963.592,964.935,965.576,1068.786,-8.040,-0.110
01.12.2021 18:37:59,-9.500,963.836,965.515,966.400,1068.450,-7.947,-0.137
01.12.2021 18:38:00,-9.394,963.500,965.271,966.918,1067.321,-7.821,-0.145
01.12.2021 18:38:01,-9.306,962.646,963.958,967.376,1066.314,-7.709,-0.107
01.12.2021 18:38:02,-9.198,963.409,964.538,967.895,1066.223,-7.660,-0.092
01.12.2021 18:38:03,-9.095,961.669,963.378,967.803,1064.239,-7.520,-0.140
01.12.2021 18:38:04,-8.992,961.639,963.500,968.719,1063.598,-7.398,-0.153
01.12.2021 18:38:05,-8.892,961.639,963.470,969.573,1063.842,-7.347,-0.150
01.12.2021 18:38:06,-8.801,962.249,964.263,970.886,1062.866,-7.167,-0.165
01.12.2021 18:38:07,-8.696,961.639,964.691,972.534,1062.591,-7.012,-0.251
01.12.2021 18:38:08,-8.595,961.578,962.799,971.832,1061.004,-6.951,-0.100
01.12.2021 18:38:09,-8.507,961.090,963.012,972.473,1060.028,-6.826,-0.158
01.12.2021 18:38:10,-8.397,959.777,961.639,972.869,1058.776,-6.701,-0.153
01.12.2021 18:38:11,-8.299,959.350,960.998,972.839,1057.128,-6.580,-0.135
01.12.2021 18:38:12,-8.201,960.174,962.402,974.548,1057.922,-6.500,-0.183
01.12.2021 18:38:13,-8.108,959.228,961.028,974.029,1055.999,-6.399,-0.148
01.12.2021 18:38:14,-8.007,959.472,962.066,976.043,1056.335,-6.260,-0.213
01.12.2021 18:38:15,-7.899,958.892,960.967,975.250,1054.473,-6.185,-0.171
01.12.2021 18:38:16,-7.794,958.984,960.235,975.494,1054.168,-6.142,-0.103
01.12.2021 18:38:17,-7.708,958.953,961.334,976.898,1055.023,-6.093,-0.196
01.12.2021 18:38:18,-7.595,957.397,959.869,976.409,1052.673,-5.956,-0.204
01.12.2021 18:38:19,-7.500,958.648,960.388,977.508,1052.673,-5.867,-0.143
01.12.2021 18:38:20,-7.404,957.183,960.021,977.813,1052.215,-5.808,-0.234
01.12.2021 18:38:21,-7.304,959.594,960.968,979.400,1052.520,-5.702,-0.113
01.12.2021 18:38:22,-7.193,958.129,959.503,978.332,1051.391,-5.704,-0.113
01.12.2021 18:38:23,-7.093,958.374,959.777,979.583,1051.300,-5.596,-0.115
01.12.2021 18:38:24,-7.005,958.831,960.388,980.651,1051.544,-5.528,-0.128
01.12.2021 18:38:25,-6.894,959.045,960.418,981.353,1050.750,-5.412,-0.113
01.12.2021 18:38:26,-6.806,958.038,959.472,980.895,1050.201,-5.407,-0.118
01.12.2021 18:38:27,-6.696,956.329,958.282,979.553,1047.637,-5.322,-0.161
01.12.2021 18:38:28,-6.603,958.007,958.984,979.888,1047.454,-5.281,-0.080
01.12.2021 18:38:29,-6.497,955.688,957.000,978.546,1044.494,-5.166,-0.108
01.12.2021 18:38:30,-6.392,956.878,958.526,981.140,1046.539,-5.111,-0.136
01.12.2021 18:38:31,-6.306,957.214,958.618,982.208,1045.715,-4.962,-0.116
01.12.2021 18:38:32,-6.198,956.512,958.312,983.123,1045.349,-4.861,-0.149
01.12.2021 18:38:33,-6.095,956.939,958.923,983.520,1045.166,-4.815,-0.164
01.12.2021 18:38:34,-6.007,957.153,958.862,983.947,1043.792,-4.677,-0.141
01.12.2021 18:38:35,-5.904,956.970,958.374,984.161,1042.816,-4.585,-0.116
01.12.2021 18:38:36,-5.794,955.719,957.549,983.673,1042.266,-4.583,-0.151
01.12.2021 18:38:37,-5.703,955.810,957.244,984.100,1041.046,-4.456,-0.118
01.12.2021 18:38:38,-5.603,955.566,957.489,984.832,1040.679,-4.369,-0.159
01.12.2021 18:38:39,-5.492,957.061,957.977,986.053,1041.320,-4.320,-0.075
01.12.2021 18:38:40,-5.402,956.146,957.977,986.328,1040.283,-4.219,-0.151
01.12.2021 18:38:41,-5.306,957.428,959.259,987.792,1040.740,-4.136,-0.151
01.12.2021 18:38:42,-5.203,956.054,957.611,986.114,1038.299,-4.085,-0.128
01.12.2021 18:38:43,-5.098,955.993,957.427,987.030,1038.055,-3.993,-0.118
01.12.2021 18:38:44,-5.007,956.268,957.580,988.006,1039.276,-4.007,-0.108
01.12.2021 18:38:45,-4.902,956.268,957.153,988.525,1037.567,-3.835,-0.073
01.12.2021 18:38:46,-4.801,956.451,958.648,989.044,1038.085,-3.834,-0.181
01.12.2021 18:38:47,-4.703,956.970,958.282,990.051,1037.078,-3.676,-0.108
01.12.2021 18:38:48,-4.608,956.939,958.190,989.807,1037.414,-3.721,-0.103
01.12.2021 18:38:49,-4.505,956.237,957.916,989.868,1036.346,-3.635,-0.138
01.12.2021 18:38:50,-4.407,956.726,958.129,990.722,1036.499,-3.578,-0.116
01.12.2021 18:38:51,-4.291,956.115,958.007,990.936,1035.400,-3.477,-0.156
01.12.2021 18:38:52,-4.198,955.261,957.122,990.478,1035.247,-3.502,-0.154
01.12.2021 18:38:53,-4.103,955.413,956.909,990.814,1034.393,-3.410,-0.123
01.12.2021 18:38:54,-4.002,954.132,955.749,990.753,1032.928,-3.302,-0.134
01.12.2021 18:38:55,-3.904,955.352,956.481,991.607,1032.745,-3.220,-0.093
01.12.2021 18:38:56,-3.806,954.833,956.390,991.607,1032.745,-3.220,-0.129
01.12.2021 18:38:57,-3.708,955.078,957.519,993.377,1033.844,-3.163,-0.202
01.12.2021 18:38:58,-3.608,956.054,957.397,994.140,1033.966,-3.111,-0.111
01.12.2021 18:38:59,-3.505,955.322,956.878,994.689,1033.050,-2.998,-0.128
01.12.2021 18:39:00,-3.404,955.169,956.420,994.323,1031.921,-2.940,-0.103
01.12.2021 18:39:01,-3.304,956.024,957.366,995.910,1032.043,-2.823,-0.111
01.12.2021 18:39:02,-3.208,955.108,956.207,995.117,1030.914,-2.800,-0.091
01.12.2021 18:39:03,-3.095,955.749,957.183,997.009,1031.585,-2.701,-0.118
01.12.2021 18:39:04,-3.005,955.444,956.787,997.741,1030.883,-2.589,-0.111
01.12.2021 18:39:05,-2.897,955.322,956.970,998.138,1030.395,-2.520,-0.136
01.12.2021 18:39:06,-2.806,955.383,957.000,999.603,1029.327,-2.321,-0.134
01.12.2021 18:39:07,-2.708,955.779,956.939,1000.030,1028.625,-2.233,-0.096
01.12.2021 18:39:08,-2.608,955.596,956.573,1000.488,1027.557,-2.115,-0.080
01.12.2021 18:39:09,-2.505,954.620,955.810,1000.793,1026.733,-2.027,-0.098
01.12.2021 18:39:10,-2.407,955.596,956.970,1001.220,1027.282,-2.036,-0.113
01.12.2021 18:39:11,-2.294,955.627,956.939,1002.777,1026.794,-1.875,-0.108
01.12.2021 18:39:12,-2.206,956.390,957.519,1003.875,1025.817,-1.713,-0.093
01.12.2021 18:39:13,-2.105,956.054,956.604,1004.058,1025.024,-1.637,-0.045
01.12.2021 18:39:14,-2.002,956.695,957.977,1005.920,1024.688,-1.464,-0.106
01.12.2021 18:39:15,-1.894,956.176,956.878,1005.340,1023.010,-1.380,-0.058
01.12.2021 18:39:16,-1.804,954.986,955.474,1005.218,1021.545,-1.276,-0.040
01.12.2021 18:39:17,-1.693,955.718,956.695,1006.042,1022.186,-1.261,-0.080
01.12.2021 18:39:18,-1.603,956.482,956.726,1007.659,1022.338,-1.145,-0.020
01.12.2021 18:39:19,-1.495,956.542,957.153,1008.087,1021.331,-1.034,-0.050
01.12.2021 18:39:20,-1.397,956.146,956.848,1008.056,1020.355,-0.960,-0.058
01.12.2021 18:39:21,-1.301,956.726,956.665,1008.850,1019.683,-0.846,0.005
01.12.2021 18:39:22,-1.198,956.054,956.787,1008.209,1018.066,-0.770,-0.060
01.12.2021 18:39:23,-1.105,956.512,957.122,1009.613,1018.798,-0.717,-0.050
01.12.2021 18:39:24,-0.997,956.115,957.183,1010.040,1018.280,-0.643,-0.088
01.12.2021 18:39:25,-0.907,956.756,957.672,1011.352,1018.035,-0.521,-0.075
01.12.2021 18:39:26,-0.806,957.214,957.702,1011.810,1017.883,-0.474,-0.040
01.12.2021 18:39:28,-0.693,957.092,957.946,1011.932,1017.028,-0.398,-0.070
01.12.2021 18:39:29,-0.600,957.092,957.733,1011.352,1016.113,-0.372,-0.053
01.12.2021 18:39:30,-0.507,957.366,957.916,1012.725,1016.326,-0.281,-0.045
01.12.2021 18:39:31,-0.399,957.122,957.977,1012.908,1016.143,-0.252,-0.070
01.12.2021 18:39:32,-0.306,957.733,958.129,1014.587,1015.411,-0.064,-0.032
01.12.2021 18:39:33,-0.198,958.740,959.411,1015.899,1016.265,-0.028,-0.055
01.12.2021 18:39:34,-0.095,959.533,959.106,1016.784,1016.235,0.042,0.035
01.12.2021 18:39:35,0.003,959.014,959.442,1016.601,1015.167,0.111,-0.035
01.12.2021 18:39:36,0.108,958.862,959.259,1016.174,1013.702,0.193,-0.032
01.12.2021 18:39:37,0.201,957.946,958.648,1016.662,1013.122,0.276,-0.058
01.12.2021 18:39:38,0.292,957.977,959.106,1016.723,1012.847,0.302,-0.093
01.12.2021 18:39:39,0.405,958.526,959.320,1017.944,1012.542,0.421,-0.065
01.12.2021 18:39:40,0.498,958.801,959.838,1018.951,1012.329,0.516,-0.085
01.12.2021 18:39:41,0.601,958.495,958.862,1018.188,1010.864,0.572,-0.030
01.12.2021 18:39:42,0.701,959.625,960.601,1020.141,1010.894,0.721,-0.080
01.12.2021 18:39:43,0.797,958.343,959.197,1018.676,1009.796,0.693,-0.070
01.12.2021 18:39:44,0.895,958.068,959.045,1019.165,1009.246,0.774,-0.080
01.12.2021 18:39:45,0.995,958.831,959.411,1019.805,1008.972,0.846,-0.047
01.12.2021 18:39:46,1.103,959.503,960.357,1021.362,1009.551,0.921,-0.070
01.12.2021 18:39:47,1.206,958.709,960.174,1021.484,1008.911,0.981,-0.120
01.12.2021 18:39:48,1.304,959.777,960.815,1022.460,1008.270,1.107,-0.085
01.12.2021 18:39:49,1.395,959.289,959.960,1021.148,1007.721,1.048,-0.055
01.12.2021 18:39:50,1.493,959.594,960.388,1022.338,1008.331,1.093,-0.065
01.12.2021 18:39:51,1.596,960.205,960.907,1023.590,1008.331,1.190,-0.057
01.12.2021 18:39:52,1.709,960.205,961.853,1024.810,1008.026,1.308,-0.135
01.12.2021 18:39:53,1.794,960.143,961.700,1023.651,1007.843,1.233,-0.128
01.12.2021 18:39:54,1.897,961.303,961.669,1025.177,1007.751,1.358,-0.030
01.12.2021 18:39:55,1.993,961.151,962.097,1025.268,1007.171,1.411,-0.077
01.12.2021 18:39:56,2.108,960.815,961.517,1025.054,1006.286,1.464,-0.057
01.12.2021 18:39:57,2.201,960.418,961.028,1025.756,1006.866,1.472,-0.050
01.12.2021 18:39:58,2.302,959.899,961.151,1025.329,1005.462,1.550,-0.103
01.12.2021 18:39:59,2.407,961.578,961.853,1027.435,1006.500,1.631,-0.022
01.12.2021 18:40:00,2.505,959.838,961.547,1026.458,1005.309,1.649,-0.140
01.12.2021 18:40:01,2.606,963.317,963.562,1029.632,1007.507,1.721,-0.020
01.12.2021 18:40:02,2.694,961.914,963.043,1029.693,1006.286,1.821,-0.092
01.12.2021 18:40:03,2.807,962.188,962.066,1028.686,1005.676,1.792,0.010
01.12.2021 18:40:04,2.892,962.158,962.615,1030.517,1005.798,1.923,-0.037
01.12.2021 18:40:05,2.995,962.127,963.012,1031.127,1005.401,2.001,-0.072
01.12.2021 18:40:06,3.131,963.867,963.134,1032.897,1005.981,2.092,0.060
01.12.2021 18:40:07,3.196,963.653,964.569,1033.599,1005.493,2.184,-0.075
01.12.2021 18:40:08,3.292,964.813,963.623,1034.332,1005.035,2.276,0.097
01.12.2021 18:40:09,3.392,964.233,964.050,1034.576,1003.906,2.384,0.015
01.12.2021 18:40:10,3.508,964.141,963.897,1035.736,1004.730,2.408,0.020
01.12.2021 18:40:11,3.606,964.996,965.118,1037.658,1003.845,2.624,-0.010
01.12.2021 18:40:12,3.699,965.179,964.660,1037.322,1003.540,2.623,0.042
01.12.2021 18:40:13,3.804,965.484,965.179,1038.757,1002.471,2.817,0.025
01.12.2021 18:40:14,3.907,965.789,965.301,1039.550,1002.319,2.889,0.040
01.12.2021 18:40:15,4.005,966.705,966.064,1040.985,1001.739,3.044,0.052
01.12.2021 18:40:16,4.106,966.888,966.674,1041.656,1001.251,3.134,0.017
01.12.2021 18:40:17,4.204,966.308,966.095,1043.334,1001.007,3.281,0.017
01.12.2021 18:40:18,4.294,968.292,967.803,1044.586,1001.922,3.303,0.039
01.12.2021 18:40:19,4.405,967.803,967.223,1045.745,1000.427,3.509,0.047
01.12.2021 18:40:20,4.500,968.078,967.529,1045.501,999.755,3.544,0.044
01.12.2021 18:40:21,4.606,969.146,968.505,1047.515,998.992,3.757,0.052
01.12.2021 18:40:22,4.706,968.811,968.139,1047.668,998.168,3.834,0.054
01.12.2021 18:40:23,4.802,969.390,967.620,1048.919,998.046,3.938,0.144
01.12.2021 18:40:24,4.905,968.811,968.139,1049.102,997.222,4.017,0.054
01.12.2021 18:40:25,4.998,969.787,968.627,1050.292,996.612,4.156,0.094
01.12.2021 18:40:26,5.093,969.482,968.750,1051.147,996.215,4.252,0.059
01.12.2021 18:40:27,5.196,970.336,970.001,1051.879,996.124,4.314,0.027
01.12.2021 18:40:28,5.292,971.130,969.909,1053.314,995.117,4.502,0.099
01.12.2021 18:40:29,5.392,971.984,970.855,1053.924,996.215,4.460,0.092
01.12.2021 18:40:30,5.505,970.276,969.299,1053.527,993.866,4.618,0.079
01.12.2021 18:40:31,5.608,970.977,969.543,1054.046,994.750,4.586,0.117
01.12.2021 18:40:32,5.706,971.984,970.184,1054.687,993.652,4.722,0.146
01.12.2021 18:40:33,5.804,972.747,971.618,1056.823,994.598,4.807,0.092
01.12.2021 18:40:34,5.895,972.503,971.069,1057.037,992.736,4.971,0.116
01.12.2021 18:40:35,5.993,973.327,972.290,1057.403,993.713,4.920,0.084
01.12.2021 18:40:36,6.108,972.991,971.679,1058.654,992.340,5.124,0.106
01.12.2021 18:40:37,6.194,973.602,972.076,1058.868,993.072,5.081,0.124
01.12.2021 18:40:38,6.302,974.823,973.877,1061.553,993.011,5.287,0.076
01.12.2021 18:40:39,6.395,975.067,972.992,1061.279,992.095,5.339,0.168
01.12.2021 18:40:40,6.495,975.250,973.907,1061.950,992.004,5.396,0.109
01.12.2021 18:40:41,6.593,975.616,974.395,1062.713,990.844,5.546,0.099
01.12.2021 18:40:42,6.704,976.104,974.243,1062.927,989.837,5.642,0.151
01.12.2021 18:40:43,6.792,976.867,974.884,1063.873,990.844,5.632,0.161
01.12.2021 18:40:44,6.907,975.585,974.304,1064.147,989.410,5.767,0.104
01.12.2021 18:40:45,6.995,976.715,975.586,1066.528,989.593,5.929,0.091
01.12.2021 18:40:46,7.101,977.111,975.708,1066.101,988.830,5.959,0.113
01.12.2021 18:40:47,7.194,977.935,976.562,1067.779,988.220,6.132,0.111
01.12.2021 18:40:48,7.294,978.424,976.806,1068.359,987.975,6.195,0.131
01.12.2021 18:40:49,7.392,977.722,975.311,1067.230,986.602,6.221,0.195
01.12.2021 18:40:50,7.495,978.759,976.837,1069.610,986.602,6.397,0.155
01.12.2021 18:40:51,7.593,979.950,977.020,1070.526,987.182,6.418,0.237
01.12.2021 18:40:52,7.696,977.935,976.592,1070.526,985.473,6.555,0.108
01.12.2021 18:40:53,7.797,979.675,977.447,1071.319,986.114,6.563,0.180
01.12.2021 18:40:54,7.895,979.522,977.844,1071.929,985.931,6.622,0.135
01.12.2021 18:40:55,7.993,979.858,978.210,1072.052,984.924,6.712,0.133
01.12.2021 18:40:56,8.103,980.377,978.057,1073.455,984.405,6.857,0.187
01.12.2021 18:40:57,8.196,981.811,979.950,1075.805,985.595,6.935,0.150
01.12.2021 18:40:58,8.292,982.299,979.705,1075.866,984.954,6.991,0.209
01.12.2021 18:40:59,8.392,982.543,980.316,1077.178,985.595,7.036,0.179
01.12.2021 18:41:00,8.505,983.154,980.743,1077.850,985.290,7.109,0.194
01.12.2021 18:41:01,8.608,982.177,980.774,1077.179,983.154,7.232,0.113
01.12.2021 18:41:02,8.699,984.069,981.231,1077.850,983.520,7.252,0.228
01.12.2021 18:41:03,8.804,983.184,981.903,1079.284,983.306,7.374,0.103
01.12.2021 18:41:04,8.895,984.253,981.689,1080.017,983.459,7.415,0.206
01.12.2021 18:41:05,9.008,983.611,982.513,1080.963,983.215,7.504,0.088
01.12.2021 18:41:06,9.098,985.504,982.757,1081.756,983.306,7.555,0.221
01.12.2021 18:41:07,9.194,985.168,983.978,1083.862,982.910,7.740,0.095
01.12.2021 18:41:08,9.297,985.412,983.001,1082.794,981.475,7.778,0.194
01.12.2021 18:41:09,9.392,986.175,984.222,1084.594,981.719,7.890,0.157
01.12.2021 18:41:10,9.493,987.396,984.130,1085.754,981.201,8.016,0.262
01.12.2021 18:41:11,9.593,986.328,984.252,1086.120,980.743,8.079,0.166
01.12.2021 18:41:13,9.706,987.854,985.046,1087.707,980.224,8.237,0.225
01.12.2021 18:41:14,9.797,988.342,985.565,1088.470,980.010,8.309,0.222
01.12.2021 18:41:15,9.892,988.983,986.144,1090.179,979.248,8.495,0.227
01.12.2021 18:41:16,9.998,989.501,985.656,1090.606,978.363,8.597,0.308
01.12.2021 18:41:17,10.093,989.471,986.419,1090.637,977.325,8.683,0.244
01.12.2021 18:41:18,10.209,988.617,984.741,1091.461,976.837,8.782,0.311
01.12.2021 18:41:19,10.297,989.837,986.572,1093.750,976.745,8.955,0.261
01.12.2021 18:41:20,10.400,989.746,986.785,1093.536,976.043,8.997,0.237
01.12.2021 18:41:21,10.493,990.875,987.793,1095.367,975.647,9.161,0.246
01.12.2021 18:41:22,10.596,991.394,988.067,1096.191,974.151,9.341,0.266
01.12.2021 18:41:23,10.709,992.065,988.403,1097.137,973.266,9.481,0.293
01.12.2021 18:41:24,10.799,990.844,987.792,1096.862,972.503,9.523,0.244
01.12.2021 18:41:25,10.900,991.577,987.792,1098.724,972.045,9.694,0.302
01.12.2021 18:41:26,11.000,992.431,989.288,1099.548,971.496,9.798,0.251
01.12.2021 18:41:27,11.106,992.919,989.105,1101.745,970.703,10.020,0.305
01.12.2021 18:41:28,11.204,994.201,990.570,1103.240,969.635,10.214,0.289
01.12.2021 18:41:29,11.299,994.628,991.363,1104.125,969.757,10.267,0.260
01.12.2021 18:41:30,11.397,994.995,990.814,1104.766,968.109,10.447,0.333
01.12.2021 18:41:31,11.495,994.109,990.081,1104.004,966.918,10.490,0.321
01.12.2021 18:41:32,11.598,994.873,991.333,1106.262,967.346,10.616,0.282
01.12.2021 18:41:33,11.701,995.056,990.905,1105.957,966.125,10.694,0.331
01.12.2021 18:41:34,11.792,995.849,991.729,1107.238,966.278,10.773,0.328
01.12.2021 18:41:35,11.905,996.673,992.736,1108.825,965.026,10.988,0.313
01.12.2021 18:41:36,11.995,997.375,993.469,1109.497,965.026,11.036,0.310
01.12.2021 18:41:37,12.093,997.344,992.828,1110.351,963.470,11.224,0.359
01.12.2021 18:41:38,12.204,996.856,992.980,1110.595,962.768,11.299,0.308
01.12.2021 18:41:39,12.297,998.107,993.286,1111.328,963.195,11.316,0.383
01.12.2021 18:41:40,12.405,998.565,994.690,1113.708,963.287,11.477,0.308
01.12.2021 18:41:41,12.508,999.023,994.567,1114.349,961.974,11.630,0.354
01.12.2021 18:41:42,12.606,999.786,995.025,1115.692,961.090,11.797,0.378
01.12.2021 18:41:43,12.696,1000.152,995.636,1116.577,960.144,11.937,0.358
01.12.2021 18:41:44,12.792,999.389,995.056,1115.325,959.350,11.914,0.344
01.12.2021 18:41:45,12.895,1000.091,995.697,1117.859,958.709,12.145,0.348
01.12.2021 18:41:46,12.993,999.725,995.147,1117.706,957.427,12.240,0.363
01.12.2021 18:41:47,13.093,1001.373,996.459,1119.476,957.244,12.380,0.389
01.12.2021 18:41:48,13.199,1001.342,997.039,1119.598,956.634,12.439,0.341
01.12.2021 18:41:49,13.294,1002.929,996.337,1120.513,954.833,12.651,0.522
01.12.2021 18:41:50,13.407,1001.678,995.910,1119.964,953.125,12.754,0.457
01.12.2021 18:41:51,13.505,1002.197,996.612,1122.314,953.247,12.909,0.442
01.12.2021 18:41:52,13.603,1002.044,996.612,1122.131,952.300,12.974,0.430
01.12.2021 18:41:53,13.709,1003.692,998.748,1124.053,951.934,13.139,0.391
01.12.2021 18:41:54,13.802,1003.356,998.352,1125.060,950.836,13.300,0.396
01.12.2021 18:41:55,13.902,1004.852,999.237,1126.312,950.958,13.378,0.444
01.12.2021 18:41:56,14.005,1004.669,999.176,1125.732,949.249,13.479,0.434
01.12.2021 18:41:57,14.106,1004.516,998.718,1126.770,947.875,13.665,0.458
01.12.2021 18:41:58,14.206,1004.180,999.237,1126.647,947.265,13.707,0.391
01.12.2021 18:41:59,14.304,1004.333,999.603,1128.356,947.570,13.801,0.374
01.12.2021 18:42:00,14.402,1005.432,1000.213,1129.577,946.289,13.992,0.412
01.12.2021 18:42:01,14.495,1006.622,1001.037,1130.950,945.251,14.174,0.440
01.12.2021 18:42:02,14.606,1005.554,1000.305,1130.035,944.580,14.166,0.414
01.12.2021 18:42:03,14.701,1005.615,1000.060,1130.279,942.566,14.351,0.438
01.12.2021 18:42:04,14.799,1006.683,1002.166,1132.629,943.572,14.430,0.356
01.12.2021 18:42:05,14.902,1006.744,1001.342,1133.544,942.779,14.560,0.426
01.12.2021 18:42:06,14.995,1005.889,1002.044,1133.697,941.467,14.680,0.303
01.12.2021 18:42:07,15.106,1007.690,1002.380,1135.040,941.345,14.783,0.418
01.12.2021 18:42:08,15.204,1008.270,1002.227,1135.955,939.666,14.987,0.476
01.12.2021 18:42:09,15.294,1007.659,1002.502,1135.070,938.110,15.056,0.406
01.12.2021 18:42:10,15.402,1007.354,1000.671,1135.284,936.767,15.183,0.527
01.12.2021 18:42:11,15.493,1008.453,1003.295,1137.573,936.431,15.369,0.406
01.12.2021 18:42:12,15.593,1008.178,1002.655,1136.474,934.936,15.419,0.435
01.12.2021 18:42:13,15.701,1009.002,1002.899,1139.495,934.509,15.663,0.480
01.12.2021 18:42:14,15.802,1009.216,1003.784,1140.045,934.051,15.739,0.427
01.12.2021 18:42:15,15.902,1010.101,1004.180,1141.235,932.464,15.954,0.465
01.12.2021 18:42:16,15.998,1009.704,1003.051,1140.899,930.114,16.129,0.523
01.12.2021 18:42:17,16.108,1008.850,1003.326,1141.326,929.107,16.244,0.435
01.12.2021 18:42:18,16.206,1008.666,1002.410,1141.143,927.398,16.375,0.492
01.12.2021 18:42:19,16.304,1008.880,1002.380,1142.242,926.177,16.554,0.512
01.12.2021 18:42:20,16.407,1009.277,1003.357,1144.592,926.544,16.684,0.466
01.12.2021 18:42:21,16.505,1009.979,1003.845,1145.080,924.621,16.880,0.482
01.12.2021 18:42:22,16.593,1010.742,1003.906,1146.270,923.644,17.044,0.537
01.12.2021 18:42:23,16.706,1009.887,1002.960,1146.209,921.752,17.201,0.545
01.12.2021 18:42:24,16.799,1009.155,1003.204,1147.521,920.990,17.355,0.468
01.12.2021 18:42:25,16.895,1010.650,1004.058,1148.803,919.494,17.570,0.518
01.12.2021 18:42:26,17.005,1009.796,1003.448,1148.956,918.029,17.705,0.499
01.12.2021 18:42:27,17.093,1011.047,1004.363,1150.970,917.907,17.852,0.525
01.12.2021 18:42:28,17.209,1011.260,1005.310,1151.428,916.229,18.027,0.467
01.12.2021 18:42:29,17.292,1011.810,1004.608,1152.099,915.130,18.166,0.566
01.12.2021 18:42:30,17.405,1010.803,1004.180,1152.221,913.085,18.349,0.520
01.12.2021 18:42:31,17.503,1010.162,1004.516,1152.740,912.262,18.455,0.444
01.12.2021 18:42:32,17.598,1011.688,1004.119,1153.778,911.621,18.580,0.595
01.12.2021 18:42:33,17.694,1010.162,1004.516,1153.961,910.034,18.729,0.444
01.12.2021 18:42:34,17.797,1011.810,1005.462,1155.181,908.813,18.916,0.498
01.12.2021 18:42:35,17.892,1010.894,1003.662,1154.724,906.433,19.090,0.568
01.12.2021 18:42:36,17.995,1010.894,1004.364,1154.815,906.005,19.133,0.513
01.12.2021 18:42:37,18.096,1011.779,1003.784,1156.585,905.029,19.337,0.628
01.12.2021 18:42:38,18.206,1011.230,1003.936,1156.738,902.526,19.563,0.573
01.12.2021 18:42:39,18.292,1012.084,1004.516,1157.287,901.702,19.672,0.594
01.12.2021 18:42:40,18.397,1013.549,1006.011,1159.179,901.855,19.786,0.591
01.12.2021 18:42:41,18.495,1013.183,1005.645,1158.752,898.986,20.006,0.591
01.12.2021 18:42:42,18.593,1012.634,1005.096,1158.233,896.942,20.148,0.592
01.12.2021 18:42:43,18.699,1011.901,1004.791,1157.867,896.972,20.121,0.558
01.12.2021 18:42:44,18.804,1012.878,1005.462,1160.034,895.416,20.402,0.582
01.12.2021 18:42:45,18.907,1013.458,1006.347,1161.651,894.927,20.553,0.557
01.12.2021 18:42:46,18.998,1014.007,1006.439,1161.376,893.066,20.697,0.593
01.12.2021 18:42:47,19.101,1012.695,1006.134,1161.956,889.862,21.016,0.515
01.12.2021 18:42:48,19.196,1013.702,1006.256,1161.712,890.197,20.970,0.584
01.12.2021 18:42:49,19.307,1012.939,1005.493,1161.560,887.542,21.192,0.584
01.12.2021 18:42:50,19.392,1011.505,1004.547,1160.766,885.742,21.297,0.546
01.12.2021 18:42:51,19.503,1011.993,1004.577,1161.834,885.192,21.417,0.582
01.12.2021 18:42:52,19.596,1013.549,1005.676,1163.055,883.666,21.633,0.617
01.12.2021 18:42:53,19.701,1012.298,1005.371,1162.231,882.995,21.637,0.544
01.12.2021 18:42:54,19.807,1012.024,1004.913,1161.926,880.188,21.864,0.558
01.12.2021 18:42:55,19.897,1011.535,1004.394,1162.139,878.753,22.005,0.561
01.12.2021 18:42:56,19.993,1010.955,1003.479,1162.200,878.143,22.063,0.588
01.12.2021 18:42:57,20.103,1011.962,1003.936,1163.299,877.441,22.198,0.630
01.12.2021 18:42:59,20.196,1012.176,1005.157,1163.818,876.098,22.352,0.551
01.12.2021 18:43:00,20.307,1012.268,1004.486,1164.031,875.335,22.434,0.611
01.12.2021 18:43:01,20.397,1012.786,1004.699,1164.611,873.779,22.611,0.635
01.12.2021 18:43:02,20.498,1012.939,1004.913,1164.672,872.894,22.694,0.630
01.12.2021 18:43:03,20.608,1011.352,1003.417,1163.330,870.971,22.775,0.624
01.12.2021 18:43:04,20.701,1011.932,1004.424,1165.069,870.513,22.932,0.590
01.12.2021 18:43:05,20.799,1010.467,1003.356,1164.672,869.110,23.031,0.559
01.12.2021 18:43:06,20.895,1010.894,1002.685,1164.306,867.614,23.140,0.646
01.12.2021 18:43:07,20.993,1010.314,1002.868,1164.459,865.875,23.306,0.586
01.12.2021 18:43:08,21.103,1009.918,1002.624,1163.970,864.196,23.424,0.574
01.12.2021 18:43:09,21.209,1009.155,1001.739,1163.635,863.342,23.478,0.584
01.12.2021 18:43:10,21.304,1009.918,1001.708,1164.916,862.426,23.645,0.646
01.12.2021 18:43:11,21.395,1008.789,1002.014,1165.771,862.243,23.719,0.533
01.12.2021 18:43:12,21.505,1010.040,1001.342,1165.222,860.229,23.863,0.685
01.12.2021 18:43:13,21.606,1008.606,1001.007,1164.611,858.306,23.996,0.599
01.12.2021 18:43:14,21.709,1009.796,1001.129,1166.229,857.635,24.164,0.683
01.12.2021 18:43:15,21.799,1009.887,1001.068,1165.435,855.895,24.268,0.695
01.12.2021 18:43:16,21.907,1008.636,1000.640,1165.649,854.888,24.374,0.630
01.12.2021 18:43:17,22.005,1010.070,1000.793,1166.748,854.614,24.471,0.731
01.12.2021 18:43:18,22.093,1008.544,1000.427,1166.137,851.989,24.669,0.640
01.12.2021 18:43:19,22.196,1009.735,1001.251,1168.304,851.959,24.815,0.668
01.12.2021 18:43:20,22.292,1009.307,1000.518,1167.358,850.341,24.899,0.693
01.12.2021 18:43:21,22.402,1009.155,1000.671,1166.808,848.297,25.049,0.668
01.12.2021 18:43:22,22.493,1008.087,999.572,1165.710,845.642,25.218,0.672
01.12.2021 18:43:23,22.606,1006.347,998.229,1165.862,844.207,25.360,0.641
01.12.2021 18:43:24,22.694,1008.056,999.847,1167.449,844.299,25.456,0.647
01.12.2021 18:43:25,22.797,1007.842,999.328,1168.548,842.956,25.652,0.672
01.12.2021 18:43:26,22.895,1007.476,999.145,1168.426,841.247,25.800,0.657
01.12.2021 18:43:27,22.993,1007.659,999.267,1168.884,840.240,25.923,0.662
01.12.2021 18:43:28,23.108,1007.598,998.870,1168.670,839.050,26.018,0.689
01.12.2021 18:43:29,23.206,1006.652,998.199,1169.006,837.921,26.144,0.668
01.12.2021 18:43:30,23.294,1005.981,997.528,1168.701,836.669,26.239,0.668
01.12.2021 18:43:31,23.392,1006.713,998.138,1169.860,835.449,26.428,0.677
01.12.2021 18:43:32,23.495,1004.943,997.497,1170.013,834.594,26.517,0.589
01.12.2021 18:43:33,23.598,1007.080,998.290,1170.989,834.228,26.615,0.694
01.12.2021 18:43:34,23.694,1006.286,997.741,1170.654,832.427,26.759,0.675
01.12.2021 18:43:35,23.794,1005.004,996.581,1169.616,830.658,26.855,0.666
01.12.2021 18:43:36,23.902,1004.364,995.361,1169.738,829.071,27.010,0.713
01.12.2021 18:43:37,23.998,1003.448,995.880,1169.281,827.606,27.116,0.599
01.12.2021 18:43:38,24.096,1004.516,995.971,1169.921,826.965,27.218,0.676
01.12.2021 18:43:39,24.209,1003.753,995.330,1170.104,824.920,27.420,0.667
01.12.2021 18:43:40,24.299,1003.662,994.537,1170.257,823.303,27.581,0.723
01.12.2021 18:43:41,24.392,1004.058,995.025,1171.295,822.845,27.692,0.716
01.12.2021 18:43:42,24.495,1003.478,994.415,1170.898,821.441,27.797,0.718
01.12.2021 18:43:43,24.598,1002.105,993.347,1169.403,819.915,27.841,0.695
01.12.2021 18:43:44,24.699,1002.197,993.743,1170.196,819.274,27.953,0.671
01.12.2021 18:43:45,24.807,1002.716,993.804,1170.532,818.115,28.084,0.707
01.12.2021 18:43:46,24.892,1002.288,993.865,1171.051,817.565,28.170,0.668
01.12.2021 18:43:47,24.993,1003.357,994.476,1171.570,816.131,28.338,0.704
01.12.2021 18:43:48,25.106,1003.143,994.018,1171.569,815.246,28.422,0.724
01.12.2021 18:43:49,25.206,1002.288,993.133,1170.684,813.812,28.499,0.727
01.12.2021 18:43:50,25.302,1001.861,992.950,1171.234,812.805,28.630,0.707
01.12.2021 18:43:51,25.400,1001.434,992.797,1170.379,811.218,28.723,0.686
01.12.2021 18:43:52,25.503,1000.945,992.523,1170.776,810.089,28.856,0.669
01.12.2021 18:43:53,25.601,1001.403,992.797,1171.386,809.417,28.960,0.683
01.12.2021 18:43:54,25.696,1000.396,991.943,1169.586,807.098,29.062,0.672
01.12.2021 18:43:55,25.794,1000.274,991.210,1169.647,806.579,29.115,0.721
01.12.2021 18:43:56,25.895,999.938,990.844,1169.982,805.297,29.259,0.723
01.12.2021 18:43:57,25.993,998.718,990.844,1169.281,804.260,29.311,0.627
01.12.2021 18:43:58,26.093,999.023,989.990,1169.586,803.039,29.447,0.719
01.12.2021 18:43:59,26.199,998.596,990.356,1168.609,802.215,29.462,0.656
01.12.2021 18:44:00,26.304,997.863,989.654,1169.311,801.116,29.613,0.654
01.12.2021 18:44:01,26.392,997.894,989.196,1167.633,799.652,29.643,0.693
01.12.2021 18:44:02,26.498,996.765,987.457,1166.839,798.767,29.676,0.743
01.12.2021 18:44:03,26.606,997.406,988.769,1168.334,799.041,29.747,0.689
01.12.2021 18:44:04,26.709,996.856,988.708,1168.365,798.431,29.808,0.650
01.12.2021 18:44:05,26.797,996.704,988.281,1167.724,797.821,29.824,0.672
01.12.2021 18:44:06,26.907,997.100,987.915,1167.999,797.485,29.874,0.733
01.12.2021 18:44:07,26.998,996.307,987.518,1167.175,796.112,29.952,0.702
01.12.2021 18:44:08,27.106,995.849,986.419,1167.114,794.799,30.074,0.753
01.12.2021 18:44:09,27.206,993.926,985.534,1166.595,793.914,30.125,0.671
01.12.2021 18:44:10,27.292,994.476,985.229,1166.473,793.304,30.176,0.740
01.12.2021 18:44:11,27.400,994.506,986.206,1167.510,793.151,30.259,0.664
01.12.2021 18:44:12,27.503,994.781,986.083,1167.327,793.090,30.253,0.695
01.12.2021 18:44:13,27.596,994.201,985.320,1168.151,791.809,30.430,0.710
01.12.2021 18:44:14,27.694,994.964,985.138,1167.053,790.344,30.499,0.786
01.12.2021 18:44:15,27.807,992.767,983.978,1166.808,789.733,30.542,0.704
01.12.2021 18:44:16,27.895,994.140,984.191,1167.327,789.581,30.591,0.796
01.12.2021 18:44:17,28.005,992.523,984.252,1167.602,788.330,30.730,0.663
01.12.2021 18:44:18,28.108,993.957,984.802,1169.067,787.902,30.867,0.733
01.12.2021 18:44:19,28.204,993.591,984.802,1169.006,787.628,30.889,0.704
01.12.2021 18:44:20,28.297,993.438,983.520,1168.426,785.949,31.014,0.795
01.12.2021 18:44:21,28.397,992.218,982.604,1167.877,784.515,31.118,0.771
01.12.2021 18:44:22,28.500,992.523,982.299,1168.273,783.843,31.209,0.820
01.12.2021 18:44:23,28.593,992.462,982.971,1169.189,783.630,31.289,0.761
01.12.2021 18:44:24,28.706,992.401,982.910,1169.799,782.714,31.418,0.761
01.12.2021 18:44:25,28.797,991.943,982.482,1170.013,781.127,31.586,0.759
01.12.2021 18:44:26,28.905,991.271,981.231,1169.433,779.815,31.676,0.806
01.12.2021 18:44:27,29.008,991.150,981.536,1169.952,778.717,31.817,0.772
01.12.2021 18:44:28,29.106,990.387,980.133,1168.579,777.832,31.814,0.824
01.12.2021 18:44:29,29.194,988.586,978.546,1167.022,776.245,31.868,0.808
01.12.2021 18:44:30,29.299,990.142,979.705,1169.342,776.245,32.019,0.839
01.12.2021 18:44:31,29.402,989.929,979.522,1169.708,775.115,32.154,0.837
01.12.2021 18:44:32,29.503,989.013,979.888,1169.616,774.230,32.235,0.734
01.12.2021 18:44:33,29.611,988.037,978.179,1168.273,772.521,32.315,0.794
01.12.2021 18:44:34,29.696,988.250,977.661,1168.365,771.911,32.381,0.853
01.12.2021 18:44:35,29.794,987.609,977.478,1168.884,771.087,32.496,0.817
01.12.2021 18:44:36,29.892,986.907,976.440,1168.182,769.622,32.595,0.844
01.12.2021 18:44:37,30.003,986.724,976.592,1168.731,769.073,32.685,0.817
01.12.2021 18:44:38,30.101,987.548,977.172,1169.738,768.981,32.759,0.836
01.12.2021 18:44:39,30.199,986.175,975.829,1168.548,767.120,32.866,0.835
01.12.2021 18:44:40,30.294,986.877,976.684,1169.860,766.632,32.999,0.822
01.12.2021 18:44:41,30.400,985.046,974.792,1167.663,764.526,33.065,0.829
01.12.2021 18:44:42,30.495,984.344,974.212,1167.480,763.397,33.165,0.819
01.12.2021 18:44:44,30.593,984.710,974.365,1167.907,763.061,33.226,0.836
01.12.2021 18:44:45,30.694,983.947,973.571,1167.846,762.359,33.292,0.840
01.12.2021 18:44:46,30.794,984.466,973.876,1168.182,761.779,33.371,0.856
01.12.2021 18:44:47,30.892,983.062,972.564,1166.961,759.704,33.499,0.850
01.12.2021 18:44:48,31.003,982.940,972.686,1166.260,758.697,33.553,0.830
01.12.2021 18:44:49,31.106,981.933,970.855,1165.191,756.378,33.716,0.899
01.12.2021 18:44:50,31.206,981.140,970.214,1164.428,756.225,33.681,0.887
01.12.2021 18:44:51,31.299,980.865,970.184,1165.130,755.004,33.849,0.867
01.12.2021 18:44:52,31.397,980.468,970.214,1164.703,755.249,33.797,0.833
01.12.2021 18:44:53,31.495,979.461,968.750,1163.513,752.563,33.989,0.871
01.12.2021 18:44:54,31.593,979.248,968.597,1162.384,751.983,33.974,0.866
01.12.2021 18:44:55,31.709,978.607,967.102,1161.163,749.969,34.097,0.937
01.12.2021 18:44:56,31.804,977.020,965.972,1159.362,748.443,34.134,0.901
01.12.2021 18:44:57,31.892,976.806,966.094,1159.179,748.107,34.156,0.873
01.12.2021 18:44:58,32.003,976.745,965.698,1159.424,746.948,34.289,0.901
01.12.2021 18:44:59,32.103,976.745,965.423,1158.599,746.643,34.266,0.923
01.12.2021 18:45:00,32.201,977.233,966.125,1159.210,746.582,34.312,0.905
01.12.2021 18:45:01,32.292,976.074,964.996,1157.653,744.689,34.402,0.904
01.12.2021 18:45:02,32.397,976.623,964.874,1157.562,744.689,34.396,0.959
01.12.2021 18:45:03,32.493,975.128,963.500,1156.707,743.011,34.511,0.950
01.12.2021 18:45:04,32.598,974.517,963.409,1156.005,742.614,34.505,0.908
01.12.2021 18:45:05,32.706,973.663,962.768,1155.487,741.882,34.546,0.891
01.12.2021 18:45:06,32.802,973.541,962.554,1154.449,740.783,34.590,0.899
01.12.2021 18:45:07,32.902,972.015,960.144,1151.916,739.166,34.589,0.973
01.12.2021 18:45:08,32.998,972.167,960.845,1152.526,738.739,34.673,0.928
01.12.2021 18:45:09,33.101,970.947,959.259,1150.726,737.792,34.652,0.959
01.12.2021 18:45:10,33.206,970.672,959.411,1151.428,737.060,34.772,0.924
01.12.2021 18:45:11,33.302,970.977,959.625,1151.519,737.304,34.754,0.931
01.12.2021 18:45:12,33.407,970.245,958.495,1150.665,735.870,34.844,0.965
01.12.2021 18:45:13,33.505,970.184,958.923,1151.336,736.541,34.820,0.925
01.12.2021 18:45:14,33.596,970.092,958.496,1149.566,735.290,34.832,0.952
01.12.2021 18:45:15,33.701,968.200,956.390,1148.468,733.551,34.938,0.972
01.12.2021 18:45:16,33.792,967.224,955.566,1147.308,733.032,34.915,0.960
01.12.2021 18:45:17,33.905,966.491,954.528,1147.155,731.536,35.059,0.986
01.12.2021 18:45:18,34.008,967.193,954.895,1147.277,731.903,35.030,1.014
01.12.2021 18:45:19,34.098,966.522,954.345,1146.423,731.292,35.036,1.004
01.12.2021 18:45:20,34.194,965.667,953.735,1146.453,730.529,35.117,0.985
01.12.2021 18:45:21,34.292,965.087,952.819,1144.806,728.973,35.169,1.013
01.12.2021 18:45:22,34.407,962.707,951.019,1143.737,727.233,35.279,0.967
01.12.2021 18:45:23,34.498,962.463,950.195,1142.272,726.165,35.293,1.016
01.12.2021 18:45:24,34.593,960.998,949.218,1142.028,725.067,35.391,0.977
01.12.2021 18:45:25,34.699,961.303,949.310,1142.272,724.578,35.458,0.994
01.12.2021 18:45:26,34.797,959.869,947.692,1140.594,723.266,35.484,1.011
01.12.2021 18:45:27,34.900,959.869,947.967,1140.747,722.015,35.624,0.988
01.12.2021 18:45:28,34.993,960.021,947.387,1140.350,721.405,35.661,1.049
01.12.2021 18:45:29,35.096,958.129,945.312,1138.946,719.268,35.792,1.067
01.12.2021 18:45:30,35.204,957.397,944.518,1138.122,719.085,35.757,1.073
01.12.2021 18:45:31,35.302,957.031,944.824,1138.549,717.864,35.913,1.017
01.12.2021 18:45:32,35.405,956.787,943.725,1137.725,716.918,35.957,1.089
01.12.2021 18:45:33,35.505,955.505,942.932,1137.206,715.545,36.067,1.049
01.12.2021 18:45:34,35.601,955.230,943.023,1136.444,713.867,36.193,1.019
01.12.2021 18:45:35,35.706,954.315,942.291,1135.772,712.829,36.258,1.004
01.12.2021 18:45:36,35.794,952.606,940.338,1134.216,711.364,36.309,1.027
01.12.2021 18:45:37,35.902,952.697,940.063,1135.375,710.784,36.447,1.057
01.12.2021 18:45:38,36.000,951.995,939.544,1134.399,709.289,36.541,1.043
01.12.2021 18:45:39,36.098,951.110,938.690,1133.758,707.977,36.637,1.041
01.12.2021 18:45:40,36.194,949.279,937.347,1133.087,705.902,36.813,1.002
01.12.2021 18:45:41,36.302,950.653,937.591,1132.965,705.780,36.818,1.096
01.12.2021 18:45:42,36.397,948.547,936.218,1131.011,703.521,36.929,1.036
01.12.2021 18:45:43,36.503,947.204,934.753,1131.011,702.606,37.026,1.048
01.12.2021 18:45:44,36.601,945.861,933.441,1128.539,701.263,37.006,1.047
01.12.2021 18:45:45,36.709,944.640,932.525,1128.357,699.768,37.154,1.022
01.12.2021 18:45:46,36.802,942.687,930.969,1126.800,698.303,37.207,0.991
01.12.2021 18:45:47,36.907,943.176,930.969,1126.586,697.235,37.307,1.032
01.12.2021 18:45:48,36.993,940.643,928.558,1123.809,694.671,37.398,1.024
01.12.2021 18:45:49,37.096,940.063,927.612,1123.321,693.603,37.481,1.056
01.12.2021 18:45:50,37.196,938.476,926.361,1123.107,692.382,37.599,1.029
01.12.2021 18:45:51,37.297,938.262,926.727,1122.711,691.680,37.648,0.980
01.12.2021 18:45:52,37.397,936.431,924.163,1119.384,689.270,37.687,1.044
01.12.2021 18:45:53,37.508,936.157,924.194,1119.690,688.720,37.767,1.019
01.12.2021 18:45:54,37.606,936.370,923.248,1118.804,687.530,37.837,1.118
01.12.2021 18:45:55,37.694,934.783,922.637,1117.553,686.431,37.873,1.036
01.12.2021 18:45:56,37.802,933.105,920.196,1114.837,684.570,37.894,1.103
01.12.2021 18:45:57,37.897,932.006,919.097,1114.898,683.288,38.038,1.105
01.12.2021 18:45:58,38.000,931.060,918.670,1112.823,682.189,38.019,1.061
01.12.2021 18:45:59,38.098,931.121,917.511,1112.487,681.091,38.117,1.166
01.12.2021 18:46:00,38.199,929.901,916.503,1110.992,678.833,38.265,1.149
01.12.2021 18:46:01,38.307,928.222,915.496,1107.147,677.429,38.160,1.093
01.12.2021 18:46:02,38.392,927.887,914.032,1108.032,676.574,38.314,1.192
01.12.2021 18:46:03,38.505,927.093,913.848,1107.208,675.537,38.373,1.140
01.12.2021 18:46:04,38.608,927.002,914.245,1107.452,675.323,38.413,1.097
01.12.2021 18:46:05,38.694,925.872,912.872,1106.109,673.492,38.525,1.120
01.12.2021 18:46:06,38.804,924.957,912.231,1104.370,672.790,38.486,1.097
01.12.2021 18:46:07,38.895,923.492,910.339,1103.271,671.051,38.604,1.136
01.12.2021 18:46:08,38.995,922.821,909.942,1101.135,669.830,38.596,1.113
01.12.2021 18:46:09,39.093,921.417,908.050,1100.860,668.548,38.720,1.157
01.12.2021 18:46:10,39.201,920.227,907.714,1099.609,667.907,38.707,1.084
01.12.2021 18:46:11,39.299,919.097,905.792,1097.442,665.893,38.785,1.155
01.12.2021 18:46:12,39.400,917.419,905.334,1097.045,665.252,38.829,1.050
01.12.2021 18:46:13,39.493,917.816,905.151,1095.764,664.337,38.845,1.101
01.12.2021 18:46:14,39.606,917.358,903.442,1095.214,663.543,38.897,1.211
01.12.2021 18:46:15,39.709,915.161,901.855,1093.414,661.773,38.973,1.160
01.12.2021 18:46:16,39.804,913.787,900.177,1091.491,660.919,38.938,1.189
01.12.2021 18:46:17,39.897,913.452,900.268,1091.552,659.454,39.107,1.151
01.12.2021 18:46:18,40.005,911.895,898.376,1089.202,658.325,39.075,1.183
01.12.2021 18:46:19,40.108,911.621,898.346,1089.965,657.379,39.234,1.162
01.12.2021 18:46:20,40.206,910.522,897.308,1088.134,655.822,39.285,1.158
01.12.2021 18:46:21,40.304,909.973,896.575,1087.524,655.395,39.292,1.175
01.12.2021 18:46:22,40.402,907.562,895.141,1085.113,653.930,39.293,1.091
01.12.2021 18:46:23,40.510,907.134,893.737,1085.449,652.709,39.455,1.178
01.12.2021 18:46:24,40.608,906.768,893.402,1084.625,651.794,39.503,1.176
01.12.2021 18:46:25,40.696,905.578,892.578,1083.984,650.695,39.584,1.145
01.12.2021 18:46:26,40.807,904.510,891.235,1082.702,649.444,39.639,1.171
01.12.2021 18:46:27,40.905,904.601,891.693,1082.580,648.925,39.690,1.138
01.12.2021 18:46:29,41.005,901.672,887.969,1079.651,645.935,39.832,1.213
01.12.2021 18:46:30,41.101,899.475,886.535,1079.040,645.080,39.888,1.148
01.12.2021 18:46:31,41.209,899.353,886.382,1078.460,643.646,40.014,1.151
01.12.2021 18:46:32,41.302,897.979,884.429,1077.880,642.272,40.132,1.204
01.12.2021 18:46:33,41.407,897.338,884.338,1076.873,640.747,40.239,1.156
01.12.2021 18:46:34,41.503,896.362,883.300,1075.256,639.526,40.269,1.163
01.12.2021 18:46:35,41.603,895.324,882.324,1075.378,637.207,40.547,1.158
01.12.2021 18:46:36,41.701,894.287,880.828,1074.218,636.810,40.513,1.201
01.12.2021 18:46:37,41.799,892.761,879.547,1074.005,634.735,40.740,1.181
01.12.2021 18:46:38,41.905,891.113,877.807,1072.540,632.904,40.853,1.192
01.12.2021 18:46:39,42.008,890.350,876.983,1071.777,631.469,40.968,1.198
01.12.2021 18:46:40,42.098,889.190,876.159,1071.350,629.974,41.114,1.169
01.12.2021 18:46:41,42.201,888.580,874.603,1070.770,629.211,41.163,1.256
01.12.2021 18:46:42,42.299,886.840,873.748,1069.458,627.777,41.241,1.178
01.12.2021 18:46:43,42.407,885.498,872.100,1068.450,626.220,41.355,1.208
01.12.2021 18:46:44,42.493,885.101,871.490,1068.450,625.274,41.467,1.227
01.12.2021 18:46:45,42.606,883.544,870.117,1067.016,623.046,41.631,1.213
01.12.2021 18:46:46,42.709,882.476,868.469,1066.223,621.673,41.739,1.267
01.12.2021 18:46:47,42.794,882.446,868.743,1066.650,620.941,41.855,1.240
01.12.2021 18:46:48,42.907,881.408,867.706,1066.039,619.689,41.962,1.241
01.12.2021 18:46:49,42.995,879.089,865.112,1063.659,618.041,41.993,1.269
01.12.2021 18:46:50,43.098,878.570,865.020,1063.873,617.492,42.073,1.231
01.12.2021 18:46:51,43.209,876.129,863.891,1062.866,615.692,42.219,1.114
01.12.2021 18:46:52,43.299,875.427,861.938,1060.394,614.074,42.241,1.230
01.12.2021 18:46:53,43.405,874.175,860.351,1059.234,612.518,42.347,1.263
01.12.2021 18:46:54,43.505,873.962,860.961,1059.600,612.030,42.431,1.187
01.12.2021 18:46:55,43.601,871.124,857.696,1056.060,609.436,42.498,1.230
01.12.2021 18:46:56,43.709,871.063,857.818,1056.304,608.856,42.585,1.214
01.12.2021 18:46:57,43.804,869.750,856.536,1054.229,607.757,42.573,1.213
01.12.2021 18:46:58,43.907,869.598,855.987,1054.656,606.628,42.739,1.250
01.12.2021 18:46:59,43.995,867.309,853.698,1051.696,604.644,42.773,1.253
01.12.2021 18:47:00,44.098,867.034,853.454,1052.337,604.278,42.863,1.250
01.12.2021 18:47:01,44.206,864.440,850.799,1048.767,601.135,42.996,1.260
01.12.2021 18:47:02,44.299,864.196,849.823,1047.210,600.433,42.973,1.328
01.12.2021 18:47:03,44.400,861.480,847.747,1045.684,599.456,42.985,1.273
01.12.2021 18:47:04,44.500,861.022,847.503,1045.257,598.358,43.090,1.254
01.12.2021 18:47:05,44.608,859.832,846.191,1044.006,597.076,43.159,1.267
01.12.2021 18:47:06,44.709,858.795,845.001,1043.212,596.282,43.201,1.283
01.12.2021 18:47:07,44.807,857.177,843.353,1040.771,594.818,43.210,1.288
01.12.2021 18:47:08,44.897,854.980,842.041,1038.909,592.742,43.335,1.208
01.12.2021 18:47:09,45.003,854.583,841.064,1037.322,592.193,43.291,1.263
01.12.2021 18:47:10,45.106,853.698,839.080,1036.743,591.003,43.397,1.368
01.12.2021 18:47:11,45.206,852.233,838.134,1035.614,590.515,43.378,1.321
01.12.2021 18:47:12,45.304,851.287,836.791,1033.264,588.409,43.473,1.360
01.12.2021 18:47:13,45.400,850.524,836.303,1032.928,587.554,43.556,1.336
01.12.2021 18:47:14,45.508,849.060,834.655,1030.761,586.914,43.482,1.355
01.12.2021 18:47:15,45.608,846.893,831.848,1028.686,584.442,43.643,1.420
01.12.2021 18:47:16,45.706,845.672,831.634,1027.587,583.953,43.626,1.326
01.12.2021 18:47:17,45.797,844.574,830.749,1026.733,582.794,43.711,1.307
01.12.2021 18:47:18,45.907,843.658,829.925,1025.939,582.489,43.693,1.300
01.12.2021 18:47:19,46.008,841.796,827.209,1023.834,580.596,43.781,1.385
01.12.2021 18:47:20,46.108,841.308,826.538,1022.613,580.078,43.759,1.403
01.12.2021 18:47:21,46.209,838.531,824.340,1020.385,578.521,43.796,1.352
01.12.2021 18:47:22,46.304,837.554,822.326,1017.700,576.995,43.796,1.453
01.12.2021 18:47:23,46.402,835.418,821.258,1017.669,576.629,43.840,1.354
01.12.2021 18:47:24,46.508,835.144,819.488,1016.357,575.469,43.893,1.499
01.12.2021 18:47:25,46.603,832.763,817.626,1014.312,574.462,43.874,1.453
01.12.2021 18:47:26,46.706,833.648,818.878,1015.685,574.462,43.973,1.416
01.12.2021 18:47:27,46.804,830.963,816.101,1011.535,572.448,43.930,1.430
01.12.2021 18:47:28,46.897,829.895,814.575,1010.864,571.197,44.042,1.476
01.12.2021 18:47:29,47.008,826.782,811.614,1008.545,568.725,44.191,1.467
01.12.2021 18:47:30,47.101,825.286,810.943,1006.500,568.328,44.094,1.389
01.12.2021 18:47:31,47.206,823.364,809.204,1005.065,567.474,44.099,1.374
01.12.2021 18:47:32,47.307,821.441,807.434,1003.051,565.673,44.185,1.362
01.12.2021 18:47:33,47.405,820.983,806.182,1002.990,565.185,44.244,1.441
01.12.2021 18:47:34,47.508,819.000,804.199,1000.732,563.598,44.284,1.445
01.12.2021 18:47:35,47.606,817.352,802.612,999.206,562.683,44.292,1.441
01.12.2021 18:47:36,47.709,815.032,800.292,997.283,561.065,44.361,1.446
01.12.2021 18:47:37,47.807,813.171,798.889,995.330,560.058,44.349,1.404
01.12.2021 18:47:38,47.892,811.920,797.454,992.828,558.532,44.365,1.424
01.12.2021 18:47:39,48.008,810.760,796.142,993.224,557.830,44.486,1.441
01.12.2021 18:47:40,48.106,808.959,794.311,991.180,555.541,44.635,1.447
01.12.2021 18:47:41,48.209,806.945,792.541,989.288,553.924,44.709,1.427
01.12.2021 18:47:42,48.292,806.823,792.327,988.891,554.199,44.643,1.436
01.12.2021 18:47:43,48.407,803.039,788.909,985.809,551.818,44.730,1.406
01.12.2021 18:47:44,48.503,801.971,787.994,984.832,551.513,44.698,1.393
01.12.2021 18:47:45,48.596,801.086,787.017,984.466,551.055,44.731,1.403
01.12.2021 18:47:46,48.701,799.255,784.942,982.177,549.255,44.800,1.431
01.12.2021 18:47:47,48.792,798.248,783.996,981.384,548.309,44.867,1.427
01.12.2021 18:47:48,48.907,795.593,781.036,977.691,546.173,44.876,1.463
01.12.2021 18:47:49,49.008,793.823,779.327,976.379,545.135,44.917,1.460
01.12.2021 18:47:50,49.103,792.694,778.015,975.067,543.823,44.995,1.481
01.12.2021 18:47:51,49.209,790.924,776.855,973.602,543.060,44.988,1.422
01.12.2021 18:47:52,49.302,790.069,775.329,972.747,542.297,45.026,1.492
01.12.2021 18:47:53,49.405,786.987,773.071,969.421,540.557,45.011,1.413
01.12.2021 18:47:54,49.508,787.261,772.827,969.757,539.642,45.159,1.466
01.12.2021 18:47:55,49.601,784.301,770.568,966.980,538.543,45.099,1.399
01.12.2021 18:47:56,49.696,782.379,768.341,964.721,537.536,45.065,1.434
01.12.2021 18:47:57,49.804,780.517,767.120,963.134,536.285,45.115,1.371
01.12.2021 18:47:58,49.907,778.930,765.502,961.120,535.064,45.128,1.377
01.12.2021 18:47:59,49.995,778.594,764.282,960.510,534.820,45.115,1.470
01.12.2021 18:48:00,50.106,775.665,762.115,957.336,532.897,45.136,1.396
01.12.2021 18:48:01,50.204,774.017,760.040,954.833,531.036,45.201,1.443
01.12.2021 18:48:02,50.299,772.399,757.629,952.880,530.914,45.068,1.529
01.12.2021 18:48:03,50.407,770.172,756.042,950.347,529.052,45.130,1.467
01.12.2021 18:48:04,50.498,769.439,755.310,949.310,529.205,45.030,1.468
01.12.2021 18:48:05,50.606,768.157,754.241,947.448,527.648,45.101,1.448
01.12.2021 18:48:06,50.704,767.486,754.119,946.807,527.618,45.056,1.392
01.12.2021 18:48:07,50.799,764.648,750.976,943.573,526.000,45.030,1.429
01.12.2021 18:48:08,50.892,762.725,748.626,940.673,524.139,45.064,1.478
01.12.2021 18:48:09,51.005,761.230,746.856,939.117,523.681,45.008,1.510
01.12.2021 18:48:10,51.108,759.582,745.941,937.805,522.003,45.139,1.435
01.12.2021 18:48:11,51.204,758.392,744.720,936.004,521.972,45.004,1.441
01.12.2021 18:48:12,51.299,757.568,743.621,934.845,521.270,45.011,1.472
01.12.2021 18:48:13,51.400,755.340,742.004,932.403,520.111,44.983,1.411
01.12.2021 18:48:15,51.495,754.058,740.356,930.480,518.798,45.017,1.453
01.12.2021 18:48:16,51.596,752.380,739.227,928.375,518.127,44.946,1.397
01.12.2021 18:48:17,51.699,750.335,737.152,926.818,517.547,44.906,1.404
01.12.2021 18:48:18,51.799,747.680,734.710,923.339,515.106,44.976,1.386
01.12.2021 18:48:19,51.897,747.833,734.466,923.858,515.380,44.978,1.429
01.12.2021 18:48:20,52.003,745.666,732.452,920.928,514.068,44.932,1.416
01.12.2021 18:48:21,52.098,744.781,731.262,919.616,513.183,44.954,1.451
01.12.2021 18:48:22,52.199,742.736,729.675,917.724,511.688,45.017,1.405
01.12.2021 18:48:23,52.302,739.593,726.104,913.482,509.826,44.945,1.458
01.12.2021 18:48:24,52.402,737.304,724.670,912.109,509.063,44.944,1.369
01.12.2021 18:48:25,52.505,736.145,722.839,909.942,508.239,44.889,1.445
01.12.2021 18:48:26,52.596,735.290,721.099,908.782,507.263,44.936,1.544
01.12.2021 18:48:27,52.704,733.367,720.306,905.883,506.256,44.848,1.423
01.12.2021 18:48:28,52.797,732.360,718.048,905.395,505.554,44.910,1.563
01.12.2021 18:48:29,52.897,730.377,717.376,902.221,503.723,44.918,1.423
01.12.2021 18:48:30,53.000,728.485,714.538,899.932,502.838,44.861,1.531
01.12.2021 18:48:31,53.106,726.135,712.982,898.956,501.617,44.959,1.448
01.12.2021 18:48:32,53.201,725.555,713.043,897.125,501.251,44.864,1.378
01.12.2021 18:48:33,53.304,724.182,711.029,895.812,499.389,45.029,1.452
01.12.2021 18:48:34,53.402,722.717,709.320,893.737,498.779,44.949,1.482
01.12.2021 18:48:35,53.505,720.886,707.641,891.632,497.344,44.987,1.469
01.12.2021 18:48:36,53.601,718.994,706.054,889.312,495.544,45.061,1.438
01.12.2021 18:48:37,53.709,717.376,704.162,887.908,495.178,45.000,1.473
01.12.2021 18:48:38,53.804,715.606,703.063,885.711,493.408,45.080,1.401
01.12.2021 18:48:39,53.907,714.447,701.202,883.544,492.706,45.005,1.482
01.12.2021 18:48:40,54.008,712.738,700.073,882.385,491.485,45.091,1.420
01.12.2021 18:48:41,54.106,711.853,699.279,880.767,490.570,45.093,1.412
01.12.2021 18:48:42,54.196,709.594,697.784,879.089,489.349,45.135,1.329
01.12.2021 18:48:43,54.302,708.312,696.716,877.502,488.586,45.117,1.308
01.12.2021 18:48:44,54.402,707.397,694.641,875.793,487.213,45.180,1.441
01.12.2021 18:48:45,54.505,705.841,693.511,873.840,486.175,45.173,1.396
01.12.2021 18:48:46,54.608,704.345,691.680,872.283,484.588,45.281,1.437
01.12.2021 18:48:47,54.696,703.552,691.223,871.673,484.100,45.304,1.400
01.12.2021 18:48:48,54.799,700.286,687.377,868.072,481.689,45.366,1.474
01.12.2021 18:48:49,54.895,699.981,687.316,867.248,480.377,45.495,1.446
01.12.2021 18:48:50,55.005,697.570,684.906,864.379,479.095,45.448,1.451
01.12.2021 18:48:51,55.096,697.174,684.844,864.044,478.576,45.499,1.413
01.12.2021 18:48:52,55.204,693.969,682.128,860.717,476.348,45.558,1.363
01.12.2021 18:48:53,55.304,693.145,680.541,859.283,474.731,45.684,1.454
01.12.2021 18:48:54,55.402,692.138,679.992,858.215,474.334,45.654,1.402
01.12.2021 18:48:55,55.493,690.765,678.253,856.231,472.564,45.757,1.448
01.12.2021 18:48:56,55.596,688.446,676.025,853.820,471.252,45.755,1.442
01.12.2021 18:48:57,55.706,687.225,674.713,852.203,469.726,45.852,1.455
01.12.2021 18:48:58,55.799,685.363,673.431,850.189,468.811,45.822,1.391
01.12.2021 18:48:59,55.907,684.997,672.485,849.182,467.803,45.892,1.460
01.12.2021 18:49:00,56.000,683.166,671.447,847.503,466.979,45.877,1.370
01.12.2021 18:49:01,56.106,682.098,669.494,845.489,465.484,45.937,1.477
01.12.2021 18:49:02,56.209,680.084,667.144,842.559,463.775,45.952,1.522
01.12.2021 18:49:03,56.299,679.168,666.381,841.674,463.043,45.990,1.506
01.12.2021 18:49:04,56.402,676.605,663.818,838.592,461.242,46.007,1.511
01.12.2021 18:49:05,56.500,675.201,662.963,836.822,460.662,45.945,1.449
01.12.2021 18:49:06,56.603,674.468,661.621,835.479,459.503,46.011,1.523
01.12.2021 18:49:07,56.709,672.851,660.858,833.923,458.251,46.074,1.425
01.12.2021 18:49:08,56.797,671.417,658.874,830.871,456.634,46.064,1.494
01.12.2021 18:49:09,56.902,669.311,656.829,828.247,454.467,46.180,1.491
01.12.2021 18:49:10,57.008,667.968,655.364,826.232,453.735,46.120,1.509
01.12.2021 18:49:11,57.103,666.107,653.533,824.127,452.697,46.101,1.509
01.12.2021 18:49:12,57.206,664.306,651.702,821.350,451.263,46.086,1.517
01.12.2021 18:49:13,57.307,662.811,650.665,820.373,449.981,46.206,1.465
01.12.2021 18:49:14,57.392,661.315,648.925,817.169,449.035,46.075,1.498
01.12.2021 18:49:15,57.495,659.790,647.308,814.880,447.418,46.134,1.513
01.12.2021 18:49:16,57.608,658.050,645.202,811.920,445.678,46.152,1.562
01.12.2021 18:49:17,57.709,656.250,644.348,811.187,444.671,46.251,1.450
01.12.2021 18:49:18,57.804,656.738,643.768,809.753,444.244,46.192,1.580
01.12.2021 18:49:19,57.907,653.686,641.082,806.030,442.108,46.207,1.542
01.12.2021 18:49:20,58.008,652.099,639.465,803.710,440.429,46.274,1.550
01.12.2021 18:49:21,58.096,650.238,637.725,801.239,439.514,46.202,1.539
01.12.2021 18:49:22,58.194,649.597,637.084,799.957,438.201,46.303,1.541
01.12.2021 18:49:23,58.292,647.277,633.789,796.417,436.218,46.310,1.668
01.12.2021 18:49:24,58.397,645.965,633.087,795.135,435.455,46.320,1.595
01.12.2021 18:49:25,58.505,643.951,631.683,791.778,433.868,46.278,1.524
01.12.2021 18:49:26,58.596,643.066,630.462,790.313,433.380,46.225,1.568
01.12.2021 18:49:27,58.706,641.845,629.364,788.970,431.579,46.404,1.556
01.12.2021 18:49:28,58.797,641.326,629.119,787.933,430.664,46.462,1.522
01.12.2021 18:49:29,58.905,639.312,626.464,784.027,428.314,46.499,1.608
01.12.2021 18:49:30,59.000,637.329,625.213,782.775,427.520,46.517,1.520
01.12.2021 18:49:31,59.096,635.162,623.138,779.571,425.415,46.578,1.514
01.12.2021 18:49:32,59.199,633.483,621.459,777.618,424.438,46.563,1.518
01.12.2021 18:49:33,59.297,632.598,620.574,776.275,423.614,46.578,1.520
01.12.2021 18:49:34,59.395,632.110,619.445,774.871,422.698,46.604,1.603
01.12.2021 18:49:35,59.508,630.004,617.248,771.148,420.440,46.643,1.620
01.12.2021 18:49:36,59.608,627.807,615.692,768.035,418.853,46.624,1.544
01.12.2021 18:49:37,59.706,626.739,614.318,766.479,417.938,46.635,1.586
01.12.2021 18:49:38,59.794,625.549,613.037,765.747,417.541,46.635,1.600
01.12.2021 18:49:39,59.902,623.748,611.389,763.092,415.466,46.744,1.585
01.12.2021 18:49:40,60.005,622.772,610.137,760.772,414.123,46.758,1.624
