# Sensor: ADPD2140, Rotationstage: ELL18M
Datetime,Stage Angle,xL,xR,yL,yR,X,Y
02.12.2021 15:52:15,-60.002,629.394,626.251,378.540,694.824,-46.698,0.396
02.12.2021 15:52:16,-59.907,631.164,628.601,379.089,696.960,-46.815,0.322
02.12.2021 15:52:17,-59.794,632.904,630.371,380.310,698.486,-46.741,0.317
02.12.2021 15:52:18,-59.701,635.650,633.331,382.202,700.927,-46.634,0.289
02.12.2021 15:52:19,-59.600,638.366,635.040,383.331,701.599,-46.490,0.413
02.12.2021 15:52:20,-59.500,638.641,636.169,384.124,703.704,-46.557,0.307
02.12.2021 15:52:21,-59.392,640.991,638.366,385.345,706.359,-46.600,0.325
02.12.2021 15:52:22,-59.301,641.143,639.190,386.199,707.122,-46.518,0.241
02.12.2021 15:52:23,-59.201,643.493,641.143,387.359,709.381,-46.531,0.289
02.12.2021 15:52:24,-59.100,644.653,642.242,388.793,710.784,-46.407,0.296
02.12.2021 15:52:25,-58.992,646.728,644.470,390.167,713.806,-46.459,0.277
02.12.2021 15:52:26,-58.902,647.430,644.348,390.625,714.324,-46.427,0.378
02.12.2021 15:52:27,-58.799,648.193,645.202,391.052,715.484,-46.465,0.366
02.12.2021 15:52:28,-58.693,649.505,646.636,392.089,718.048,-46.532,0.350
02.12.2021 15:52:29,-58.593,651.031,648.101,393.493,719.665,-46.436,0.357
02.12.2021 15:52:30,-58.505,652.160,650.421,393.920,721.801,-46.572,0.211
02.12.2021 15:52:31,-58.392,654.144,651.824,395.782,723.968,-46.448,0.281
02.12.2021 15:52:32,-58.296,655.029,652.984,396.179,724.945,-46.473,0.247
02.12.2021 15:52:33,-58.193,656.585,653.900,397.003,726.867,-46.514,0.324
02.12.2021 15:52:34,-58.108,657.745,655.212,397.979,729.095,-46.558,0.305
02.12.2021 15:52:35,-58.005,658.172,656.188,399.078,730.163,-46.464,0.239
02.12.2021 15:52:36,-57.894,659.820,657.440,400.146,732.330,-46.485,0.286
02.12.2021 15:52:37,-57.796,661.102,659.149,400.756,733.947,-46.535,0.234
02.12.2021 15:52:38,-57.703,663.696,660.614,402.099,736.206,-46.515,0.368
02.12.2021 15:52:39,-57.600,664.520,661.956,402.648,737.518,-46.545,0.306
02.12.2021 15:52:40,-57.500,666.168,663.665,403.228,738.464,-46.534,0.298
02.12.2021 15:52:41,-57.392,666.748,664.489,403.930,740.142,-46.572,0.268
02.12.2021 15:52:42,-57.301,669.403,666.625,405.212,742.431,-46.566,0.329
02.12.2021 15:52:43,-57.206,671.783,668.701,406.097,744.110,-46.572,0.364
02.12.2021 15:52:44,-57.100,673.461,670.684,407.165,746.612,-46.625,0.327
02.12.2021 15:52:45,-56.995,674.957,673.156,408.294,747.283,-46.489,0.211
02.12.2021 15:52:46,-56.899,676.391,673.858,408.935,749.084,-46.550,0.297
02.12.2021 15:52:47,-56.809,678.771,675.903,410.003,750.701,-46.517,0.335
02.12.2021 15:52:48,-56.696,680.786,678.436,411.132,752.716,-46.512,0.273
02.12.2021 15:52:49,-56.593,683.227,680.511,412.261,755.004,-46.533,0.315
02.12.2021 15:52:50,-56.492,684.356,682.312,413.146,756.469,-46.518,0.237
02.12.2021 15:52:51,-56.407,687.316,685.119,414.337,758.880,-46.541,0.253
02.12.2021 15:52:52,-56.296,689.788,687.500,415.771,760.864,-46.479,0.263
02.12.2021 15:52:53,-56.196,692.077,689.849,416.412,762.573,-46.530,0.255
02.12.2021 15:52:54,-56.093,694.091,691.009,417.327,764.007,-46.507,0.352
02.12.2021 15:52:55,-56.000,696.563,693.725,418.121,766.326,-46.589,0.323
02.12.2021 15:52:56,-55.894,698.425,695.495,419.097,767.608,-46.541,0.333
02.12.2021 15:52:57,-55.796,700.195,697.631,419.738,768.493,-46.514,0.290
02.12.2021 15:52:58,-55.703,704.620,702.117,421.875,771.728,-46.451,0.281
02.12.2021 15:52:59,-55.600,706.329,703.613,423.004,773.345,-46.409,0.305
02.12.2021 15:53:00,-55.505,709.045,706.115,423.645,775.878,-46.536,0.328
02.12.2021 15:53:01,-55.392,710.937,707.824,424.957,777.313,-46.446,0.347
02.12.2021 15:53:02,-55.301,713.043,709.869,425.903,779.602,-46.498,0.353
02.12.2021 15:53:03,-55.203,715.515,712.829,427.307,782.135,-46.494,0.297
02.12.2021 15:53:04,-55.100,719.360,715.850,428.649,784.790,-46.512,0.387
02.12.2021 15:53:05,-55.007,720.916,717.681,429.321,786.804,-46.585,0.356
02.12.2021 15:53:06,-54.899,722.900,719.573,430.206,787.445,-46.494,0.365
02.12.2021 15:53:07,-54.806,725.341,722.045,430.969,790.222,-46.621,0.360
02.12.2021 15:53:09,-54.701,728.179,723.937,432.281,791.839,-46.549,0.462
02.12.2021 15:53:10,-54.598,730.438,726.165,433.410,794.525,-46.605,0.464
02.12.2021 15:53:11,-54.492,732.940,729.034,434.783,796.936,-46.596,0.423
02.12.2021 15:53:12,-54.402,735.992,731.719,436.004,798.828,-46.564,0.461
02.12.2021 15:53:13,-54.306,738.677,734.375,437.744,802.062,-46.569,0.462
02.12.2021 15:53:14,-54.208,740.661,736.175,438.415,803.680,-46.604,0.481
02.12.2021 15:53:15,-54.100,741.668,737.121,439.208,805.358,-46.624,0.487
02.12.2021 15:53:16,-54.000,743.438,739.990,440.429,807.647,-46.628,0.368
02.12.2021 15:53:17,-53.899,745.483,742.004,441.375,810.333,-46.713,0.370
02.12.2021 15:53:18,-53.804,748.229,743.774,442.901,812.652,-46.670,0.473
02.12.2021 15:53:19,-53.696,749.664,745.941,443.695,814.331,-46.690,0.394
02.12.2021 15:53:20,-53.598,752.532,747.833,445.129,816.467,-46.646,0.496
02.12.2021 15:53:21,-53.497,754.272,749.572,445.861,817.962,-46.659,0.495
02.12.2021 15:53:22,-53.392,756.469,752.410,447.479,821.655,-46.723,0.426
02.12.2021 15:53:23,-53.296,758.178,753.845,448.699,822.906,-46.636,0.454
02.12.2021 15:53:24,-53.193,759.429,755.798,449.249,825.408,-46.768,0.379
02.12.2021 15:53:25,-53.105,761.901,757.568,451.049,826.721,-46.593,0.451
02.12.2021 15:53:26,-53.007,763.214,759.033,451.202,828.735,-46.745,0.435
02.12.2021 15:53:27,-52.894,765.289,761.077,452.941,831.329,-46.692,0.437
02.12.2021 15:53:28,-52.794,766.937,762.481,454.254,833.374,-46.661,0.461
02.12.2021 15:53:29,-52.698,768.341,764.495,455.566,835.907,-46.672,0.397
02.12.2021 15:53:30,-52.608,769.744,765.228,456.604,837.493,-46.644,0.466
02.12.2021 15:53:31,-52.505,771.789,767.852,457.397,839.782,-46.716,0.405
02.12.2021 15:53:32,-52.392,774.749,771.423,460.205,844.177,-46.651,0.340
02.12.2021 15:53:33,-52.304,776.885,772.766,460.693,844.512,-46.603,0.421
02.12.2021 15:53:34,-52.196,777.923,772.583,461.456,846.130,-46.622,0.545
02.12.2021 15:53:35,-52.098,779.052,774.749,462.493,847.808,-46.603,0.438
02.12.2021 15:53:36,-52.005,781.524,777.526,463.928,851.135,-46.662,0.406
02.12.2021 15:53:37,-51.902,783.172,779.022,465.148,852.294,-46.570,0.421
02.12.2021 15:53:38,-51.801,784.088,779.754,465.789,853.942,-46.610,0.439
02.12.2021 15:53:39,-51.696,787.231,782.226,467.590,856.658,-46.561,0.505
02.12.2021 15:53:40,-51.603,788.543,784.759,468.109,858.032,-46.597,0.381
02.12.2021 15:53:41,-51.495,791.351,787.109,469.940,860.748,-46.543,0.425
02.12.2021 15:53:42,-51.402,791.168,787.017,470.336,861.236,-46.523,0.416
02.12.2021 15:53:43,-51.301,793.945,789.947,472.564,864.898,-46.488,0.400
02.12.2021 15:53:44,-51.208,796.264,791.900,473.358,867.034,-46.545,0.435
02.12.2021 15:53:45,-51.095,796.417,791.992,473.358,866.882,-46.532,0.441
02.12.2021 15:53:46,-50.992,799.438,794.769,475.372,869.567,-46.449,0.464
02.12.2021 15:53:47,-50.899,801.788,798.187,476.898,872.772,-46.483,0.356
02.12.2021 15:53:48,-50.794,802.825,798.156,477.203,873.321,-46.482,0.462
02.12.2021 15:53:49,-50.708,803.802,799.499,479.064,875.946,-46.418,0.425
02.12.2021 15:53:50,-50.598,807.556,803.436,480.621,878.814,-46.420,0.405
02.12.2021 15:53:51,-50.495,809.020,804.382,481.811,880.462,-46.376,0.455
02.12.2021 15:53:52,-50.392,810.791,806.640,483.093,882.903,-46.384,0.406
02.12.2021 15:53:53,-50.304,813.079,808.074,484.283,884.277,-46.319,0.489
02.12.2021 15:53:54,-50.193,814.941,809.936,485.534,885.650,-46.244,0.488
02.12.2021 15:53:55,-50.098,816.650,811.676,487.060,888.488,-46.249,0.484
02.12.2021 15:53:56,-50.000,818.389,813.995,488.891,891.143,-46.193,0.426
02.12.2021 15:53:57,-49.894,820.129,815.948,490.081,893.951,-46.245,0.404
02.12.2021 15:53:58,-49.796,822.326,818.054,491.607,895.782,-46.168,0.412
02.12.2021 15:53:59,-49.693,824.310,820.526,493.743,898.590,-46.080,0.364
02.12.2021 15:54:00,-49.593,825.927,821.197,494.842,899.597,-46.000,0.455
02.12.2021 15:54:01,-49.497,826.568,821.960,495.574,900.756,-45.986,0.442
02.12.2021 15:54:02,-49.392,827.819,823.455,497.344,903.869,-45.978,0.418
02.12.2021 15:54:03,-49.309,829.650,824.951,498.931,905.456,-45.874,0.450
02.12.2021 15:54:04,-49.201,831.787,826.568,500.183,908.142,-45.907,0.498
02.12.2021 15:54:05,-49.103,834.106,829.803,502.471,911.437,-45.839,0.409
02.12.2021 15:54:06,-48.992,835.571,831.115,503.265,912.780,-45.831,0.423
02.12.2021 15:54:07,-48.892,837.158,832.336,505.371,914.886,-45.695,0.457
02.12.2021 15:54:08,-48.806,838.500,834.045,507.263,916.503,-45.552,0.422
02.12.2021 15:54:09,-48.701,838.104,833.374,507.354,917.663,-45.631,0.448
02.12.2021 15:54:10,-48.605,838.775,834.960,508.636,919.982,-45.631,0.361
02.12.2021 15:54:11,-48.492,840.789,837.097,510.375,922.271,-45.563,0.348
02.12.2021 15:54:12,-48.394,842.010,838.165,512.817,924.835,-45.418,0.362
02.12.2021 15:54:13,-48.304,843.353,839.996,513.519,926.544,-45.453,0.316
02.12.2021 15:54:14,-48.203,844.390,839.599,514.160,927.856,-45.465,0.450
02.12.2021 15:54:15,-48.095,845.947,842.681,516.723,931.701,-45.404,0.306
02.12.2021 15:54:16,-47.995,846.679,843.109,518.035,933.105,-45.329,0.334
02.12.2021 15:54:17,-47.899,847.808,843.750,518.890,934.966,-45.354,0.380
02.12.2021 15:54:18,-47.801,848.937,845.245,520.324,936.920,-45.305,0.345
02.12.2021 15:54:19,-47.698,850.219,847.198,522.796,939.361,-45.150,0.282
02.12.2021 15:54:20,-47.603,851.654,848.022,523.956,940.582,-45.083,0.338
02.12.2021 15:54:21,-47.500,853.546,849.487,525.665,943.908,-45.103,0.377
02.12.2021 15:54:22,-47.407,853.363,849.517,526.641,945.037,-45.055,0.357
02.12.2021 15:54:23,-47.309,854.370,850.372,527.984,946.166,-44.956,0.371
02.12.2021 15:54:24,-47.201,855.834,852.325,529.235,948.852,-44.990,0.325
02.12.2021 15:54:25,-47.103,855.804,852.172,530.364,949.859,-44.912,0.336
02.12.2021 15:54:26,-46.992,857.360,855.255,533.142,952.545,-44.737,0.194
02.12.2021 15:54:27,-46.899,859.405,856.384,534.179,954.742,-44.764,0.279
02.12.2021 15:54:28,-46.806,859.497,855.377,535.644,955.444,-44.617,0.380
02.12.2021 15:54:29,-46.703,859.649,856.079,535.919,956.665,-44.673,0.329
02.12.2021 15:54:30,-46.608,860.565,857.666,537.780,958.526,-44.562,0.267
02.12.2021 15:54:31,-46.505,861.541,857.849,538.970,960.479,-44.549,0.340
02.12.2021 15:54:32,-46.404,862.762,859.527,540.924,961.761,-44.383,0.297
02.12.2021 15:54:33,-46.296,863.861,860.931,542.572,964.294,-44.352,0.269
02.12.2021 15:54:34,-46.198,863.708,860.687,542.846,965.209,-44.385,0.277
02.12.2021 15:54:35,-46.100,864.410,861.938,545.501,967.559,-44.206,0.226
02.12.2021 15:54:36,-45.997,865.844,862.945,546.966,970.397,-44.224,0.265
02.12.2021 15:54:37,-45.902,867.431,864.440,549.072,972.869,-44.129,0.273
02.12.2021 15:54:38,-45.804,867.370,864.807,549.407,974.639,-44.217,0.234
02.12.2021 15:54:39,-45.696,867.523,866.027,551.025,975.769,-44.087,0.136
02.12.2021 15:54:40,-45.600,869.873,867.370,552.337,977.264,-44.025,0.228
02.12.2021 15:54:41,-45.495,869.628,865.814,552.734,978.607,-44.073,0.348
02.12.2021 15:54:42,-45.402,871.002,867.919,556.396,982.055,-43.847,0.280
02.12.2021 15:54:43,-45.299,869.659,868.072,556.121,982.452,-43.913,0.144
02.12.2021 15:54:44,-45.206,871.582,868.621,557.647,983.703,-43.806,0.269
02.12.2021 15:54:45,-45.093,872.802,871.002,560.241,986.419,-43.668,0.163
02.12.2021 15:54:46,-45.005,873.474,871.856,561.279,988.372,-43.677,0.146
02.12.2021 15:54:47,-44.904,875.213,872.436,562.438,991.058,-43.725,0.251
02.12.2021 15:54:48,-44.796,874.603,871.795,564.178,991.607,-43.539,0.254
02.12.2021 15:54:49,-44.693,874.969,873.352,566.192,994.140,-43.465,0.146
02.12.2021 15:54:50,-44.600,876.251,875.091,567.840,996.215,-43.405,0.104
02.12.2021 15:54:51,-44.492,877.624,875.366,569.396,998.565,-43.377,0.204
02.12.2021 15:54:52,-44.392,877.227,875.884,571.044,1000.152,-43.281,0.121
02.12.2021 15:54:54,-44.309,879.150,876.495,573.028,1001.983,-43.161,0.239
02.12.2021 15:54:55,-44.193,879.852,876.403,574.768,1003.570,-43.055,0.311
02.12.2021 15:54:56,-44.103,879.577,877.319,575.653,1005.157,-43.058,0.203
02.12.2021 15:54:57,-43.995,879.028,877.441,576.263,1005.554,-43.009,0.143
02.12.2021 15:54:58,-43.892,880.554,879.150,578.704,1007.904,-42.870,0.126
02.12.2021 15:54:59,-43.799,881.408,878.631,580.444,1008.666,-42.705,0.250
02.12.2021 15:55:00,-43.703,881.256,879.943,582.092,1011.505,-42.703,0.118
02.12.2021 15:55:01,-43.593,882.842,880.981,583.160,1013.427,-42.708,0.167
02.12.2021 15:55:02,-43.507,882.629,880.615,584.960,1014.098,-42.530,0.181
02.12.2021 15:55:03,-43.397,882.629,881.805,585.968,1015.808,-42.528,0.074
02.12.2021 15:55:04,-43.301,884.704,882.873,588.775,1019.104,-42.414,0.164
02.12.2021 15:55:05,-43.193,885.803,883.758,590.332,1020.599,-42.328,0.183
02.12.2021 15:55:06,-43.103,885.192,883.392,591.094,1021.606,-42.305,0.161
02.12.2021 15:55:07,-43.002,886.108,884.368,592.071,1021.545,-42.180,0.155
02.12.2021 15:55:08,-42.907,885.955,884.429,592.987,1022.766,-42.154,0.136
02.12.2021 15:55:09,-42.796,886.657,885.040,595.916,1025.115,-41.960,0.144
02.12.2021 15:55:10,-42.696,887.207,885.894,596.801,1026.092,-41.921,0.117
02.12.2021 15:55:11,-42.605,888.763,887.237,598.480,1028.533,-41.889,0.136
02.12.2021 15:55:12,-42.500,888.793,887.237,599.700,1029.266,-41.791,0.138
02.12.2021 15:55:13,-42.399,889.709,888.214,601.196,1031.280,-41.751,0.133
02.12.2021 15:55:14,-42.304,890.594,889.251,602.325,1032.318,-41.687,0.119
02.12.2021 15:55:15,-42.193,890.716,889.373,603.942,1034.576,-41.651,0.119
02.12.2021 15:55:16,-42.098,891.510,889.953,604.919,1035.827,-41.621,0.138
02.12.2021 15:55:17,-42.000,892.089,891.021,607.299,1037.719,-41.465,0.094
02.12.2021 15:55:18,-41.897,892.578,891.021,607.696,1038.482,-41.472,0.138
02.12.2021 15:55:19,-41.801,894.012,892.608,610.015,1041.839,-41.429,0.124
02.12.2021 15:55:20,-41.701,893.707,892.425,610.565,1040.802,-41.289,0.113
02.12.2021 15:55:21,-41.595,894.683,893.158,611.602,1042.755,-41.302,0.135
02.12.2021 15:55:22,-41.505,894.836,893.493,613.372,1044.128,-41.185,0.119
02.12.2021 15:55:23,-41.392,895.446,894.531,614.898,1045.684,-41.112,0.081
02.12.2021 15:55:24,-41.294,894.927,893.646,615.661,1046.142,-41.052,0.113
02.12.2021 15:55:25,-41.196,896.270,895.141,617.431,1047.393,-40.929,0.099
02.12.2021 15:55:26,-41.098,897.186,895.660,618.988,1049.468,-40.889,0.134
02.12.2021 15:55:27,-41.005,898.193,896.240,620.300,1050.354,-40.794,0.172
02.12.2021 15:55:28,-40.904,897.857,897.033,620.971,1051.818,-40.818,0.072
02.12.2021 15:55:29,-40.794,899.078,897.369,622.711,1054.168,-40.776,0.150
02.12.2021 15:55:30,-40.698,898.315,897.338,624.145,1054.473,-40.627,0.086
02.12.2021 15:55:31,-40.595,899.169,897.979,624.908,1055.297,-40.594,0.104
02.12.2021 15:55:32,-40.495,901.184,900.085,626.892,1057.983,-40.548,0.096
02.12.2021 15:55:33,-40.407,903.320,901.672,629.028,1059.997,-40.437,0.144
02.12.2021 15:55:34,-40.304,902.313,900.878,629.058,1058.959,-40.361,0.126
02.12.2021 15:55:35,-40.196,902.404,900.604,630.249,1060.516,-40.329,0.158
02.12.2021 15:55:36,-40.108,902.709,901.946,631.439,1062.225,-40.309,0.067
02.12.2021 15:55:37,-39.992,904.449,902.404,633.178,1063.934,-40.224,0.179
02.12.2021 15:55:38,-39.892,904.632,903.411,634.735,1065.704,-40.165,0.106
02.12.2021 15:55:39,-39.794,905.090,903.961,636.047,1066.985,-40.101,0.098
02.12.2021 15:55:40,-39.698,905.914,904.022,636.993,1067.138,-40.002,0.165
02.12.2021 15:55:41,-39.595,906.219,904.754,638.549,1069.488,-39.984,0.128
02.12.2021 15:55:42,-39.492,906.280,905.334,639.434,1069.549,-39.885,0.082
02.12.2021 15:55:43,-39.397,906.982,905.639,640.899,1070.678,-39.794,0.117
02.12.2021 15:55:44,-39.294,908.050,906.951,642.333,1072.204,-39.733,0.095
02.12.2021 15:55:45,-39.193,908.935,908.142,643.768,1075.012,-39.762,0.069
02.12.2021 15:55:46,-39.105,910.186,909.301,645.141,1076.446,-39.703,0.077
02.12.2021 15:55:47,-38.995,910.735,909.515,646.331,1077.087,-39.610,0.106
02.12.2021 15:55:48,-38.897,911.499,910.308,647.247,1078.765,-39.621,0.103
02.12.2021 15:55:49,-38.796,911.010,909.973,648.590,1078.704,-39.462,0.090
02.12.2021 15:55:50,-38.698,911.682,911.316,649.566,1080.810,-39.495,0.031
02.12.2021 15:55:51,-38.595,912.719,912.139,651.000,1082.397,-39.441,0.050
02.12.2021 15:55:52,-38.492,914.428,913.848,653.503,1084.350,-39.289,0.050
02.12.2021 15:55:53,-38.394,914.886,913.452,653.411,1084.167,-39.287,0.124
02.12.2021 15:55:54,-38.294,913.848,912.536,653.900,1084.289,-39.240,0.113
02.12.2021 15:55:55,-38.196,914.276,913.696,655.151,1085.052,-39.150,0.050
02.12.2021 15:55:56,-38.100,914.794,913.421,655.761,1085.754,-39.129,0.119
02.12.2021 15:55:57,-38.000,915.374,914.672,657.318,1086.700,-39.017,0.060
02.12.2021 15:55:58,-37.892,916.625,915.496,658.660,1088.012,-38.955,0.097
02.12.2021 15:55:59,-37.796,917.022,916.809,660.583,1088.928,-38.801,0.018
02.12.2021 15:56:00,-37.696,917.541,916.839,660.614,1088.958,-38.800,0.060
02.12.2021 15:56:01,-37.598,917.846,916.686,661.590,1089.385,-38.719,0.100
02.12.2021 15:56:02,-37.497,917.907,916.870,662.689,1090.179,-38.649,0.089
02.12.2021 15:56:03,-37.394,917.266,917.572,663.574,1090.453,-38.569,-0.026
02.12.2021 15:56:04,-37.306,919.067,918.212,665.130,1091.522,-38.467,0.073
02.12.2021 15:56:05,-37.198,919.403,917.968,665.679,1091.613,-38.412,0.123
02.12.2021 15:56:06,-37.093,920.654,919.799,666.900,1092.010,-38.302,0.073
02.12.2021 15:56:07,-37.007,920.623,919.799,666.961,1093.536,-38.399,0.070
02.12.2021 15:56:08,-36.894,921.600,920.684,669.433,1093.566,-38.125,0.078
02.12.2021 15:56:09,-36.799,921.325,920.287,670.410,1092.773,-37.962,0.089
02.12.2021 15:56:10,-36.693,921.752,920.623,670.745,1093.841,-37.998,0.097
02.12.2021 15:56:11,-36.608,923.339,922.363,672.515,1095.459,-37.911,0.083
02.12.2021 15:56:12,-36.502,923.126,923.645,673.400,1095.733,-37.832,-0.044
02.12.2021 15:56:13,-36.394,925.353,924.652,674.316,1096.862,-37.807,0.060
02.12.2021 15:56:14,-36.304,924.713,924.133,676.147,1095.642,-37.521,0.049
02.12.2021 15:56:15,-36.203,924.163,923.858,675.476,1095.825,-37.608,0.026
02.12.2021 15:56:16,-36.103,923.980,924.224,677.093,1096.649,-37.486,-0.020
02.12.2021 15:56:17,-36.007,924.224,924.377,677.581,1095.489,-37.352,-0.013
02.12.2021 15:56:18,-35.902,924.743,924.346,678.039,1095.367,-37.294,0.034
02.12.2021 15:56:19,-35.809,926.239,925.933,679.321,1096.801,-37.250,0.026
02.12.2021 15:56:20,-35.698,927.520,926.666,680.480,1096.588,-37.108,0.073
02.12.2021 15:56:21,-35.605,928.131,926.727,681.518,1096.557,-36.992,0.119
02.12.2021 15:56:22,-35.500,927.673,927.795,682.250,1097.015,-36.942,-0.010
02.12.2021 15:56:23,-35.392,928.527,928.039,683.593,1097.137,-36.803,0.041
02.12.2021 15:56:24,-35.301,928.741,928.344,683.990,1096.496,-36.716,0.033
02.12.2021 15:56:25,-35.193,929.717,929.931,685.638,1099.060,-36.711,-0.018
02.12.2021 15:56:26,-35.098,930.755,931.152,686.218,1098.205,-36.589,-0.033
02.12.2021 15:56:27,-34.992,930.541,930.969,686.767,1097.625,-36.489,-0.036
02.12.2021 15:56:28,-34.899,931.396,931.304,687.286,1098.388,-36.485,0.007
02.12.2021 15:56:29,-34.794,932.373,932.098,689.239,1099.700,-36.361,0.023
02.12.2021 15:56:30,-34.701,931.640,932.220,688.873,1098.388,-36.312,-0.049
02.12.2021 15:56:31,-34.595,932.220,931.793,688.446,1097.228,-36.279,0.036
02.12.2021 15:56:32,-34.495,933.227,933.471,690.887,1098.358,-36.090,-0.020
02.12.2021 15:56:33,-34.397,934.936,935.119,692.321,1098.449,-35.941,-0.015
02.12.2021 15:56:34,-34.296,934.295,934.204,691.833,1097.991,-35.962,0.007
02.12.2021 15:56:35,-34.198,933.715,934.234,692.169,1097.625,-35.901,-0.044
02.12.2021 15:56:36,-34.095,934.814,935.028,693.176,1098.297,-35.838,-0.018
02.12.2021 15:56:37,-34.000,936.553,936.553,695.617,1100.250,-35.707,0.000
02.12.2021 15:56:38,-33.892,936.126,937.133,696.319,1099.884,-35.606,-0.085
02.12.2021 15:56:40,-33.799,936.401,936.096,695.587,1098.358,-35.581,0.025
02.12.2021 15:56:41,-33.703,936.736,935.974,696.990,1098.663,-35.450,0.064
02.12.2021 15:56:42,-33.593,936.706,937.469,697.174,1097.534,-35.353,-0.064
02.12.2021 15:56:43,-33.492,936.889,937.927,698.211,1099.395,-35.368,-0.087
02.12.2021 15:56:44,-33.394,937.866,938.354,699.218,1099.365,-35.258,-0.041
02.12.2021 15:56:45,-33.296,938.690,938.507,700.256,1099.304,-35.142,0.015
02.12.2021 15:56:46,-33.203,939.208,938.903,701.049,1100.311,-35.125,0.025
02.12.2021 15:56:47,-33.105,940.643,940.704,702.697,1101.013,-34.996,-0.005
02.12.2021 15:56:48,-32.992,940.124,940.154,703.277,1100.158,-34.876,-0.002
02.12.2021 15:56:49,-32.894,941.558,941.192,704.071,1101.501,-34.883,0.030
02.12.2021 15:56:50,-32.794,940.277,941.009,705.627,1101.623,-34.725,-0.061
02.12.2021 15:56:51,-32.696,942.657,942.840,706.176,1103.118,-34.768,-0.015
02.12.2021 15:56:52,-32.593,942.901,943.634,707.305,1103.057,-34.643,-0.061
02.12.2021 15:56:53,-32.500,943.420,943.328,707.305,1103.545,-34.677,0.007
02.12.2021 15:56:54,-32.407,943.573,943.603,708.129,1102.966,-34.549,-0.002
02.12.2021 15:56:55,-32.294,943.359,943.725,708.374,1101.928,-34.452,-0.030
02.12.2021 15:56:56,-32.206,943.054,943.786,709.503,1102.020,-34.338,-0.061
02.12.2021 15:56:57,-32.098,943.664,943.572,709.655,1102.081,-34.326,0.007
02.12.2021 15:56:58,-32.002,944.030,944.946,710.632,1103.729,-34.335,-0.076
02.12.2021 15:56:59,-31.904,945.404,945.526,711.547,1103.271,-34.207,-0.010
02.12.2021 15:57:00,-31.796,944.549,945.190,712.524,1103.118,-34.093,-0.053
02.12.2021 15:57:01,-31.693,945.922,945.770,713.409,1103.881,-34.051,0.012
02.12.2021 15:57:02,-31.605,945.129,944.976,713.500,1103.179,-33.993,0.012
02.12.2021 15:57:03,-31.507,944.366,945.251,713.897,1103.393,-33.966,-0.074
02.12.2021 15:57:04,-31.397,945.709,946.075,714.477,1103.302,-33.898,-0.030
02.12.2021 15:57:05,-31.296,946.441,947.540,715.698,1104.431,-33.846,-0.091
02.12.2021 15:57:06,-31.201,947.357,947.662,716.979,1104.400,-33.709,-0.025
02.12.2021 15:57:07,-31.098,946.685,947.601,717.895,1104.095,-33.592,-0.076
02.12.2021 15:57:08,-31.007,948.333,949.157,719.299,1104.858,-33.496,-0.068
02.12.2021 15:57:09,-30.904,947.967,947.998,719.696,1104.522,-33.431,-0.002
02.12.2021 15:57:10,-30.796,947.906,948.394,720.977,1104.522,-33.296,-0.040
02.12.2021 15:57:11,-30.693,947.509,948.364,721.435,1104.583,-33.253,-0.071
02.12.2021 15:57:12,-30.595,948.974,950.347,723.632,1106.445,-33.150,-0.114
02.12.2021 15:57:13,-30.497,949.096,949.401,723.175,1105.163,-33.110,-0.025
02.12.2021 15:57:14,-30.394,949.432,948.730,724.517,1105.529,-32.994,0.058
02.12.2021 15:57:15,-30.299,948.852,949.310,724.670,1104.827,-32.930,-0.038
02.12.2021 15:57:16,-30.193,947.723,949.035,725.585,1104.522,-32.814,-0.109
02.12.2021 15:57:17,-30.093,948.425,949.127,726.959,1104.156,-32.645,-0.058
02.12.2021 15:57:18,-29.997,948.394,948.882,727.935,1104.248,-32.549,-0.040
02.12.2021 15:57:19,-29.892,949.279,949.188,728.790,1104.553,-32.481,0.007
02.12.2021 15:57:20,-29.809,949.890,950.225,730.438,1103.698,-32.251,-0.027
02.12.2021 15:57:21,-29.701,951.202,951.141,731.414,1105.529,-32.276,0.005
02.12.2021 15:57:22,-29.595,950.988,950.836,733.001,1106.140,-32.153,0.012
02.12.2021 15:57:23,-29.495,950.317,951.049,734.039,1105.346,-31.991,-0.061
02.12.2021 15:57:24,-29.399,950.683,951.171,734.649,1106.506,-32.007,-0.040
02.12.2021 15:57:25,-29.299,951.476,952.514,737.091,1106.292,-31.740,-0.086
02.12.2021 15:57:26,-29.203,949.707,950.714,735.717,1104.644,-31.769,-0.083
02.12.2021 15:57:27,-29.093,951.629,952.636,738.677,1105.621,-31.531,-0.083
02.12.2021 15:57:28,-28.997,951.324,952.545,738.830,1105.316,-31.494,-0.101
02.12.2021 15:57:29,-28.897,950.927,951.721,739.898,1105.804,-31.417,-0.066
02.12.2021 15:57:30,-28.801,952.117,952.728,741.180,1106.018,-31.300,-0.050
02.12.2021 15:57:31,-28.696,951.721,953.155,742.889,1106.750,-31.175,-0.119
02.12.2021 15:57:32,-28.593,953.308,954.254,744.598,1107.574,-31.057,-0.078
02.12.2021 15:57:33,-28.492,952.423,953.674,745.391,1105.865,-30.858,-0.104
02.12.2021 15:57:34,-28.392,953.338,953.857,746.093,1106.079,-30.801,-0.043
02.12.2021 15:57:35,-28.294,953.430,953.369,746.887,1106.262,-30.733,0.005
02.12.2021 15:57:36,-28.193,952.331,953.460,747.955,1105.682,-30.584,-0.093
02.12.2021 15:57:37,-28.103,952.362,953.674,747.894,1105.346,-30.567,-0.109
02.12.2021 15:57:38,-27.992,952.880,954.193,750.366,1105.407,-30.319,-0.109
02.12.2021 15:57:39,-27.902,953.704,954.651,751.190,1106.628,-30.320,-0.078
02.12.2021 15:57:40,-27.796,954.650,955.474,753.173,1107.055,-30.148,-0.068
02.12.2021 15:57:41,-27.708,953.491,954.406,754.058,1103.485,-29.811,-0.076
02.12.2021 15:57:42,-27.603,953.582,954.193,754.425,1105.102,-29.886,-0.050
02.12.2021 15:57:43,-27.500,954.467,955.627,756.469,1106.079,-29.747,-0.096
02.12.2021 15:57:44,-27.402,954.528,955.108,757.202,1106.628,-29.711,-0.048
02.12.2021 15:57:45,-27.296,952.667,954.833,758.331,1106.323,-29.576,-0.180
02.12.2021 15:57:46,-27.193,954.559,955.200,759.948,1106.994,-29.459,-0.053
02.12.2021 15:57:47,-27.108,955.261,954.925,761.352,1106.353,-29.274,0.027
02.12.2021 15:57:48,-27.000,953.857,954.956,761.566,1105.285,-29.178,-0.091
02.12.2021 15:57:49,-26.902,954.132,954.651,762.481,1105.438,-29.097,-0.043
02.12.2021 15:57:50,-26.794,954.711,954.986,763.793,1106.994,-29.073,-0.022
02.12.2021 15:57:51,-26.693,954.711,955.658,765.106,1107.452,-28.973,-0.078
02.12.2021 15:57:52,-26.593,953.765,955.688,766.784,1107.452,-28.805,-0.159
02.12.2021 15:57:53,-26.497,954.528,955.413,767.211,1106.567,-28.701,-0.073
02.12.2021 15:57:54,-26.394,954.467,955.627,768.981,1106.811,-28.541,-0.096
02.12.2021 15:57:55,-26.299,954.986,955.718,769.287,1106.933,-28.519,-0.060
02.12.2021 15:57:56,-26.198,955.230,955.535,771.392,1107.788,-28.369,-0.025
02.12.2021 15:57:57,-26.103,955.596,955.810,772.460,1108.032,-28.280,-0.017
02.12.2021 15:57:58,-25.992,955.474,956.634,774.200,1108.032,-28.107,-0.096
02.12.2021 15:57:59,-25.892,956.451,957.275,775.665,1109.466,-28.061,-0.068
02.12.2021 15:58:00,-25.794,957.275,957.702,777.557,1108.306,-27.794,-0.035
02.12.2021 15:58:01,-25.701,957.916,958.251,777.679,1108.947,-27.826,-0.027
02.12.2021 15:58:02,-25.595,955.535,956.329,778.198,1108.367,-27.735,-0.065
02.12.2021 15:58:03,-25.492,956.512,957.488,780.487,1108.978,-27.552,-0.080
02.12.2021 15:58:04,-25.394,955.291,956.939,780.303,1107.666,-27.479,-0.136
02.12.2021 15:58:05,-25.294,956.848,957.458,782.897,1109.252,-27.334,-0.050
02.12.2021 15:58:06,-25.196,957.550,959.045,785.247,1110.137,-27.164,-0.123
02.12.2021 15:58:07,-25.095,957.336,958.221,785.400,1109.008,-27.071,-0.073
02.12.2021 15:58:08,-24.992,957.153,957.397,786.285,1108.551,-26.953,-0.020
02.12.2021 15:58:09,-24.892,957.244,958.068,787.414,1109.039,-26.876,-0.068
02.12.2021 15:58:10,-24.809,958.190,958.831,789.611,1109.710,-26.708,-0.052
02.12.2021 15:58:11,-24.696,957.733,959.137,791.656,1109.069,-26.465,-0.116
02.12.2021 15:58:12,-24.593,957.733,958.770,792.419,1109.253,-26.403,-0.085
02.12.2021 15:58:13,-24.495,957.611,958.923,793.487,1109.039,-26.285,-0.108
02.12.2021 15:58:14,-24.392,956.909,957.733,794.464,1107.330,-26.071,-0.068
02.12.2021 15:58:15,-24.301,956.634,957.458,795.715,1107.757,-25.979,-0.068
02.12.2021 15:58:16,-24.201,956.451,958.343,797.943,1109.130,-25.859,-0.156
02.12.2021 15:58:17,-24.095,957.977,958.953,799.621,1109.313,-25.710,-0.080
02.12.2021 15:58:18,-23.992,958.038,958.404,801.147,1109.710,-25.590,-0.030
02.12.2021 15:58:19,-23.904,958.984,959.686,803.375,1109.619,-25.370,-0.057
02.12.2021 15:58:20,-23.794,959.075,959.533,804.229,1108.154,-25.186,-0.037
02.12.2021 15:58:21,-23.706,958.312,959.350,805.328,1108.459,-25.101,-0.085
02.12.2021 15:58:22,-23.608,958.465,958.862,806.579,1108.673,-24.996,-0.032
02.12.2021 15:58:23,-23.492,957.977,959.228,807.952,1108.489,-24.852,-0.103
02.12.2021 15:58:25,-23.394,958.129,959.198,809.722,1108.947,-24.715,-0.088
02.12.2021 15:58:26,-23.294,958.160,959.899,811.889,1110.107,-24.589,-0.143
02.12.2021 15:58:27,-23.193,958.160,959.747,812.622,1108.093,-24.379,-0.131
02.12.2021 15:58:28,-23.103,959.136,959.716,813.964,1109.497,-24.349,-0.047
02.12.2021 15:58:29,-23.007,957.580,958.404,813.903,1107.269,-24.199,-0.068
02.12.2021 15:58:30,-22.897,958.251,959.747,816.192,1108.520,-24.069,-0.123
02.12.2021 15:58:31,-22.796,957.672,959.106,817.504,1107.849,-23.898,-0.118
02.12.2021 15:58:32,-22.708,958.984,959.167,819.030,1108.520,-23.801,-0.015
02.12.2021 15:58:33,-22.595,958.129,959.289,819.976,1107.269,-23.624,-0.095
02.12.2021 15:58:34,-22.495,958.526,959.350,821.197,1107.055,-23.494,-0.068
02.12.2021 15:58:35,-22.392,958.404,958.984,822.113,1106.750,-23.386,-0.047
02.12.2021 15:58:36,-22.294,958.038,959.503,824.310,1107.421,-23.226,-0.121
02.12.2021 15:58:37,-22.198,957.702,958.129,825.256,1106.964,-23.105,-0.035
02.12.2021 15:58:38,-22.095,957.855,959.289,826.934,1106.842,-22.939,-0.118
02.12.2021 15:58:39,-21.992,958.465,958.831,828.308,1106.170,-22.763,-0.030
02.12.2021 15:58:40,-21.892,957.916,959.442,829.711,1105.316,-22.571,-0.126
02.12.2021 15:58:41,-21.796,957.489,958.374,828.949,1103.668,-22.527,-0.073
02.12.2021 15:58:42,-21.698,957.733,958.191,831.268,1103.668,-22.310,-0.037
02.12.2021 15:58:43,-21.595,956.695,958.557,833.129,1102.905,-22.083,-0.154
02.12.2021 15:58:44,-21.495,957.214,958.557,834.136,1103.698,-22.045,-0.111
02.12.2021 15:58:45,-21.392,958.923,960.144,837.554,1104.858,-21.808,-0.100
02.12.2021 15:58:46,-21.299,957.153,958.923,837.219,1103.302,-21.730,-0.146
02.12.2021 15:58:47,-21.206,957.397,958.831,839.263,1102.508,-21.484,-0.118
02.12.2021 15:58:48,-21.095,957.275,958.251,840.026,1101.684,-21.355,-0.080
02.12.2021 15:58:49,-20.992,956.420,958.160,841.522,1101.379,-21.196,-0.143
02.12.2021 15:58:50,-20.894,957.122,958.526,842.956,1101.959,-21.104,-0.116
02.12.2021 15:58:51,-20.796,956.298,958.557,844.421,1101.440,-20.932,-0.186
02.12.2021 15:58:52,-20.693,956.542,958.496,845.703,1101.409,-20.812,-0.161
02.12.2021 15:58:53,-20.593,957.092,958.984,847.778,1101.226,-20.608,-0.156
02.12.2021 15:58:54,-20.492,956.817,958.068,848.297,1100.067,-20.478,-0.103
02.12.2021 15:58:55,-20.394,956.726,958.465,849.456,1100.829,-20.426,-0.143
02.12.2021 15:58:56,-20.296,956.848,958.831,851.654,1101.623,-20.281,-0.164
02.12.2021 15:58:57,-20.196,956.115,957.885,852.172,1099.304,-20.069,-0.146
02.12.2021 15:58:58,-20.093,956.573,958.068,853.637,1098.937,-19.909,-0.123
02.12.2021 15:58:59,-19.992,956.054,957.916,854.766,1098.876,-19.802,-0.154
02.12.2021 15:59:00,-19.892,956.237,958.007,856.841,1097.320,-19.502,-0.146
02.12.2021 15:59:01,-19.804,956.329,957.855,857.299,1097.229,-19.454,-0.126
02.12.2021 15:59:02,-19.698,955.383,956.939,857.482,1097.351,-19.446,-0.128
02.12.2021 15:59:03,-19.598,955.291,957.092,859.436,1096.740,-19.225,-0.149
02.12.2021 15:59:04,-19.497,955.474,957.641,860.534,1097.320,-19.166,-0.179
02.12.2021 15:59:05,-19.397,956.359,957.946,863.128,1097.991,-18.979,-0.131
02.12.2021 15:59:06,-19.294,955.474,956.695,863.250,1096.069,-18.831,-0.101
02.12.2021 15:59:07,-19.193,954.559,957.000,864.013,1095.489,-18.721,-0.202
02.12.2021 15:59:08,-19.095,955.474,956.725,864.837,1094.146,-18.550,-0.103
02.12.2021 15:59:09,-18.997,955.413,956.237,866.516,1094.787,-18.444,-0.068
02.12.2021 15:59:10,-18.894,954.528,956.603,867.645,1094.207,-18.301,-0.172
02.12.2021 15:59:11,-18.801,954.711,957.092,869.110,1093.139,-18.093,-0.197
02.12.2021 15:59:12,-18.698,954.559,956.695,870.086,1092.315,-17.946,-0.177
02.12.2021 15:59:13,-18.600,954.467,956.542,871.978,1091.461,-17.715,-0.172
02.12.2021 15:59:14,-18.492,954.284,956.085,871.948,1091.064,-17.689,-0.149
02.12.2021 15:59:15,-18.399,954.193,955.871,874.084,1090.209,-17.436,-0.139
02.12.2021 15:59:16,-18.304,954.376,956.359,875.183,1090.667,-17.371,-0.164
02.12.2021 15:59:17,-18.196,953.765,955.474,876.037,1089.599,-17.218,-0.141
02.12.2021 15:59:18,-18.095,953.552,956.298,877.929,1089.843,-17.066,-0.227
02.12.2021 15:59:19,-17.992,954.040,956.146,879.150,1088.897,-16.890,-0.174
02.12.2021 15:59:20,-17.892,952.880,954.925,879.455,1087.127,-16.735,-0.169
02.12.2021 15:59:21,-17.799,953.704,954.559,879.730,1086.486,-16.664,-0.070
02.12.2021 15:59:22,-17.693,952.087,954.559,880.584,1086.669,-16.601,-0.205
02.12.2021 15:59:23,-17.595,952.148,954.284,881.958,1085.968,-16.429,-0.177
02.12.2021 15:59:24,-17.500,952.941,954.071,883.270,1085.906,-16.308,-0.093
02.12.2021 15:59:25,-17.397,953.887,955.993,885.314,1087.310,-16.228,-0.174
02.12.2021 15:59:26,-17.301,952.636,954.345,885.589,1085.021,-16.038,-0.142
02.12.2021 15:59:27,-17.198,951.629,953.643,885.162,1083.404,-15.959,-0.167
02.12.2021 15:59:28,-17.093,952.179,953.857,886.474,1084.320,-15.909,-0.139
02.12.2021 15:59:29,-16.992,952.697,954.071,888.671,1084.381,-15.719,-0.114
02.12.2021 15:59:30,-16.894,951.751,954.254,889.221,1084.899,-15.708,-0.208
02.12.2021 15:59:31,-16.804,951.233,954.071,890.136,1084.686,-15.612,-0.236
02.12.2021 15:59:32,-16.698,951.629,953.704,890.777,1083.312,-15.456,-0.172
02.12.2021 15:59:33,-16.608,950.897,952.117,890.686,1082.641,-15.416,-0.101
02.12.2021 15:59:34,-16.495,950.317,951.385,890.716,1080.810,-15.280,-0.089
02.12.2021 15:59:35,-16.392,949.523,952.423,891.601,1081.268,-15.235,-0.241
02.12.2021 15:59:36,-16.294,949.249,951.019,892.028,1079.986,-15.104,-0.147
02.12.2021 15:59:37,-16.201,949.707,951.507,894.653,1079.010,-14.803,-0.150
02.12.2021 15:59:38,-16.100,948.974,950.591,893.554,1078.185,-14.839,-0.134
02.12.2021 15:59:39,-15.995,948.730,950.500,894.775,1078.674,-14.768,-0.147
02.12.2021 15:59:40,-15.899,949.584,950.927,896.392,1077.850,-14.566,-0.111
02.12.2021 15:59:41,-15.804,948.272,950.500,897.094,1077.514,-14.480,-0.185
02.12.2021 15:59:42,-15.698,949.188,950.744,898.864,1077.423,-14.318,-0.129
02.12.2021 15:59:43,-15.593,948.028,949.798,899.078,1076.354,-14.221,-0.147
02.12.2021 15:59:44,-15.492,947.662,949.310,899.658,1075.134,-14.082,-0.137
02.12.2021 15:59:45,-15.397,947.296,949.584,900.207,1074.401,-13.980,-0.191
02.12.2021 15:59:46,-15.296,946.960,949.188,901.672,1073.638,-13.796,-0.186
02.12.2021 15:59:47,-15.193,945.953,948.089,901.519,1072.052,-13.693,-0.178
02.12.2021 15:59:48,-15.095,946.411,948.333,903.839,1072.570,-13.529,-0.160
02.12.2021 15:59:49,-14.995,945.983,947.692,903.167,1070.983,-13.471,-0.143
02.12.2021 15:59:50,-14.894,946.533,947.662,906.066,1071.655,-13.268,-0.094
02.12.2021 15:59:51,-14.794,946.929,948.577,906.677,1070.373,-13.121,-0.137
02.12.2021 15:59:52,-14.693,945.861,947.418,907.318,1069.030,-12.967,-0.130
02.12.2021 15:59:53,-14.593,945.953,946.624,907.531,1066.833,-12.786,-0.056
02.12.2021 15:59:54,-14.495,944.519,945.953,907.104,1066.406,-12.792,-0.120
02.12.2021 15:59:55,-14.392,943.908,945.861,908.874,1065.796,-12.593,-0.163
02.12.2021 15:59:56,-14.296,944.610,946.411,910.156,1065.399,-12.453,-0.150
02.12.2021 15:59:57,-14.198,944.427,946.411,911.346,1064.788,-12.305,-0.166
02.12.2021 15:59:58,-14.093,943.603,945.373,911.743,1062.957,-12.135,-0.148
02.12.2021 15:59:59,-13.992,944.458,946.594,912.902,1063.568,-12.080,-0.179
02.12.2021 16:00:00,-13.894,942.901,944.366,912.719,1060.088,-11.838,-0.123
02.12.2021 16:00:01,-13.794,941.986,943.817,912.933,1060.150,-11.824,-0.153
02.12.2021 16:00:02,-13.693,943.084,944.763,914.825,1059.631,-11.622,-0.140
02.12.2021 16:00:03,-13.595,943.115,944.732,915.283,1060.119,-11.619,-0.135
02.12.2021 16:00:04,-13.492,943.115,944.915,916.687,1059.417,-11.446,-0.151
02.12.2021 16:00:05,-13.394,942.718,944.274,917.022,1058.532,-11.351,-0.130
02.12.2021 16:00:06,-13.296,941.742,943.695,917.297,1056.732,-11.194,-0.164
02.12.2021 16:00:07,-13.193,940.826,942.382,916.839,1055.938,-11.174,-0.130
02.12.2021 16:00:08,-13.095,941.009,942.871,918.304,1055.908,-11.046,-0.156
02.12.2021 16:00:10,-12.997,940.246,942.138,917.785,1054.596,-10.992,-0.159
02.12.2021 16:00:11,-12.892,941.406,943.298,919.921,1055.602,-10.884,-0.159
02.12.2021 16:00:12,-12.799,939.910,942.108,919.616,1053.710,-10.769,-0.185
02.12.2021 16:00:13,-12.693,940.826,942.138,920.318,1053.253,-10.674,-0.110
02.12.2021 16:00:14,-12.593,941.101,942.596,922.027,1052.429,-10.466,-0.125
02.12.2021 16:00:15,-12.492,939.239,940.277,920.623,1049.957,-10.401,-0.087
02.12.2021 16:00:16,-12.392,939.453,940.887,922.393,1050.018,-10.254,-0.120
02.12.2021 16:00:17,-12.294,938.629,939.941,921.752,1048.431,-10.189,-0.110
02.12.2021 16:00:18,-12.198,938.629,940.338,923.492,1048.797,-10.068,-0.144
02.12.2021 16:00:19,-12.103,938.537,940.063,923.919,1047.943,-9.967,-0.128
02.12.2021 16:00:20,-11.995,937.927,939.544,923.767,1046.081,-9.840,-0.136
02.12.2021 16:00:21,-11.894,936.737,937.683,922.943,1044.097,-9.761,-0.079
02.12.2021 16:00:22,-11.806,936.828,938.873,924.285,1045.013,-9.715,-0.172
02.12.2021 16:00:23,-11.693,936.614,938.110,924.804,1043.884,-9.585,-0.126
02.12.2021 16:00:24,-11.595,936.187,938.201,925.445,1043.121,-9.473,-0.170
02.12.2021 16:00:25,-11.495,935.852,937.927,924.957,1042.236,-9.448,-0.175
02.12.2021 16:00:26,-11.394,936.950,938.507,926.849,1043.243,-9.362,-0.131
02.12.2021 16:00:27,-11.294,936.096,937.500,926.055,1040.832,-9.247,-0.118
02.12.2021 16:00:28,-11.193,934.051,936.370,926.269,1039.977,-9.164,-0.196
02.12.2021 16:00:29,-11.093,934.203,935.913,926.452,1039.764,-9.133,-0.144
02.12.2021 16:00:30,-11.000,934.417,936.096,927.337,1039.581,-9.043,-0.142
02.12.2021 16:00:31,-10.907,934.966,936.309,927.764,1039.703,-9.016,-0.113
02.12.2021 16:00:32,-10.796,934.906,934.906,928.100,1039.337,-8.960,0.000
02.12.2021 16:00:33,-10.693,934.326,935.302,928.192,1038.055,-8.854,-0.082
02.12.2021 16:00:34,-10.593,933.624,934.966,927.337,1036.712,-8.825,-0.113
02.12.2021 16:00:35,-10.492,932.891,934.997,928.985,1037.384,-8.736,-0.178
02.12.2021 16:00:36,-10.394,933.044,933.838,929.290,1036.071,-8.610,-0.067
02.12.2021 16:00:37,-10.296,934.142,935.333,930.755,1037.445,-8.590,-0.100
02.12.2021 16:00:38,-10.193,933.380,935.058,930.664,1036.773,-8.547,-0.142
02.12.2021 16:00:39,-10.098,933.319,933.868,931.152,1035.797,-8.431,-0.046
02.12.2021 16:00:40,-9.992,932.678,933.441,931.610,1035.614,-8.378,-0.064
02.12.2021 16:00:41,-9.899,932.647,933.532,932.312,1036.071,-8.353,-0.075
02.12.2021 16:00:42,-9.794,931.518,933.135,931.366,1034.606,-8.322,-0.137
02.12.2021 16:00:43,-9.693,931.976,933.532,933.837,1035.095,-8.150,-0.132
02.12.2021 16:00:44,-9.600,933.197,933.807,934.387,1035.675,-8.147,-0.051
02.12.2021 16:00:45,-9.505,933.013,932.433,934.570,1034.423,-8.036,0.049
02.12.2021 16:00:46,-9.402,930.114,931.823,933.532,1031.189,-7.877,-0.145
02.12.2021 16:00:47,-9.304,931.182,932.067,934.020,1031.250,-7.840,-0.075
02.12.2021 16:00:48,-9.201,929.687,930.938,934.692,1029.876,-7.678,-0.106
02.12.2021 16:00:49,-9.093,929.412,930.847,934.600,1028.961,-7.615,-0.122
02.12.2021 16:00:50,-8.997,930.114,930.572,936.950,1028.930,-7.414,-0.039
02.12.2021 16:00:51,-8.899,929.901,930.847,937.713,1027.343,-7.228,-0.080
02.12.2021 16:00:52,-8.796,930.450,930.633,938.140,1028.167,-7.255,-0.015
02.12.2021 16:00:53,-8.693,929.412,930.450,938.140,1025.970,-7.086,-0.088
02.12.2021 16:00:54,-8.593,928.650,929.321,938.384,1024.719,-6.969,-0.057
02.12.2021 16:00:55,-8.507,929.107,929.504,939.636,1024.932,-6.880,-0.033
02.12.2021 16:00:56,-8.397,928.558,929.351,941.101,1024.322,-6.710,-0.067
02.12.2021 16:00:57,-8.296,928.314,929.168,940.917,1022.979,-6.622,-0.072
02.12.2021 16:00:58,-8.193,928.039,929.596,941.833,1022.827,-6.533,-0.132
02.12.2021 16:00:59,-8.095,926.727,928.161,941.284,1020.935,-6.433,-0.122
02.12.2021 16:01:00,-7.995,928.192,928.741,942.962,1020.965,-6.294,-0.046
02.12.2021 16:01:01,-7.892,927.795,928.955,943.176,1020.782,-6.262,-0.098
02.12.2021 16:01:02,-7.801,927.642,928.924,943.695,1020.355,-6.185,-0.109
02.12.2021 16:01:03,-7.696,927.398,927.856,943.878,1019.775,-6.125,-0.039
02.12.2021 16:01:04,-7.593,926.666,928.131,944.763,1019.500,-6.029,-0.125
02.12.2021 16:01:05,-7.497,926.391,927.001,945.221,1017.730,-5.854,-0.052
02.12.2021 16:01:06,-7.394,926.208,927.703,945.129,1017.517,-5.845,-0.127
02.12.2021 16:01:07,-7.301,927.001,926.879,945.342,1017.303,-5.810,0.010
02.12.2021 16:01:08,-7.206,925.628,926.452,945.892,1016.876,-5.731,-0.070
02.12.2021 16:01:09,-7.093,926.299,927.001,946.624,1016.326,-5.627,-0.060
02.12.2021 16:01:10,-6.992,925.903,925.750,947.052,1015.625,-5.537,0.013
02.12.2021 16:01:11,-6.892,926.727,927.490,948.211,1016.296,-5.492,-0.065
02.12.2021 16:01:12,-6.794,925.750,926.757,947.631,1015.228,-5.457,-0.086
02.12.2021 16:01:13,-6.693,925.872,926.361,948.211,1013.580,-5.280,-0.041
02.12.2021 16:01:14,-6.608,926.086,926.147,948.211,1013.580,-5.280,-0.005
02.12.2021 16:01:15,-6.492,925.140,926.330,948.669,1012.542,-5.161,-0.101
02.12.2021 16:01:16,-6.392,925.354,925.689,948.821,1011.718,-5.084,-0.028
02.12.2021 16:01:17,-6.294,925.292,925.720,950.225,1011.779,-4.971,-0.036
02.12.2021 16:01:18,-6.203,925.354,926.422,950.408,1010.772,-4.877,-0.091
02.12.2021 16:01:19,-6.108,925.933,926.422,951.324,1009.979,-4.739,-0.041
02.12.2021 16:01:20,-5.995,926.055,926.147,951.690,1010.009,-4.711,-0.007
02.12.2021 16:01:21,-5.892,924.743,925.506,951.416,1008.331,-4.602,-0.065
02.12.2021 16:01:22,-5.806,924.133,925.567,951.904,1008.789,-4.597,-0.122
02.12.2021 16:01:23,-5.706,925.323,925.659,952.300,1008.300,-4.526,-0.028
02.12.2021 16:01:24,-5.595,924.835,925.964,953.491,1007.629,-4.374,-0.096
02.12.2021 16:01:25,-5.495,924.835,925.262,953.857,1006.835,-4.282,-0.036
02.12.2021 16:01:26,-5.394,924.224,924.377,953.430,1005.004,-4.173,-0.013
02.12.2021 16:01:27,-5.296,923.950,924.163,953.430,1004.791,-4.156,-0.018
02.12.2021 16:01:28,-5.193,924.682,925.536,955.200,1005.523,-4.067,-0.073
02.12.2021 16:01:29,-5.093,923.339,924.102,954.437,1003.845,-3.998,-0.065
02.12.2021 16:01:30,-5.005,923.797,924.713,954.559,1004.302,-4.024,-0.078
02.12.2021 16:01:31,-4.894,925.018,925.811,956.329,1004.821,-3.918,-0.067
02.12.2021 16:01:32,-4.794,925.231,925.231,956.787,1003.723,-3.794,0.000
02.12.2021 16:01:33,-4.706,924.835,924.499,955.597,1001.983,-3.755,0.028
02.12.2021 16:01:34,-4.593,924.468,924.682,956.268,1002.349,-3.728,-0.018
02.12.2021 16:01:35,-4.495,924.346,924.774,956.573,1001.708,-3.652,-0.036
02.12.2021 16:01:36,-4.392,924.560,924.835,957.153,1001.739,-3.607,-0.023
02.12.2021 16:01:37,-4.299,923.614,924.560,956.909,1000.854,-3.557,-0.081
02.12.2021 16:01:38,-4.193,925.537,925.598,958.984,1002.380,-3.506,-0.005
02.12.2021 16:01:39,-4.098,924.560,925.170,958.587,1000.518,-3.391,-0.052
02.12.2021 16:01:40,-3.995,925.079,924.652,959.014,1000.244,-3.334,0.036
02.12.2021 16:01:41,-3.897,923.675,924.499,958.648,999.877,-3.336,-0.070
02.12.2021 16:01:42,-3.799,923.980,923.644,958.892,999.603,-3.294,0.028
02.12.2021 16:01:43,-3.696,924.713,925.048,960.693,999.969,-3.174,-0.028
02.12.2021 16:01:44,-3.598,924.407,924.865,959.777,999.969,-3.250,-0.039
02.12.2021 16:01:45,-3.492,924.499,924.163,960.693,999.114,-3.106,0.028
02.12.2021 16:01:46,-3.397,923.675,923.736,960.327,998.107,-3.057,-0.005
02.12.2021 16:01:47,-3.299,924.438,924.316,961.547,998.504,-2.988,0.010
02.12.2021 16:01:48,-3.196,923.950,923.370,962.921,998.596,-2.882,0.049
02.12.2021 16:01:49,-3.093,923.461,923.065,962.646,997.070,-2.783,0.034
02.12.2021 16:01:50,-2.997,923.553,923.645,964.325,997.680,-2.694,-0.007
02.12.2021 16:01:51,-2.894,923.492,923.339,963.806,996.002,-2.603,0.013
02.12.2021 16:01:52,-2.799,924.133,924.774,965.972,996.582,-2.471,-0.054
02.12.2021 16:01:53,-2.693,924.987,924.499,966.369,995.330,-2.339,0.041
02.12.2021 16:01:54,-2.595,923.370,923.675,966.705,993.957,-2.202,-0.026
02.12.2021 16:01:56,-2.502,923.278,923.950,967.468,994.567,-2.188,-0.057
02.12.2021 16:01:57,-2.394,924.713,924.194,969.177,994.293,-2.027,0.044
02.12.2021 16:01:58,-2.294,924.468,924.560,969.634,993.469,-1.924,-0.007
02.12.2021 16:01:59,-2.203,925.323,925.475,971.588,993.957,-1.803,-0.013
02.12.2021 16:02:00,-2.098,923.889,923.736,969.482,990.997,-1.739,0.013
02.12.2021 16:02:01,-1.992,925.567,923.950,970.947,991.149,-1.631,0.138
02.12.2021 16:02:02,-1.892,924.621,924.469,972.564,989.898,-1.399,0.013
02.12.2021 16:02:03,-1.804,924.377,923.705,972.137,990.081,-1.449,0.057
02.12.2021 16:02:04,-1.706,925.018,924.621,973.236,989.776,-1.335,0.033
02.12.2021 16:02:05,-1.595,925.537,925.048,974.426,989.654,-1.228,0.041
02.12.2021 16:02:06,-1.497,925.262,924.468,974.822,988.037,-1.066,0.067
02.12.2021 16:02:07,-1.402,925.384,925.048,974.823,988.220,-1.081,0.028
02.12.2021 16:02:08,-1.296,924.469,923.431,974.487,985.901,-0.922,0.088
02.12.2021 16:02:09,-1.193,924.438,924.682,975.585,986.663,-0.894,-0.020
02.12.2021 16:02:10,-1.093,925.292,925.170,977.203,986.785,-0.773,0.010
02.12.2021 16:02:11,-0.995,925.140,924.865,976.959,986.297,-0.753,0.023
02.12.2021 16:02:12,-0.892,926.605,925.445,978.271,985.809,-0.608,0.099
02.12.2021 16:02:13,-0.796,925.598,924.957,977.203,984.069,-0.554,0.054
02.12.2021 16:02:14,-0.693,925.262,924.224,977.508,983.123,-0.453,0.088
02.12.2021 16:02:15,-0.600,924.896,923.706,977.142,982.696,-0.449,0.102
02.12.2021 16:02:16,-0.495,925.567,924.408,978.912,983.093,-0.337,0.099
02.12.2021 16:02:17,-0.394,926.208,925.201,979.675,982.330,-0.214,0.086
02.12.2021 16:02:18,-0.296,925.689,924.957,980.041,981.658,-0.130,0.062
02.12.2021 16:02:19,-0.196,925.598,925.323,980.316,981.781,-0.118,0.023
02.12.2021 16:02:20,-0.098,927.093,925.842,982.147,981.872,0.022,0.106
02.12.2021 16:02:21,0.008,926.086,925.048,981.475,980.621,0.069,0.088
02.12.2021 16:02:22,0.108,925.354,924.926,981.750,980.132,0.130,0.036
02.12.2021 16:02:23,0.206,924.926,925.079,982.330,979.400,0.236,-0.013
02.12.2021 16:02:24,0.299,926.757,926.879,983.917,980.438,0.280,-0.010
02.12.2021 16:02:25,0.392,925.994,925.750,984.100,978.668,0.438,0.020
02.12.2021 16:02:26,0.498,927.215,926.696,985.259,979.339,0.477,0.044
02.12.2021 16:02:27,0.603,926.452,925.872,984.619,977.630,0.564,0.049
02.12.2021 16:02:28,0.704,926.269,926.178,985.046,977.325,0.623,0.007
02.12.2021 16:02:29,0.804,926.788,926.025,985.656,976.501,0.739,0.065
02.12.2021 16:02:30,0.900,926.605,926.910,986.480,976.867,0.775,-0.026
02.12.2021 16:02:31,1.005,927.490,927.642,987.274,976.257,0.889,-0.013
02.12.2021 16:02:32,1.093,927.551,927.307,988.311,975.585,1.026,0.020
02.12.2021 16:02:33,1.201,927.185,926.544,987.914,974.456,1.086,0.054
02.12.2021 16:02:34,1.302,927.551,927.124,987.976,973.968,1.131,0.036
02.12.2021 16:02:35,1.407,928.985,927.429,988.891,975.036,1.118,0.132
02.12.2021 16:02:36,1.505,927.612,926.849,987.792,973.815,1.129,0.065
02.12.2021 16:02:37,1.596,928.588,927.581,989.593,973.846,1.271,0.085
02.12.2021 16:02:38,1.699,928.985,928.619,990.386,974.853,1.252,0.031
02.12.2021 16:02:39,1.794,928.222,927.459,990.356,973.602,1.351,0.065
02.12.2021 16:02:40,1.897,928.344,927.337,990.386,972.869,1.414,0.086
02.12.2021 16:02:41,2.003,929.077,927.551,990.539,972.961,1.418,0.130
02.12.2021 16:02:42,2.096,928.222,927.581,991.760,972.686,1.538,0.054
02.12.2021 16:02:43,2.199,928.131,927.185,991.058,972.442,1.502,0.080
02.12.2021 16:02:44,2.299,928.924,929.015,993.286,973.693,1.578,-0.007
02.12.2021 16:02:45,2.402,929.565,928.955,993.804,973.480,1.637,0.052
02.12.2021 16:02:46,2.505,928.985,928.466,993.499,971.618,1.764,0.044
02.12.2021 16:02:47,2.606,930.419,929.473,994.964,972.564,1.804,0.080
02.12.2021 16:02:48,2.694,931.366,929.748,995.300,972.869,1.806,0.137
02.12.2021 16:02:49,2.804,930.114,929.290,995.300,972.259,1.855,0.070
02.12.2021 16:02:50,2.907,930.633,929.443,996.276,971.404,2.003,0.101
02.12.2021 16:02:51,2.998,931.640,931.182,998.046,972.595,2.046,0.038
02.12.2021 16:02:52,3.106,931.976,930.450,998.748,972.015,2.149,0.129
02.12.2021 16:02:53,3.196,931.579,930.145,998.230,971.496,2.150,0.122
02.12.2021 16:02:54,3.307,931.945,930.023,998.992,970.581,2.286,0.163
02.12.2021 16:02:55,3.392,932.830,931.457,1001.190,971.771,2.363,0.116
02.12.2021 16:02:56,3.508,932.586,931.152,1002.380,971.191,2.504,0.121
02.12.2021 16:02:57,3.608,932.952,931.427,1003.295,971.099,2.584,0.129
02.12.2021 16:02:58,3.701,933.044,931.091,1003.723,970.703,2.650,0.166
02.12.2021 16:02:59,3.794,932.800,931.823,1004.424,970.489,2.723,0.083
02.12.2021 16:03:00,3.907,933.380,931.549,1005.035,969.207,2.875,0.155
02.12.2021 16:03:01,4.005,934.265,932.983,1007.019,968.841,3.062,0.108
02.12.2021 16:03:02,4.108,934.417,932.769,1007.354,968.658,3.103,0.139
02.12.2021 16:03:03,4.201,934.295,932.525,1008.331,967.529,3.272,0.150
02.12.2021 16:03:04,4.304,934.265,932.678,1009.002,966.918,3.375,0.134
02.12.2021 16:03:05,4.407,936.157,934.021,1011.321,968.231,3.449,0.181
02.12.2021 16:03:06,4.508,936.065,933.685,1011.322,966.918,3.557,0.201
02.12.2021 16:03:07,4.603,936.370,934.356,1012.145,965.942,3.701,0.170
02.12.2021 16:03:08,4.701,935.455,933.807,1012.603,965.820,3.747,0.139
02.12.2021 16:03:09,4.807,935.577,933.044,1013.122,964.264,3.915,0.214
02.12.2021 16:03:10,4.907,936.035,934.905,1014.953,964.630,4.028,0.095
02.12.2021 16:03:11,5.003,936.584,934.600,1015.502,964.721,4.064,0.168
02.12.2021 16:03:12,5.106,936.645,935.455,1016.723,964.050,4.214,0.100
02.12.2021 16:03:13,5.201,937.042,935.058,1015.991,963.256,4.222,0.167
02.12.2021 16:03:14,5.302,937.438,935.882,1016.784,962.738,4.326,0.131
02.12.2021 16:03:15,5.405,938.598,936.615,1018.524,963.439,4.404,0.167
02.12.2021 16:03:16,5.500,937.377,935.180,1017.486,961.914,4.449,0.185
02.12.2021 16:03:17,5.603,938.049,936.492,1019.439,962.280,4.571,0.131
02.12.2021 16:03:18,5.706,938.354,936.035,1019.470,961.639,4.626,0.196
02.12.2021 16:03:19,5.799,938.568,936.798,1020.049,961.639,4.671,0.149
02.12.2021 16:03:20,5.902,939.056,936.675,1021.026,960.876,4.809,0.201
02.12.2021 16:03:21,6.003,939.575,936.706,1021.728,960.052,4.932,0.242
02.12.2021 16:03:22,6.108,939.910,937.744,1022.521,960.784,4.933,0.182
02.12.2021 16:03:23,6.204,939.544,937.530,1023.101,959.777,5.061,0.170
02.12.2021 16:03:24,6.302,940.246,937.927,1023.376,959.625,5.094,0.195
02.12.2021 16:03:25,6.400,941.009,938.598,1025.421,959.899,5.230,0.203
02.12.2021 16:03:26,6.508,941.192,938.568,1025.909,958.740,5.363,0.221
02.12.2021 16:03:27,6.603,942.504,939.819,1026.733,958.679,5.432,0.226
02.12.2021 16:03:28,6.706,941.406,939.300,1026.672,956.787,5.583,0.177
02.12.2021 16:03:29,6.804,942.474,940.185,1027.526,956.726,5.654,0.192
02.12.2021 16:03:30,6.907,942.779,939.819,1028.564,957.000,5.711,0.249
02.12.2021 16:03:31,7.005,944.030,942.260,1030.761,956.817,5.895,0.148
02.12.2021 16:03:32,7.106,943.115,939.819,1029.571,954.406,6.004,0.277
02.12.2021 16:03:33,7.206,944.061,941.101,1031.463,955.535,6.055,0.248
02.12.2021 16:03:34,7.307,945.739,942.077,1032.714,956.268,6.091,0.307
02.12.2021 16:03:35,7.402,945.739,942.565,1033.599,955.627,6.211,0.266
02.12.2021 16:03:36,7.508,945.434,941.833,1033.874,954.742,6.306,0.302
02.12.2021 16:03:37,7.608,944.854,942.291,1034.393,954.071,6.401,0.215
02.12.2021 16:03:38,7.699,944.946,942.108,1034.637,953.063,6.503,0.238
02.12.2021 16:03:39,7.804,945.953,942.962,1036.193,953.277,6.604,0.250
02.12.2021 16:03:40,7.907,946.655,943.969,1036.499,952.056,6.729,0.225
02.12.2021 16:03:42,8.005,945.831,942.871,1036.407,951.324,6.783,0.248
02.12.2021 16:03:43,8.108,946.350,943.756,1036.712,951.355,6.804,0.217
02.12.2021 16:03:44,8.204,946.899,943.756,1038.055,951.293,6.911,0.263
02.12.2021 16:03:45,8.302,947.265,943.481,1037.933,950.073,7.003,0.317
02.12.2021 16:03:46,8.392,949.279,945.068,1040.039,951.629,7.034,0.352
02.12.2021 16:03:47,8.508,948.394,945.037,1040.252,950.897,7.111,0.280
02.12.2021 16:03:48,8.606,950.134,946.228,1041.961,950.286,7.292,0.326
02.12.2021 16:03:49,8.706,949.584,945.434,1041.076,949.310,7.306,0.347
02.12.2021 16:03:50,8.807,949.157,945.739,1041.625,949.890,7.300,0.285
02.12.2021 16:03:51,8.907,949.157,946.105,1042.419,948.852,7.446,0.255
02.12.2021 16:03:52,9.008,950.317,946.594,1043.731,949.005,7.533,0.311
02.12.2021 16:03:53,9.103,951.538,947.570,1045.379,949.157,7.645,0.331
02.12.2021 16:03:54,9.201,952.575,948.730,1047.210,949.859,7.725,0.320
02.12.2021 16:03:55,9.304,952.056,947.662,1046.661,947.387,7.889,0.366
02.12.2021 16:03:56,9.405,951.629,948.883,1046.936,947.784,7.877,0.229
02.12.2021 16:03:57,9.505,951.965,948.272,1047.790,947.418,7.972,0.307
02.12.2021 16:03:58,9.601,951.812,948.760,1048.858,946.716,8.111,0.254
02.12.2021 16:03:59,9.699,953.185,949.493,1050.537,946.929,8.220,0.307
02.12.2021 16:04:00,9.802,953.582,950.470,1051.330,946.655,8.302,0.259
02.12.2021 16:04:01,9.902,952.941,948.852,1050.842,944.427,8.452,0.340
02.12.2021 16:04:02,10.003,953.521,949.432,1051.300,942.840,8.619,0.340
02.12.2021 16:04:03,10.108,954.223,950.286,1053.588,943.756,8.714,0.327
02.12.2021 16:04:04,10.204,955.261,951.049,1055.053,944.091,8.796,0.350
02.12.2021 16:04:05,10.302,954.772,950.775,1054.992,943.359,8.853,0.332
02.12.2021 16:04:06,10.407,957.061,952.545,1058.410,943.267,9.116,0.374
02.12.2021 16:04:07,10.505,956.665,952.270,1058.044,942.596,9.145,0.364
02.12.2021 16:04:08,10.601,957.092,952.484,1059.143,941.131,9.349,0.382
02.12.2021 16:04:09,10.699,956.024,951.477,1057.983,938.995,9.442,0.377
02.12.2021 16:04:10,10.804,957.214,952.636,1060.424,939.941,9.545,0.379
02.12.2021 16:04:11,10.900,956.939,952.117,1061.187,939.117,9.671,0.400
02.12.2021 16:04:12,10.995,958.160,953.521,1062.866,939.727,9.744,0.384
02.12.2021 16:04:13,11.096,958.801,954.132,1063.201,938.873,9.841,0.386
02.12.2021 16:04:14,11.194,959.075,954.772,1064.239,938.201,9.974,0.356
02.12.2021 16:04:15,11.297,959.350,953.613,1065.246,936.126,10.224,0.475
02.12.2021 16:04:16,11.395,958.526,953.765,1064.636,935.089,10.266,0.394
02.12.2021 16:04:17,11.500,959.716,954.528,1066.802,935.973,10.352,0.429
02.12.2021 16:04:18,11.601,960.113,955.047,1067.749,934.753,10.525,0.419
02.12.2021 16:04:19,11.701,960.174,956.481,1069.671,935.058,10.641,0.305
02.12.2021 16:04:20,11.799,960.693,954.956,1068.603,932.861,10.748,0.474
02.12.2021 16:04:21,11.895,962.097,957.336,1070.648,933.532,10.842,0.393
02.12.2021 16:04:22,11.998,963.317,957.336,1071.960,932.556,11.021,0.493
02.12.2021 16:04:23,12.103,962.310,957.122,1072.326,931.701,11.120,0.428
02.12.2021 16:04:24,12.191,963.043,958.129,1073.547,931.793,11.202,0.405
02.12.2021 16:04:25,12.302,963.195,958.465,1074.218,930.084,11.396,0.390
02.12.2021 16:04:26,12.392,964.325,958.465,1074.981,929.717,11.483,0.482
02.12.2021 16:04:27,12.508,965.332,959.961,1076.812,929.870,11.604,0.442
02.12.2021 16:04:28,12.596,965.545,960.143,1076.721,928.650,11.701,0.444
02.12.2021 16:04:29,12.696,965.301,959.808,1076.721,927.215,11.823,0.452
02.12.2021 16:04:30,12.797,965.240,959.533,1077.758,925.384,12.055,0.469
02.12.2021 16:04:31,12.905,966.094,959.686,1079.101,925.964,12.103,0.527
02.12.2021 16:04:32,13.000,965.545,959.594,1078.552,924.438,12.193,0.489
02.12.2021 16:04:33,13.108,965.911,959.716,1080.169,923.248,12.413,0.509
02.12.2021 16:04:34,13.201,967.590,960.418,1081.939,923.523,12.518,0.589
02.12.2021 16:04:35,13.307,966.735,960.723,1081.848,921.417,12.691,0.494
02.12.2021 16:04:36,13.405,967.498,961.334,1083.007,921.600,12.760,0.506
02.12.2021 16:04:37,13.495,966.827,961.242,1083.160,920.104,12.899,0.459
02.12.2021 16:04:38,13.596,966.705,961.456,1084.106,919.403,13.028,0.431
02.12.2021 16:04:39,13.704,968.719,962.554,1086.120,919.891,13.132,0.505
02.12.2021 16:04:40,13.802,969.207,963.928,1087.493,919.036,13.304,0.432
02.12.2021 16:04:41,13.900,968.933,962.371,1086.334,916.046,13.477,0.538
02.12.2021 16:04:42,14.000,968.902,963.134,1087.219,915.771,13.565,0.473
02.12.2021 16:04:43,14.103,967.803,961.486,1086.517,914.245,13.645,0.518
02.12.2021 16:04:44,14.199,968.963,962.890,1087.921,914.123,13.757,0.498
02.12.2021 16:04:45,14.297,968.322,962.249,1087.982,912.780,13.877,0.498
02.12.2021 16:04:46,14.402,969.390,963.104,1089.874,912.353,14.050,0.515
02.12.2021 16:04:47,14.505,970.855,964.813,1091.613,912.689,14.147,0.494
02.12.2021 16:04:48,14.606,972.198,964.721,1091.979,911.041,14.315,0.611
02.12.2021 16:04:49,14.704,970.458,964.172,1090.728,909.393,14.368,0.514
02.12.2021 16:04:50,14.802,970.397,962.768,1090.972,908.233,14.485,0.625
02.12.2021 16:04:51,14.902,970.855,963.806,1092.620,907.958,14.628,0.577
02.12.2021 16:04:52,14.995,971.191,964.507,1093.170,907.653,14.694,0.547
02.12.2021 16:04:53,15.103,970.123,963.226,1092.132,905.212,14.831,0.565
02.12.2021 16:04:54,15.201,971.710,965.576,1094.268,905.425,14.966,0.501
02.12.2021 16:04:55,15.302,972.320,965.637,1093.994,904.754,15.004,0.546
02.12.2021 16:04:56,15.405,972.564,966.339,1095.458,904.541,15.128,0.508
02.12.2021 16:04:57,15.505,972.167,964.721,1095.550,903.015,15.267,0.609
02.12.2021 16:04:58,15.606,973.327,966.003,1097.564,903.167,15.398,0.598
02.12.2021 16:04:59,15.701,972.961,966.064,1097.717,902.038,15.507,0.563
02.12.2021 16:05:00,15.807,973.999,966.918,1099.304,901.306,15.684,0.578
02.12.2021 16:05:01,15.905,973.846,966.735,1099.639,900.176,15.806,0.580
02.12.2021 16:05:02,16.005,974.365,967.010,1100.097,898.376,15.996,0.600
02.12.2021 16:05:03,16.106,975.128,967.620,1102.661,898.437,16.173,0.612
02.12.2021 16:05:04,16.204,975.189,967.651,1102.416,897.552,16.233,0.614
02.12.2021 16:05:05,16.302,974.700,967.132,1103.302,896.240,16.411,0.617
02.12.2021 16:05:06,16.402,975.799,968.719,1104.278,895.385,16.555,0.577
02.12.2021 16:05:07,16.500,977.050,968.994,1107.177,895.568,16.744,0.656
02.12.2021 16:05:08,16.603,976.104,968.749,1106.018,893.035,16.884,0.599
02.12.2021 16:05:09,16.701,975.921,966.827,1105.743,891.326,17.015,0.741
02.12.2021 16:05:10,16.804,975.219,967.773,1106.079,890.991,17.068,0.607
02.12.2021 16:05:11,16.902,975.433,967.163,1107.086,888.793,17.333,0.674
02.12.2021 16:05:12,17.008,975.799,968.566,1108.367,888.366,17.461,0.589
02.12.2021 16:05:13,17.108,976.318,969.207,1109.069,887.176,17.615,0.579
02.12.2021 16:05:14,17.204,976.440,968.017,1109.893,884.551,17.905,0.686
02.12.2021 16:05:15,17.304,976.715,969.543,1110.076,884.460,17.926,0.583
02.12.2021 16:05:16,17.407,976.409,968.536,1112.060,883.270,18.171,0.641
02.12.2021 16:05:17,17.505,975.585,967.956,1110.992,881.072,18.291,0.622
02.12.2021 16:05:18,17.606,977.081,968.597,1112.701,880.218,18.487,0.691
02.12.2021 16:05:19,17.706,976.287,968.231,1113.342,878.631,18.673,0.656
02.12.2021 16:05:20,17.802,977.599,969.512,1114.379,878.540,18.754,0.658
02.12.2021 16:05:21,17.897,976.745,969.055,1114.288,875.457,19.022,0.626
02.12.2021 16:05:22,18.003,976.318,968.078,1113.159,874.084,19.065,0.671
02.12.2021 16:05:23,18.103,976.074,967.834,1114.684,872.131,19.347,0.671
02.12.2021 16:05:24,18.204,976.165,968.750,1115.325,872.558,19.353,0.604
02.12.2021 16:05:25,18.299,977.325,968.841,1116.302,870.208,19.632,0.690
02.12.2021 16:05:27,18.405,976.318,968.750,1115.661,868.957,19.700,0.616
02.12.2021 16:05:28,18.503,977.081,969.024,1117.523,867.736,19.939,0.656
02.12.2021 16:05:29,18.606,977.539,969.024,1117.919,866.271,20.099,0.693
02.12.2021 16:05:30,18.706,977.294,968.322,1117.126,864.990,20.159,0.730
02.12.2021 16:05:31,18.804,976.074,967.865,1116.790,864.044,20.221,0.669
02.12.2021 16:05:32,18.897,976.776,968.231,1117.584,862.701,20.397,0.696
02.12.2021 16:05:33,19.000,976.867,968.109,1118.224,861.480,20.552,0.713
02.12.2021 16:05:34,19.101,976.959,968.444,1119.110,859.283,20.813,0.693
02.12.2021 16:05:35,19.204,977.355,968.780,1118.804,858.306,20.880,0.698
02.12.2021 16:05:36,19.307,978.332,968.994,1120.422,857.208,21.092,0.759
02.12.2021 16:05:37,19.407,977.722,969.024,1120.422,856.964,21.115,0.708
02.12.2021 16:05:38,19.503,977.172,968.597,1120.941,854.125,21.409,0.698
02.12.2021 16:05:39,19.593,977.905,969.421,1120.727,853.942,21.410,0.690
02.12.2021 16:05:40,19.704,977.966,969.665,1122.344,852.539,21.651,0.675
02.12.2021 16:05:41,19.797,977.050,969.268,1122.314,851.226,21.768,0.633
02.12.2021 16:05:42,19.900,977.569,968.841,1120.880,848.785,21.892,0.710
02.12.2021 16:05:43,20.005,976.532,967.224,1121.032,847.442,22.026,0.758
02.12.2021 16:05:44,20.106,975.890,967.437,1121.124,846.069,22.158,0.689
02.12.2021 16:05:45,20.204,976.562,968.078,1121.337,845.642,22.212,0.691
02.12.2021 16:05:46,20.304,977.172,968.536,1123.016,844.360,22.446,0.703
02.12.2021 16:05:47,20.405,976.959,967.925,1121.795,843.200,22.468,0.736
02.12.2021 16:05:48,20.498,977.111,967.742,1122.467,841.857,22.639,0.763
02.12.2021 16:05:49,20.601,975.616,966.766,1121.124,840.209,22.698,0.722
02.12.2021 16:05:50,20.701,975.769,966.644,1121.948,838.592,22.904,0.744
02.12.2021 16:05:51,20.802,974.762,966.064,1121.093,837.676,22.930,0.710
02.12.2021 16:05:52,20.902,975.158,966.339,1121.948,837.036,23.048,0.719
02.12.2021 16:05:53,21.000,974.853,966.339,1122.253,835.632,23.200,0.695
02.12.2021 16:05:54,21.101,975.463,966.766,1122.924,835.479,23.260,0.709
02.12.2021 16:05:55,21.196,975.586,966.156,1123.077,833.831,23.424,0.769
02.12.2021 16:05:56,21.302,975.555,966.308,1122.894,832.611,23.525,0.754
02.12.2021 16:05:57,21.400,975.860,966.796,1124.450,832.427,23.649,0.739
02.12.2021 16:05:58,21.508,974.761,965.545,1123.229,829.711,23.818,0.752
02.12.2021 16:05:59,21.601,974.212,965.026,1122.009,828.613,23.836,0.750
02.12.2021 16:06:00,21.699,974.212,964.843,1123.168,827.697,24.002,0.765
02.12.2021 16:06:01,21.802,974.853,964.996,1123.901,826.232,24.190,0.805
02.12.2021 16:06:02,21.892,973.571,963.989,1123.016,824.523,24.289,0.783
02.12.2021 16:06:03,21.995,974.578,964.813,1123.657,824.279,24.356,0.797
02.12.2021 16:06:04,22.093,973.175,963.226,1123.565,822.418,24.525,0.814
02.12.2021 16:06:05,22.194,974.090,964.355,1125.213,821.899,24.687,0.795
02.12.2021 16:06:06,22.292,973.510,964.202,1124.694,820.159,24.815,0.761
02.12.2021 16:06:07,22.395,973.236,964.172,1125.518,819.396,24.943,0.741
02.12.2021 16:06:08,22.500,973.724,964.202,1125.213,817.352,25.115,0.778
02.12.2021 16:06:09,22.601,972.778,962.982,1124.847,815.887,25.229,0.801
02.12.2021 16:06:10,22.694,971.588,961.883,1123.779,813.995,25.335,0.795
02.12.2021 16:06:11,22.797,973.358,962.890,1126.129,813.842,25.511,0.856
02.12.2021 16:06:12,22.895,972.351,962.371,1125.030,811.920,25.618,0.817
02.12.2021 16:06:13,23.000,973.663,962.707,1126.800,812.011,25.730,0.896
02.12.2021 16:06:14,23.103,972.350,961.883,1126.312,809.326,25.952,0.857
02.12.2021 16:06:15,23.201,972.320,961.181,1125.915,808.349,26.018,0.912
02.12.2021 16:06:16,23.299,971.954,961.700,1125.701,806.610,26.170,0.840
02.12.2021 16:06:17,23.402,971.557,960.754,1127.197,806.182,26.313,0.886
02.12.2021 16:06:18,23.498,971.832,961.761,1127.197,805.419,26.386,0.825
02.12.2021 16:06:19,23.593,972.137,962.005,1128.326,804.290,26.571,0.830
02.12.2021 16:06:20,23.694,972.381,962.524,1128.906,803.314,26.704,0.807
02.12.2021 16:06:21,23.797,972.137,961.273,1129.058,802.642,26.779,0.890
02.12.2021 16:06:22,23.897,971.649,961.883,1128.326,800.811,26.905,0.800
02.12.2021 16:06:23,23.995,970.367,960.144,1128.509,799.591,27.035,0.839
02.12.2021 16:06:24,24.106,969.207,959.625,1127.594,797.821,27.143,0.787
02.12.2021 16:06:25,24.196,969.451,959.015,1127.807,796.569,27.278,0.857
02.12.2021 16:06:26,24.302,969.909,959.686,1128.845,796.264,27.378,0.839
02.12.2021 16:06:27,24.402,969.787,958.679,1128.051,794.677,27.477,0.912
02.12.2021 16:06:28,24.498,970.245,959.564,1128.662,793.029,27.679,0.877
02.12.2021 16:06:29,24.606,968.750,958.404,1127.441,791.748,27.720,0.850
02.12.2021 16:06:30,24.699,968.719,958.129,1128.357,791.015,27.853,0.870
02.12.2021 16:06:31,24.807,968.231,957.549,1128.112,789.245,28.008,0.878
02.12.2021 16:06:32,24.902,968.627,958.191,1129.211,789.215,28.086,0.858
02.12.2021 16:06:33,25.000,968.353,958.160,1128.204,788.024,28.133,0.838
02.12.2021 16:06:34,25.101,968.353,958.496,1129.211,786.682,28.333,0.810
02.12.2021 16:06:35,25.201,968.231,958.068,1128.417,785.064,28.437,0.836
02.12.2021 16:06:36,25.302,966.796,956.237,1127.136,783.416,28.511,0.870
02.12.2021 16:06:37,25.400,966.949,956.573,1127.044,783.203,28.525,0.854
02.12.2021 16:06:38,25.500,967.132,956.756,1128.478,782.257,28.716,0.854
02.12.2021 16:06:39,25.601,966.583,956.817,1127.655,780.670,28.815,0.804
02.12.2021 16:06:40,25.699,967.865,956.939,1130.035,780.426,29.001,0.899
02.12.2021 16:06:41,25.797,967.254,956.970,1127.716,779.052,28.978,0.847
02.12.2021 16:06:42,25.895,966.827,956.268,1128.845,777.832,29.175,0.870
02.12.2021 16:06:43,26.000,965.789,955.230,1126.952,776.977,29.131,0.871
02.12.2021 16:06:44,26.101,964.538,954.956,1127.319,775.604,29.291,0.791
02.12.2021 16:06:45,26.196,964.294,954.376,1125.610,774.719,29.262,0.819
02.12.2021 16:06:46,26.294,964.263,954.009,1125.976,773.071,29.450,0.847
02.12.2021 16:06:47,26.400,965.423,955.413,1127.410,773.864,29.469,0.825
02.12.2021 16:06:48,26.500,963.928,953.765,1125.427,771.057,29.612,0.839
02.12.2021 16:06:49,26.601,964.660,954.010,1125.823,771.057,29.639,0.879
02.12.2021 16:06:50,26.701,963.562,953.643,1126.037,770.355,29.723,0.819
02.12.2021 16:06:51,26.802,963.470,954.009,1125.671,769.927,29.741,0.781
02.12.2021 16:06:52,26.902,963.409,953.277,1126.464,769.348,29.852,0.837
02.12.2021 16:06:53,27.005,961.974,951.873,1124.481,767.761,29.875,0.836
02.12.2021 16:06:54,27.106,962.860,952.270,1125.427,767.944,29.921,0.876
02.12.2021 16:06:55,27.204,962.127,951.995,1124.877,766.510,30.027,0.838
02.12.2021 16:06:56,27.294,962.585,951.934,1126.007,765.747,30.180,0.881
02.12.2021 16:06:57,27.392,960.815,950.744,1123.809,764.770,30.128,0.834
02.12.2021 16:06:58,27.505,961.273,950.591,1124.969,764.587,30.225,0.885
02.12.2021 16:06:59,27.608,961.212,950.408,1124.877,763.031,30.374,0.895
02.12.2021 16:07:00,27.699,960.479,950.500,1124.389,763.214,30.323,0.827
02.12.2021 16:07:01,27.799,960.052,949.279,1123.840,761.077,30.500,0.894
02.12.2021 16:07:02,27.892,958.984,947.936,1122.039,759.948,30.490,0.918
02.12.2021 16:07:03,27.998,959.686,948.272,1124.145,759.796,30.649,0.948
02.12.2021 16:07:04,28.106,958.404,948.150,1124.053,759.124,30.710,0.852
02.12.2021 16:07:05,28.201,958.709,947.631,1124.237,758.148,30.821,0.920
02.12.2021 16:07:06,28.304,958.557,947.601,1124.664,757.141,30.951,0.910
02.12.2021 16:07:07,28.407,958.740,948.425,1125.488,756.927,31.028,0.857
02.12.2021 16:07:08,28.508,959.075,947.570,1125.152,755.462,31.153,0.956
02.12.2021 16:07:09,28.608,958.068,946.960,1125.030,754.455,31.246,0.924
02.12.2021 16:07:10,28.696,957.183,946.991,1125.610,754.028,31.329,0.848
02.12.2021 16:07:11,28.804,957.458,947.448,1126.342,753.692,31.412,0.832
02.12.2021 16:07:13,28.900,958.251,947.326,1126.312,753.204,31.460,0.908
02.12.2021 16:07:14,29.003,956.390,946.075,1125.427,750.976,31.625,0.859
02.12.2021 16:07:15,29.108,957.153,946.899,1127.349,750.671,31.786,0.853
02.12.2021 16:07:16,29.201,956.268,944.946,1124.817,748.657,31.819,0.943
02.12.2021 16:07:17,29.302,956.024,945.465,1126.190,749.420,31.834,0.880
02.12.2021 16:07:18,29.400,955.627,944.519,1125.885,748.016,31.956,0.926
02.12.2021 16:07:19,29.505,954.589,943.939,1126.587,746.307,32.178,0.889
02.12.2021 16:07:20,29.603,954.376,944.030,1126.007,746.093,32.160,0.863
02.12.2021 16:07:21,29.699,954.864,943.878,1127.136,745.300,32.317,0.916
02.12.2021 16:07:22,29.802,953.857,942.901,1125.823,743.865,32.375,0.915
02.12.2021 16:07:23,29.902,953.735,942.108,1125.305,742.431,32.487,0.971
02.12.2021 16:07:24,29.998,953.003,941.772,1126.220,742.340,32.558,0.939
02.12.2021 16:07:25,30.103,952.575,940.887,1125.579,741.394,32.611,0.978
02.12.2021 16:07:26,30.201,952.911,940.826,1126.495,740.722,32.742,1.011
02.12.2021 16:07:27,30.304,953.491,942.657,1127.838,740.081,32.898,0.905
02.12.2021 16:07:28,30.400,952.056,940.155,1126.312,738.189,32.989,0.996
02.12.2021 16:07:29,30.500,952.331,940.521,1126.251,737.854,33.019,0.988
02.12.2021 16:07:30,30.601,951.171,939.056,1125.671,736.297,33.140,1.015
02.12.2021 16:07:31,30.704,950.012,939.239,1125.579,735.473,33.219,0.903
02.12.2021 16:07:32,30.797,949.279,938.781,1125.305,735.076,33.242,0.881
02.12.2021 16:07:33,30.897,949.707,938.842,1125.457,734.436,33.318,0.911
02.12.2021 16:07:34,31.000,949.340,938.629,1125.061,733.276,33.411,0.899
02.12.2021 16:07:35,31.101,948.944,937.682,1124.542,731.109,33.600,0.945
02.12.2021 16:07:36,31.191,948.028,937.500,1124.145,731.109,33.573,0.884
02.12.2021 16:07:37,31.302,947.906,936.309,1123.748,730.010,33.660,0.975
02.12.2021 16:07:38,31.405,946.472,936.431,1122.894,728.485,33.761,0.845
02.12.2021 16:07:39,31.505,947.204,936.401,1123.321,728.179,33.822,0.908
02.12.2021 16:07:40,31.598,947.662,936.218,1123.474,727.416,33.911,0.962
02.12.2021 16:07:41,31.699,946.502,935.241,1121.978,726.379,33.918,0.948
02.12.2021 16:07:42,31.797,947.021,934.448,1121.734,724.639,34.083,1.059
02.12.2021 16:07:43,31.905,944.824,933.563,1119.445,723.236,34.075,0.950
02.12.2021 16:07:44,32.003,944.458,933.349,1119.415,721.984,34.204,0.937
02.12.2021 16:07:45,32.101,944.335,932.617,1119.537,722.137,34.196,0.989
02.12.2021 16:07:46,32.191,944.061,932.250,1118.743,721.038,34.258,0.997
02.12.2021 16:07:47,32.299,944.091,931.854,1118.499,720.153,34.334,1.033
02.12.2021 16:07:48,32.395,943.206,931.579,1117.614,718.688,34.428,0.982
02.12.2021 16:07:49,32.493,943.603,931.518,1116.943,718.139,34.440,1.021
02.12.2021 16:07:50,32.601,941.650,930.114,1115.264,716.583,34.491,0.976
02.12.2021 16:07:51,32.701,941.009,929.534,1115.081,716.491,34.488,0.972
02.12.2021 16:07:52,32.802,941.101,928.497,1114.410,715.332,34.565,1.068
02.12.2021 16:07:53,32.895,940.002,927.703,1112.487,713.836,34.592,1.043
02.12.2021 16:07:54,32.998,939.391,927.795,1112.640,713.958,34.590,0.984
02.12.2021 16:07:55,33.106,939.819,927.764,1111.938,712.677,34.678,1.022
02.12.2021 16:07:56,33.204,937.957,926.117,1109.802,711.090,34.701,1.006
02.12.2021 16:07:57,33.299,936.767,924.774,1108.734,710.449,34.696,1.021
02.12.2021 16:07:58,33.400,936.859,924.835,1108.734,710.113,34.732,1.023
02.12.2021 16:07:59,33.505,935.913,923.950,1108.398,709.136,34.813,1.019
02.12.2021 16:08:00,33.596,936.920,924.743,1109.466,709.472,34.850,1.036
02.12.2021 16:08:01,33.696,934.661,923.095,1107.116,707.427,34.907,0.986
02.12.2021 16:08:02,33.802,933.715,921.630,1105.163,706.512,34.872,1.032
02.12.2021 16:08:03,33.897,935.028,921.692,1106.201,706.237,34.972,1.138
02.12.2021 16:08:04,33.993,933.410,921.112,1105.224,705.413,34.993,1.050
02.12.2021 16:08:05,34.098,934.021,921.630,1106.170,705.871,35.009,1.058
02.12.2021 16:08:06,34.201,933.410,920.776,1104.705,704.315,35.076,1.079
02.12.2021 16:08:07,34.292,932.495,919.799,1104.278,703.643,35.118,1.086
02.12.2021 16:08:08,34.407,931.793,918.762,1102.844,701.629,35.236,1.115
02.12.2021 16:08:09,34.503,931.396,918.151,1102.600,701.507,35.233,1.134
02.12.2021 16:08:10,34.603,929.931,917.327,1101.562,700.225,35.300,1.081
02.12.2021 16:08:11,34.696,929.412,916.503,1101.074,699.584,35.335,1.108
02.12.2021 16:08:12,34.804,929.412,916.442,1101.074,698.944,35.404,1.113
02.12.2021 16:08:13,34.902,927.917,915.313,1100.097,697.601,35.482,1.083
02.12.2021 16:08:14,35.000,926.605,913.940,1098.846,695.800,35.591,1.090
02.12.2021 16:08:15,35.098,926.849,913.360,1098.480,695.220,35.629,1.161
02.12.2021 16:08:16,35.201,925.323,912.811,1098.052,694.091,35.722,1.078
02.12.2021 16:08:17,35.304,924.713,912.109,1097.686,693.511,35.759,1.087
02.12.2021 16:08:18,35.402,923.980,911.743,1097.503,691.894,35.922,1.056
02.12.2021 16:08:19,35.503,923.065,910.858,1096.710,690.704,35.997,1.054
02.12.2021 16:08:20,35.601,921.966,909.729,1095.489,689.361,36.060,1.058
02.12.2021 16:08:21,35.701,921.997,909.179,1095.428,688.110,36.192,1.109
02.12.2021 16:08:22,35.807,921.630,908.325,1094.848,687.286,36.242,1.152
02.12.2021 16:08:23,35.907,919.708,906.585,1093.536,685.516,36.346,1.138
02.12.2021 16:08:24,36.005,919.403,906.860,1094.177,685.699,36.370,1.088
02.12.2021 16:08:25,36.103,918.365,906.219,1092.926,683.624,36.512,1.054
02.12.2021 16:08:26,36.194,917.450,905.059,1091.766,682.708,36.532,1.077
02.12.2021 16:08:27,36.304,916.107,902.557,1090.911,681.640,36.591,1.180
02.12.2021 16:08:28,36.407,915.466,903.472,1091.064,680.358,36.743,1.044
02.12.2021 16:08:29,36.508,915.222,902.221,1089.752,678.771,36.828,1.133
02.12.2021 16:08:30,36.598,913.330,901.183,1089.264,677.581,36.926,1.060
02.12.2021 16:08:31,36.704,912.933,900.329,1088.378,676.574,36.976,1.101
02.12.2021 16:08:32,36.804,912.292,899.261,1087.707,675.079,37.096,1.139
02.12.2021 16:08:33,36.895,911.926,898.895,1087.188,674.194,37.158,1.140
02.12.2021 16:08:34,36.995,910.522,896.881,1086.212,671.966,37.339,1.196
02.12.2021 16:08:35,37.101,908.630,896.240,1084.228,670.684,37.345,1.087
02.12.2021 16:08:36,37.204,907.714,894.103,1082.672,669.403,37.380,1.197
02.12.2021 16:08:37,37.307,905.456,893.066,1080.627,666.931,37.516,1.091
02.12.2021 16:08:38,37.405,904.418,892.394,1079.925,666.107,37.560,1.060
02.12.2021 16:08:39,37.508,905.456,892.333,1080.535,665.435,37.677,1.156
02.12.2021 16:08:40,37.606,903.839,891.052,1078.857,664.123,37.709,1.128
02.12.2021 16:08:41,37.691,903.045,890.167,1077.301,662.139,37.824,1.138
02.12.2021 16:08:42,37.802,902.313,888.427,1075.805,660.491,37.907,1.228
02.12.2021 16:08:43,37.902,901.397,887.756,1075.378,659.881,37.946,1.208
02.12.2021 16:08:44,38.008,899.078,885.986,1072.601,657.379,38.037,1.162
02.12.2021 16:08:45,38.106,898.925,886.627,1072.662,657.257,38.055,1.091
02.12.2021 16:08:46,38.201,898.651,885.528,1071.960,656.585,38.082,1.165
02.12.2021 16:08:47,38.299,898.284,885.406,1071.838,655.273,38.223,1.144
02.12.2021 16:08:48,38.405,896.789,883.392,1069.885,653.411,38.299,1.192
02.12.2021 16:08:49,38.500,895.446,881.591,1067.901,652.282,38.290,1.235
02.12.2021 16:08:50,38.593,894.073,880.859,1066.680,650.939,38.358,1.179
02.12.2021 16:08:51,38.701,893.341,880.279,1066.314,650.146,38.424,1.167
02.12.2021 16:08:52,38.804,892.974,879.119,1064.575,648.925,38.442,1.239
02.12.2021 16:08:53,38.897,892.822,878.570,1064.727,648.345,38.520,1.275
02.12.2021 16:08:54,39.005,890.899,878.143,1062.591,646.667,38.563,1.142
02.12.2021 16:08:55,39.106,890.289,876.464,1061.859,645.019,38.702,1.240
02.12.2021 16:08:56,39.204,888.976,875.884,1060.150,644.134,38.684,1.175
02.12.2021 16:08:58,39.304,888.519,874.908,1059.265,643.493,38.696,1.223
02.12.2021 16:08:59,39.405,887.359,874.206,1058.624,641.784,38.849,1.183
02.12.2021 16:09:00,39.505,886.505,872.894,1057.006,640.686,38.863,1.226
02.12.2021 16:09:01,39.603,886.352,871.887,1056.243,640.045,38.884,1.303
02.12.2021 16:09:02,39.706,884.216,871.093,1054.901,639.068,38.903,1.184
02.12.2021 16:09:03,39.802,884.094,869.842,1052.917,637.207,38.980,1.287
02.12.2021 16:09:04,39.905,881.683,868.438,1051.818,636.322,39.005,1.199
02.12.2021 16:09:05,40.008,881.011,867.034,1050.567,635.223,39.045,1.267
02.12.2021 16:09:06,40.106,879.699,866.943,1050.415,634.124,39.163,1.157
02.12.2021 16:09:07,40.206,878.845,865.875,1049.621,633.575,39.172,1.178
02.12.2021 16:09:08,40.302,878.875,865.081,1048.644,632.446,39.235,1.253
02.12.2021 16:09:09,40.400,877.624,864.776,1048.370,631.774,39.295,1.168
02.12.2021 16:09:10,40.508,875.946,863.006,1046.112,629.608,39.390,1.179
02.12.2021 16:09:11,40.606,874.725,861.724,1045.532,628.631,39.464,1.186
02.12.2021 16:09:12,40.706,874.237,861.328,1044.036,628.112,39.419,1.178
02.12.2021 16:09:13,40.802,872.833,859.619,1041.961,626.617,39.448,1.208
02.12.2021 16:09:14,40.902,872.528,859.161,1042.266,625.549,39.597,1.223
02.12.2021 16:09:15,41.005,870.910,857.940,1042.114,623.382,39.843,1.188
02.12.2021 16:09:16,41.108,870.086,857.391,1040.039,622.833,39.761,1.164
02.12.2021 16:09:17,41.204,868.469,855.407,1038.757,621.124,39.873,1.200
02.12.2021 16:09:18,41.299,868.316,854.950,1038.879,620.697,39.933,1.229
02.12.2021 16:09:19,41.400,867.065,854.217,1038.055,619.262,40.046,1.182
02.12.2021 16:09:20,41.500,866.668,853.820,1038.360,618.286,40.185,1.183
02.12.2021 16:09:21,41.598,865.722,852.172,1037.628,617.187,40.264,1.249
02.12.2021 16:09:22,41.701,864.410,851.043,1037.078,615.753,40.397,1.234
02.12.2021 16:09:23,41.802,862.640,849.609,1035.095,613.281,40.554,1.206
02.12.2021 16:09:24,41.900,861.572,848.449,1033.966,612.518,40.565,1.216
02.12.2021 16:09:25,42.000,861.175,847.595,1034.454,611.663,40.703,1.259
02.12.2021 16:09:26,42.101,860.229,847.106,1034.454,610.626,40.829,1.218
02.12.2021 16:09:27,42.199,858.612,844.696,1032.257,608.184,40.968,1.294
02.12.2021 16:09:28,42.297,857.421,844.116,1031.951,607.269,41.057,1.239
02.12.2021 16:09:29,42.400,856.262,843.109,1029.754,605.377,41.131,1.226
02.12.2021 16:09:30,42.495,854.888,840.759,1028.930,604.156,41.221,1.320
02.12.2021 16:09:31,42.593,854.156,840.270,1028.656,602.905,41.354,1.298
02.12.2021 16:09:32,42.696,852.600,837.402,1026.916,600.616,41.510,1.425
02.12.2021 16:09:33,42.797,852.264,838.745,1027.374,600.646,41.539,1.267
02.12.2021 16:09:34,42.900,851.104,836.853,1027.496,598.632,41.796,1.338
02.12.2021 16:09:35,42.998,850.372,836.090,1024.963,597.137,41.798,1.342
02.12.2021 16:09:36,43.098,850.036,835.754,1025.726,596.130,41.977,1.342
02.12.2021 16:09:37,43.199,847.839,834.136,1024.627,594.665,42.079,1.291
02.12.2021 16:09:38,43.299,845.916,832.122,1021.637,593.444,42.016,1.302
02.12.2021 16:09:39,43.400,846.313,832.061,1023.010,592.163,42.274,1.345
02.12.2021 16:09:40,43.500,843.292,829.833,1020.202,591.003,42.216,1.274
02.12.2021 16:09:41,43.593,843.658,829.925,1020.812,589.935,42.393,1.300
02.12.2021 16:09:42,43.704,842.071,828.186,1018.859,587.707,42.530,1.317
02.12.2021 16:09:43,43.792,840.393,826.354,1017.150,586.730,42.529,1.334
02.12.2021 16:09:44,43.902,838.867,825.256,1015.868,585.388,42.605,1.296
02.12.2021 16:09:45,43.993,838.378,824.493,1015.747,584.503,42.707,1.323
02.12.2021 16:09:46,44.103,837.738,823.547,1014.648,582.916,42.827,1.353
02.12.2021 16:09:47,44.196,836.334,821.960,1013.305,582.458,42.788,1.373
02.12.2021 16:09:48,44.292,836.242,821.929,1013.183,580.871,42.979,1.367
02.12.2021 16:09:49,44.405,833.801,819.641,1010.162,579.101,42.984,1.357
02.12.2021 16:09:50,44.503,833.251,818.542,1009.063,577.758,43.075,1.411
02.12.2021 16:09:51,44.603,832.000,817.932,1008.850,577.484,43.094,1.351
02.12.2021 16:09:52,44.696,830.078,815.734,1006.347,575.408,43.176,1.381
02.12.2021 16:09:53,44.807,829.711,815.307,1006.439,574.768,43.264,1.387
02.12.2021 16:09:54,44.907,827.911,814.086,1003.997,573.028,43.308,1.334
02.12.2021 16:09:55,44.995,827.453,812.957,1002.838,572.753,43.259,1.400
02.12.2021 16:09:56,45.096,825.591,811.035,1001.617,571.472,43.334,1.409
02.12.2021 16:09:57,45.206,824.066,810.577,1000.091,570.495,43.347,1.307
02.12.2021 16:09:58,45.304,822.906,808.593,998.840,569.244,43.417,1.390
02.12.2021 16:09:59,45.405,821.746,808.349,998.016,568.572,43.443,1.302
02.12.2021 16:10:00,45.500,820.007,806.335,995.666,567.077,43.463,1.332
02.12.2021 16:10:01,45.598,819.488,805.267,994.567,566.192,43.496,1.387
02.12.2021 16:10:02,45.696,818.542,803.588,992.492,564.544,43.557,1.460
02.12.2021 16:10:03,45.794,816.284,801.910,990.844,563.568,43.562,1.407
02.12.2021 16:10:04,45.892,815.277,800.476,989.898,562.652,43.611,1.451
02.12.2021 16:10:05,45.995,813.781,798.980,988.403,561.157,43.695,1.454
02.12.2021 16:10:06,46.093,812.927,799.194,987.091,560.546,43.678,1.350
02.12.2021 16:10:07,46.194,811.187,796.417,985.809,558.929,43.794,1.456
02.12.2021 16:10:08,46.297,810.516,796.539,984.588,558.288,43.787,1.378
02.12.2021 16:10:09,46.395,808.135,794.036,982.421,556.945,43.802,1.394
02.12.2021 16:10:10,46.493,807.006,792.144,981.017,556.060,43.814,1.472
02.12.2021 16:10:11,46.596,805.145,790.466,979.125,554.718,43.850,1.457
02.12.2021 16:10:12,46.694,803.833,790.130,978.668,553.771,43.940,1.362
02.12.2021 16:10:13,46.792,803.161,788.146,976.898,553.283,43.873,1.495
02.12.2021 16:10:14,46.895,800.994,786.956,975.830,551.757,43.995,1.401
02.12.2021 16:10:15,46.993,799.957,785.949,974.060,550.933,43.971,1.399
02.12.2021 16:10:16,47.093,799.041,783.660,973.205,550.109,44.016,1.540
02.12.2021 16:10:17,47.191,797.698,782.775,972.442,549.652,44.020,1.496
02.12.2021 16:10:18,47.292,795.074,781.219,969.024,547.973,43.986,1.392
02.12.2021 16:10:19,47.392,793.640,779.022,967.498,546.691,44.042,1.473
02.12.2021 16:10:20,47.493,793.273,778.198,966.400,545.654,44.098,1.520
02.12.2021 16:10:21,47.596,790.985,776.977,965.270,544.586,44.156,1.415
02.12.2021 16:10:22,47.691,789.459,774.200,962.646,542.449,44.244,1.546
02.12.2021 16:10:23,47.792,787.628,772.888,961.669,541.992,44.231,1.496
02.12.2021 16:10:24,47.892,785.247,771.301,959.472,540.740,44.233,1.419
02.12.2021 16:10:25,48.003,784.454,770.263,958.709,539.459,44.348,1.446
02.12.2021 16:10:26,48.098,782.745,768.951,957.672,538.269,44.431,1.408
02.12.2021 16:10:27,48.191,781.372,767.639,956.604,537.719,44.424,1.405
02.12.2021 16:10:28,48.292,780.151,765.777,953.948,536.193,44.428,1.473
02.12.2021 16:10:29,48.392,779.479,764.984,953.613,535.400,44.511,1.487
02.12.2021 16:10:30,48.493,776.153,761.840,951.385,532.958,44.674,1.474
02.12.2021 16:10:31,48.603,775.756,761.199,950.622,533.111,44.594,1.500
02.12.2021 16:10:32,48.696,774.108,760.162,949.829,531.829,44.709,1.440
02.12.2021 16:10:33,48.792,772.033,759.002,948.364,531.158,44.688,1.348
02.12.2021 16:10:34,48.892,771.911,756.713,946.960,529.418,44.820,1.575
02.12.2021 16:10:35,48.995,767.944,754.577,944.091,527.801,44.821,1.391
02.12.2021 16:10:36,49.098,766.418,752.593,941.772,526.214,44.862,1.442
02.12.2021 16:10:37,49.191,764.862,750.000,940.429,524.932,44.935,1.554
02.12.2021 16:10:38,49.299,764.343,749.969,939.575,524.536,44.924,1.504
02.12.2021 16:10:39,49.400,762.176,747.924,936.462,523.498,44.827,1.495
02.12.2021 16:10:40,49.495,760.681,746.673,935.852,522.277,44.949,1.472
02.12.2021 16:10:41,49.593,759.216,744.445,934.722,520.446,45.117,1.556
02.12.2021 16:10:42,49.696,757.934,743.560,931.762,519.927,44.959,1.517
02.12.2021 16:10:44,49.794,755.981,741.973,930.877,518.463,45.095,1.481
02.12.2021 16:10:45,49.892,754.577,740.234,929.168,518.005,45.026,1.520
02.12.2021 16:10:46,49.995,752.990,739.074,928.070,516.326,45.176,1.478
02.12.2021 16:10:47,50.093,751.739,738.220,926.177,516.235,45.040,1.437
02.12.2021 16:10:48,50.204,750.732,736.450,924.713,515.289,45.058,1.521
02.12.2021 16:10:49,50.297,748.107,734.893,922.882,514.068,45.087,1.412
02.12.2021 16:10:50,50.397,746.490,732.666,919.616,512.329,45.075,1.481
02.12.2021 16:10:51,50.498,744.323,731.079,917.510,511.169,45.074,1.422
02.12.2021 16:10:52,50.601,743.347,729.583,916.564,511.016,45.020,1.480
02.12.2021 16:10:53,50.696,741.607,728.027,914.032,509.552,45.028,1.464
02.12.2021 16:10:54,50.797,740.417,726.440,912.292,508.972,44.972,1.510
02.12.2021 16:10:55,50.892,737.670,724.456,910.217,506.713,45.130,1.432
02.12.2021 16:10:56,50.993,736.724,723.236,908.233,506.256,45.037,1.464
02.12.2021 16:10:57,51.096,735.015,720.825,905.670,505.340,44.963,1.544
02.12.2021 16:10:58,51.194,733.825,720.367,904.754,504.699,44.982,1.466
02.12.2021 16:10:59,51.292,732.208,718.597,903.472,503.967,44.984,1.486
02.12.2021 16:11:00,51.392,729.736,717.132,900.848,503.112,44.896,1.380
02.12.2021 16:11:01,51.495,729.431,716.094,899.810,502.136,44.953,1.462
02.12.2021 16:11:02,51.593,727.569,714.447,897.888,501.098,44.948,1.442
02.12.2021 16:11:03,51.694,726.776,713.256,896.179,500.305,44.925,1.487
02.12.2021 16:11:04,51.792,724.334,710.876,894.287,499.084,44.949,1.486
02.12.2021 16:11:05,51.895,723.724,710.723,892.608,498.809,44.852,1.436
02.12.2021 16:11:06,51.993,721.832,708.129,890.411,497.222,44.905,1.518
02.12.2021 16:11:07,52.096,720.092,707.061,888.427,495.971,44.926,1.447
02.12.2021 16:11:08,52.191,718.841,705.871,886.291,495.483,44.822,1.442
02.12.2021 16:11:09,52.299,717.376,704.559,884.796,494.445,44.852,1.428
02.12.2021 16:11:10,52.392,715.820,702.484,882.965,492.309,45.016,1.490
02.12.2021 16:11:11,52.493,713.653,700.592,880.798,492.095,44.869,1.463
02.12.2021 16:11:12,52.593,712.799,699.798,880.004,491.424,44.903,1.458
02.12.2021 16:11:13,52.706,710.632,697.814,877.136,489.746,44.914,1.442
02.12.2021 16:11:14,52.794,709.442,696.411,875.915,488.983,44.926,1.468
02.12.2021 16:11:15,52.895,708.282,695.220,874.847,487.915,44.997,1.474
02.12.2021 16:11:16,52.995,706.787,693.786,873.199,487.091,44.982,1.471
02.12.2021 16:11:17,53.093,705.291,691.711,870.239,485.595,44.959,1.540
02.12.2021 16:11:18,53.194,703.308,690.216,868.682,485.260,44.879,1.488
02.12.2021 16:11:19,53.297,701.660,689.025,867.431,484.008,44.962,1.439
02.12.2021 16:11:20,53.397,700.897,688.049,865.875,484.069,44.822,1.465
02.12.2021 16:11:21,53.495,698.699,684.906,863.891,482.086,44.954,1.579
02.12.2021 16:11:22,53.596,697.814,684.875,862.274,481.201,44.952,1.483
02.12.2021 16:11:23,53.691,696.594,683.044,860.229,480.346,44.908,1.556
02.12.2021 16:11:24,53.792,694.244,681.152,857.788,478.698,44.951,1.508
02.12.2021 16:11:25,53.900,692.871,679.840,856.170,477.478,45.000,1.504
02.12.2021 16:11:26,53.995,691.772,678.924,855.072,476.440,45.065,1.485
02.12.2021 16:11:27,54.106,688.842,676.666,852.813,475.616,44.998,1.413
02.12.2021 16:11:28,54.199,688.507,675.720,851.745,474.029,45.150,1.485
02.12.2021 16:11:29,54.297,687.042,674.743,850.097,473.724,45.056,1.431
02.12.2021 16:11:30,54.397,685.333,672.882,848.236,472.167,45.136,1.452
02.12.2021 16:11:31,54.495,684.448,671.417,846.466,470.886,45.182,1.523
02.12.2021 16:11:32,54.593,682.464,670.654,845.153,470.153,45.182,1.383
02.12.2021 16:11:33,54.694,680.572,667.999,842.651,468.505,45.222,1.477
02.12.2021 16:11:34,54.807,679.901,667.205,841.461,468.078,45.186,1.493
02.12.2021 16:11:35,54.902,677.856,665.405,839.325,465.881,45.343,1.468
02.12.2021 16:11:36,54.993,677.154,664.642,837.310,465.484,45.230,1.477
02.12.2021 16:11:37,55.106,675.506,662.506,836.151,463.867,45.383,1.539
02.12.2021 16:11:38,55.194,673.339,661.346,833.923,462.127,45.462,1.424
02.12.2021 16:11:39,55.294,673.126,660.339,833.160,461.425,45.506,1.519
02.12.2021 16:11:40,55.392,671.112,658.966,831.054,459.869,45.568,1.447
02.12.2021 16:11:41,55.495,669.982,657.531,829.345,458.770,45.592,1.486
02.12.2021 16:11:42,55.593,667.907,656.127,828.308,457.366,45.724,1.409
02.12.2021 16:11:43,55.694,666.870,654.968,826.141,456.420,45.684,1.426
02.12.2021 16:11:44,55.802,664.611,652.099,823.425,454.620,45.732,1.505
02.12.2021 16:11:45,55.895,663.024,650.817,821.655,453.796,45.707,1.472
02.12.2021 16:11:46,55.995,662.475,650.238,820.465,452.636,45.788,1.477
02.12.2021 16:11:47,56.098,660.461,648.437,817.993,451.446,45.760,1.455
02.12.2021 16:11:48,56.191,659.240,646.759,816.101,449.737,45.867,1.514
02.12.2021 16:11:49,56.294,658.233,645.385,815.093,448.272,46.014,1.561
02.12.2021 16:11:50,56.407,656.646,644.256,813.018,447.509,45.953,1.509
02.12.2021 16:11:51,56.503,655.364,642.822,810.913,446.197,45.978,1.531
02.12.2021 16:11:52,56.598,654.052,641.876,809.387,445.648,45.930,1.489
02.12.2021 16:11:53,56.696,652.618,639.984,807.189,444.091,45.987,1.549
02.12.2021 16:11:54,56.792,650.939,639.007,804.809,443.115,45.932,1.465
02.12.2021 16:11:55,56.895,650.054,637.542,803.894,441.894,46.050,1.540
02.12.2021 16:11:56,56.993,648.132,636.657,801.940,441.131,45.999,1.415
02.12.2021 16:11:57,57.096,646.697,634.155,799.255,439.086,46.093,1.551
02.12.2021 16:11:58,57.196,644.897,632.446,796.936,438.171,46.033,1.544
02.12.2021 16:11:59,57.297,643.920,631.744,795.806,437.164,46.097,1.512
02.12.2021 16:12:00,57.400,642.486,630.523,793.334,435.852,46.090,1.489
02.12.2021 16:12:01,57.493,640.625,628.570,791.381,434.539,46.130,1.505
02.12.2021 16:12:02,57.606,639.404,627.410,789.184,432.586,46.255,1.500
02.12.2021 16:12:03,57.699,637.756,625.793,786.376,431.427,46.191,1.500
02.12.2021 16:12:04,57.792,635.833,624.206,784.149,430.389,46.160,1.462
02.12.2021 16:12:05,57.900,635.314,623.107,782.958,429.412,46.214,1.537
02.12.2021 16:12:06,57.995,632.995,620.849,780.639,427.734,46.283,1.535
02.12.2021 16:12:07,58.098,631.408,619.995,778.686,426.879,46.246,1.445
02.12.2021 16:12:08,58.206,630.279,618.072,776.458,425.537,46.267,1.549
02.12.2021 16:12:09,58.299,628.967,617.034,774.169,423.950,46.324,1.517
02.12.2021 16:12:10,58.392,627.075,614.593,770.965,422.668,46.243,1.593
02.12.2021 16:12:11,58.505,625.030,612.426,768.615,420.989,46.310,1.614
02.12.2021 16:12:12,58.593,624.633,612.243,767.303,420.074,46.344,1.587
02.12.2021 16:12:13,58.706,623.168,610.870,765.563,418.579,46.438,1.579
02.12.2021 16:12:14,58.794,621.551,609.497,763.153,417.510,46.394,1.551
02.12.2021 16:12:15,58.900,620.361,608.032,761.779,416.137,46.503,1.590
02.12.2021 16:12:16,59.003,619.476,607.360,759.277,414.978,46.466,1.565
02.12.2021 16:12:17,59.103,616.912,604.827,756.500,413.238,46.505,1.567
02.12.2021 16:12:18,59.191,615.142,603.332,754.364,411.804,46.552,1.536
02.12.2021 16:12:19,59.307,614.105,601.959,752.593,410.614,46.592,1.582
02.12.2021 16:12:20,59.397,612.518,600.128,750.854,409.606,46.602,1.619
02.12.2021 16:12:21,59.498,611.450,599.700,748.840,408.843,46.543,1.537
02.12.2021 16:12:22,59.606,609.680,598.236,746.154,407.135,46.586,1.501
02.12.2021 16:12:23,59.691,608.154,596.191,743.896,405.822,46.600,1.574
02.12.2021 16:12:24,59.792,606.445,594.635,741.821,404.418,46.649,1.558
02.12.2021 16:12:25,59.897,605.194,593.322,740.844,403.503,46.717,1.569
02.12.2021 16:12:26,59.998,604.187,591.979,738.677,402.038,46.768,1.617
