# Sensor: ADPD2140, Rotationstage: ELL18M
Datetime,Stage Angle,xL,xR,yL,yR,X,Y
15.11.2021 17:33:17,-60.007,460.540,876.037,800.994,805.084,-0.403,-49.265
15.11.2021 17:33:18,-59.904,461.578,877.960,802.185,807.220,-0.495,-49.261
15.11.2021 17:33:19,-59.806,463.531,880.096,805.480,809.722,-0.416,-49.133
15.11.2021 17:33:20,-59.703,465.087,882.690,806.915,811.920,-0.489,-49.103
15.11.2021 17:33:21,-59.605,466.979,884.918,809.173,813.323,-0.405,-48.993
15.11.2021 17:33:22,-59.497,467.712,887.359,811.157,815.582,-0.431,-49.078
15.11.2021 17:33:23,-59.404,469.573,888.763,812.713,817.382,-0.453,-48.907
15.11.2021 17:33:24,-59.299,471.008,891.632,814.819,819.732,-0.476,-48.919
15.11.2021 17:33:25,-59.203,472.198,894.012,817.230,821.777,-0.439,-48.929
15.11.2021 17:33:26,-59.105,473.510,896.026,819.183,823.486,-0.415,-48.892
15.11.2021 17:33:27,-59.002,475.067,898.803,821.807,825.714,-0.375,-48.878
15.11.2021 17:33:28,-58.904,476.806,900.695,823.059,827.697,-0.445,-48.767
15.11.2021 17:33:29,-58.804,478.240,903.076,825.408,829.345,-0.377,-48.741
15.11.2021 17:33:30,-58.701,479.431,905.670,827.300,832.397,-0.486,-48.768
15.11.2021 17:33:31,-58.595,481.262,908.020,829.772,834.106,-0.412,-48.681
15.11.2021 17:33:32,-58.500,482.574,909.759,830.932,835.845,-0.467,-48.623
15.11.2021 17:33:33,-58.399,483.367,911.346,832.824,837.616,-0.454,-48.630
15.11.2021 17:33:34,-58.301,485.565,914.337,835.266,839.904,-0.438,-48.539
15.11.2021 17:33:35,-58.193,486.938,916.778,836.975,842.285,-0.501,-48.528
15.11.2021 17:33:36,-58.108,488.281,918.548,839.263,843.994,-0.445,-48.469
15.11.2021 17:33:38,-58.002,489.837,921.447,840.789,845.672,-0.458,-48.467
15.11.2021 17:33:39,-57.899,491.333,923.461,843.353,848.266,-0.460,-48.405
15.11.2021 17:33:40,-57.799,493.041,925.720,845.306,850.616,-0.496,-48.331
15.11.2021 17:33:41,-57.708,494.384,927.978,847.198,851.928,-0.441,-48.310
15.11.2021 17:33:42,-57.598,495.483,929.870,849.365,854.034,-0.434,-48.297
15.11.2021 17:33:43,-57.500,496.673,932.678,850.799,856.140,-0.495,-48.341
15.11.2021 17:33:44,-57.394,498.352,934.631,853.332,857.910,-0.423,-48.249
15.11.2021 17:33:45,-57.301,499.023,936.248,854.461,859.191,-0.437,-48.277
15.11.2021 17:33:46,-57.203,501.190,938.659,857.025,861.602,-0.422,-48.150
15.11.2021 17:33:47,-57.108,502.014,941.070,859.008,863.617,-0.423,-48.216
15.11.2021 17:33:48,-57.000,503.112,943.328,860.717,865.783,-0.464,-48.232
15.11.2021 17:33:49,-56.894,504.699,944.976,862.884,867.553,-0.427,-48.131
15.11.2021 17:33:50,-56.804,505.554,946.960,863.739,868.987,-0.480,-48.160
15.11.2021 17:33:51,-56.706,506.958,948.486,865.936,871.246,-0.484,-48.076
15.11.2021 17:33:52,-56.608,508.361,950.714,868.255,872.772,-0.411,-48.046
15.11.2021 17:33:53,-56.495,509.613,952.697,869.720,874.969,-0.476,-48.019
15.11.2021 17:33:54,-56.394,511.016,954.772,871.856,876.953,-0.461,-47.978
15.11.2021 17:33:55,-56.304,512.023,956.817,873.809,878.936,-0.463,-47.990
15.11.2021 17:33:56,-56.193,513.092,958.374,875.061,880.187,-0.462,-47.957
15.11.2021 17:33:57,-56.098,514.678,961.120,877.899,882.659,-0.428,-47.941
15.11.2021 17:33:58,-56.000,516.540,963.165,879.425,885.101,-0.509,-47.834
15.11.2021 17:33:59,-55.892,517.395,965.026,881.744,886.291,-0.407,-47.854
15.11.2021 17:34:00,-55.794,518.920,967.254,883.422,889.129,-0.510,-47.808
15.11.2021 17:34:01,-55.708,519.470,968.933,884.948,890.167,-0.465,-47.856
15.11.2021 17:34:02,-55.593,520.965,970.825,887.054,892.456,-0.481,-47.790
15.11.2021 17:34:03,-55.507,522.705,973.266,889.617,894.592,-0.441,-47.731
15.11.2021 17:34:04,-55.397,523.468,975.097,891.113,896.758,-0.500,-47.761
15.11.2021 17:34:05,-55.294,524.810,977.020,892.974,898.590,-0.496,-47.718
15.11.2021 17:34:06,-55.206,525.878,979.156,895.172,900.299,-0.452,-47.729
15.11.2021 17:34:07,-55.095,527.099,980.896,896.850,902.404,-0.489,-47.690
15.11.2021 17:34:08,-55.000,528.533,983.123,899.505,904.815,-0.466,-47.658
15.11.2021 17:34:09,-54.902,529.327,985.443,901.702,907.104,-0.473,-47.719
15.11.2021 17:34:10,-54.799,530.883,988.037,903.991,908.935,-0.432,-47.697
15.11.2021 17:34:11,-54.696,531.768,989.837,906.189,911.193,-0.436,-47.708
15.11.2021 17:34:12,-54.608,533.264,991.668,907.897,913.208,-0.462,-47.639
15.11.2021 17:34:13,-54.497,534.820,993.774,910.430,915.557,-0.444,-47.582
15.11.2021 17:34:14,-54.394,535.797,995.880,912.658,917.694,-0.435,-47.603
15.11.2021 17:34:15,-54.306,537.200,998.138,914.794,919.586,-0.413,-47.578
15.11.2021 17:34:16,-54.203,538.116,1000.152,916.961,921.875,-0.423,-47.600
15.11.2021 17:34:17,-54.108,539.642,1002.227,918.945,924.560,-0.482,-47.546
15.11.2021 17:34:18,-54.007,541.351,1004.577,921.783,926.452,-0.400,-47.486
15.11.2021 17:34:19,-53.907,541.870,1006.896,923.401,928.558,-0.441,-47.584
15.11.2021 17:34:21,-53.794,543.731,1008.209,926.147,931.182,-0.429,-47.430
15.11.2021 17:34:22,-53.696,544.006,1010.772,927.948,933.746,-0.493,-47.577
15.11.2021 17:34:23,-53.603,546.081,1013.427,930.541,935.699,-0.437,-47.492
15.11.2021 17:34:24,-53.495,547.058,1015.228,932.495,937.530,-0.426,-47.491
15.11.2021 17:34:25,-53.404,548.339,1017.791,934.387,939.636,-0.443,-47.504
15.11.2021 17:34:26,-53.291,549.652,1019.897,937.347,942.596,-0.442,-47.481
15.11.2021 17:34:27,-53.206,550.415,1021.972,939.788,945.282,-0.461,-47.527
15.11.2021 17:34:28,-53.108,551.757,1024.474,941.558,947.692,-0.514,-47.528
15.11.2021 17:34:29,-52.997,552.764,1026.855,944.275,949.523,-0.439,-47.564
15.11.2021 17:34:30,-52.892,554.260,1029.663,946.777,952.514,-0.478,-47.566
15.11.2021 17:34:31,-52.794,555.450,1031.829,949.035,954.406,-0.447,-47.563
15.11.2021 17:34:32,-52.698,556.549,1034.149,951.324,956.848,-0.458,-47.582
15.11.2021 17:34:33,-52.593,558.135,1036.285,953.796,959.197,-0.447,-47.525
15.11.2021 17:34:34,-52.497,559.265,1038.635,955.993,961.334,-0.441,-47.543
15.11.2021 17:34:35,-52.392,560.180,1042.053,958.587,964.294,-0.470,-47.662
15.11.2021 17:34:36,-52.304,561.431,1043.426,959.869,966.156,-0.517,-47.596
15.11.2021 17:34:37,-52.201,562.988,1046.508,963.012,969.177,-0.505,-47.609
15.11.2021 17:34:38,-52.105,564.300,1049.133,966.094,971.160,-0.414,-47.622
15.11.2021 17:34:39,-52.007,565.399,1051.055,968.689,973.754,-0.413,-47.614
15.11.2021 17:34:40,-51.907,566.528,1053.863,970.123,976.226,-0.496,-47.662
15.11.2021 17:34:41,-51.791,568.054,1056.182,972.076,977.783,-0.463,-47.627
15.11.2021 17:34:42,-51.701,568.878,1057.800,974.731,980.346,-0.455,-47.633
15.11.2021 17:34:43,-51.605,569.976,1060.241,976.226,982.116,-0.476,-47.660
15.11.2021 17:34:44,-51.505,571.350,1062.957,979.003,984.558,-0.448,-47.671
15.11.2021 17:34:45,-51.397,573.089,1065.490,981.536,987.518,-0.481,-47.623
15.11.2021 17:34:46,-51.299,574.218,1067.108,983.734,989.685,-0.477,-47.591
15.11.2021 17:34:47,-51.196,575.286,1069.702,986.145,991.729,-0.447,-47.632
15.11.2021 17:34:48,-51.098,576.690,1071.380,987.670,994.110,-0.514,-47.569
15.11.2021 17:34:49,-50.992,578.277,1073.455,990.692,996.154,-0.435,-47.510
15.11.2021 17:34:50,-50.897,579.284,1076.263,992.462,998.565,-0.485,-47.573
15.11.2021 17:34:51,-50.796,580.627,1077.575,994.140,1000.274,-0.487,-47.494
15.11.2021 17:34:52,-50.698,582.061,1079.803,996.704,1002.258,-0.440,-47.465
15.11.2021 17:34:53,-50.600,583.312,1082.244,998.748,1005.493,-0.533,-47.473
15.11.2021 17:34:54,-50.497,584.716,1083.801,1000.579,1006.744,-0.486,-47.403
15.11.2021 17:34:55,-50.404,586.090,1086.700,1003.326,1009.246,-0.466,-47.427
15.11.2021 17:34:56,-50.294,587.738,1088.195,1005.126,1011.749,-0.520,-47.323
15.11.2021 17:34:57,-50.208,588.500,1089.721,1006.744,1012.939,-0.486,-47.331
15.11.2021 17:34:58,-50.095,590.637,1091.735,1008.850,1015.563,-0.525,-47.203
15.11.2021 17:34:59,-50.000,591.735,1094.268,1011.016,1018.035,-0.548,-47.236
15.11.2021 17:35:00,-49.907,593.017,1095.703,1013.183,1019.928,-0.525,-47.174
15.11.2021 17:35:01,-49.791,594.482,1098.114,1015.441,1021.850,-0.498,-47.155
15.11.2021 17:35:02,-49.703,595.672,1099.945,1017.150,1023.345,-0.481,-47.131
15.11.2021 17:35:03,-49.605,597.534,1102.081,1019.500,1025.970,-0.501,-47.045
15.11.2021 17:35:04,-49.500,598.602,1103.485,1020.843,1027.221,-0.493,-47.008
15.11.2021 17:35:05,-49.394,600.341,1106.323,1023.040,1029.937,-0.532,-46.984
15.11.2021 17:35:06,-49.296,601.501,1107.666,1025.299,1031.433,-0.472,-46.932
15.11.2021 17:35:07,-49.193,602.844,1109.527,1027.160,1033.508,-0.488,-46.893
15.11.2021 17:35:08,-49.095,604.339,1111.480,1028.747,1035.278,-0.501,-46.841
15.11.2021 17:35:09,-48.997,606.048,1113.220,1031.341,1037.902,-0.502,-46.750
15.11.2021 17:35:10,-48.892,607.391,1114.929,1032.684,1039.001,-0.483,-46.700
15.11.2021 17:35:11,-48.806,608.673,1117.370,1034.362,1041.656,-0.556,-46.706
15.11.2021 17:35:12,-48.698,610.046,1118.713,1036.071,1043.029,-0.530,-46.630
15.11.2021 17:35:13,-48.598,610.870,1120.361,1038.543,1045.227,-0.508,-46.639
15.11.2021 17:35:14,-48.500,613.311,1122.436,1040.893,1047.454,-0.497,-46.484
15.11.2021 17:35:15,-48.397,614.501,1124.450,1042.724,1049.224,-0.492,-46.473
15.11.2021 17:35:16,-48.294,615.753,1125.701,1044.128,1050.750,-0.500,-46.407
15.11.2021 17:35:17,-48.201,617.553,1127.990,1046.661,1053.314,-0.502,-46.342
15.11.2021 17:35:18,-48.100,618.835,1129.302,1048.278,1054.138,-0.441,-46.276
15.11.2021 17:35:19,-48.002,620.483,1130.676,1050.109,1057.006,-0.518,-46.172
15.11.2021 17:35:20,-47.892,622.039,1132.781,1051.849,1059.265,-0.556,-46.125
15.11.2021 17:35:21,-47.804,623.626,1134.399,1054.077,1060.729,-0.498,-46.043
15.11.2021 17:35:23,-47.701,624.877,1136.108,1055.389,1062.591,-0.538,-46.007
15.11.2021 17:35:24,-47.593,626.617,1138.244,1057.190,1064.788,-0.567,-45.942
15.11.2021 17:35:25,-47.495,627.929,1139.465,1059.478,1066.528,-0.525,-45.868
15.11.2021 17:35:26,-47.397,628.967,1141.601,1061.035,1067.749,-0.499,-45.884
15.11.2021 17:35:27,-47.299,630.462,1142.913,1062.957,1070.068,-0.528,-45.795
15.11.2021 17:35:28,-47.208,632.110,1145.202,1064.697,1071.746,-0.522,-45.751
15.11.2021 17:35:29,-47.108,633.148,1146.911,1066.162,1073.516,-0.544,-45.740
15.11.2021 17:35:30,-47.002,635.040,1148.681,1068.695,1075.225,-0.482,-45.635
15.11.2021 17:35:31,-46.907,636.016,1150.543,1069.915,1076.599,-0.493,-45.641
15.11.2021 17:35:32,-46.804,637.573,1151.916,1071.472,1078.643,-0.528,-45.550
15.11.2021 17:35:33,-46.706,639.007,1153.991,1072.906,1080.169,-0.534,-45.518
15.11.2021 17:35:34,-46.605,640.014,1155.700,1074.859,1081.481,-0.486,-45.511
15.11.2021 17:35:35,-46.505,641.601,1158.142,1076.171,1083.526,-0.539,-45.484
15.11.2021 17:35:36,-46.402,643.249,1159.576,1077.758,1084.960,-0.527,-45.388
15.11.2021 17:35:37,-46.299,644.226,1160.644,1079.223,1086.273,-0.515,-45.344
15.11.2021 17:35:38,-46.203,646.026,1163.909,1081.420,1088.592,-0.523,-45.346
15.11.2021 17:35:39,-46.095,647.369,1164.947,1082.733,1089.630,-0.503,-45.259
15.11.2021 17:35:40,-46.007,648.315,1167.205,1084.045,1091.308,-0.529,-45.294
15.11.2021 17:35:41,-45.904,650.299,1169.219,1086.090,1093.353,-0.528,-45.197
15.11.2021 17:35:42,-45.804,651.641,1170.928,1087.585,1094.879,-0.529,-45.153
15.11.2021 17:35:43,-45.696,652.832,1172.576,1088.653,1096.099,-0.540,-45.123
15.11.2021 17:35:44,-45.605,654.693,1173.980,1089.843,1097.534,-0.557,-45.003
15.11.2021 17:35:45,-45.505,655.517,1175.994,1091.735,1099.548,-0.564,-45.036
15.11.2021 17:35:46,-45.399,657.470,1178.375,1093.383,1100.708,-0.529,-44.966
15.11.2021 17:35:47,-45.294,659.210,1179.412,1094.787,1102.661,-0.567,-44.838
15.11.2021 17:35:48,-45.193,660.888,1181.579,1096.527,1104.400,-0.566,-44.786
15.11.2021 17:35:49,-45.095,662.078,1183.471,1098.205,1105.407,-0.517,-44.772
15.11.2021 17:35:50,-45.000,663.635,1185.211,1099.334,1107.635,-0.596,-44.708
15.11.2021 17:35:51,-44.899,665.100,1186.859,1101.165,1108.123,-0.499,-44.648
15.11.2021 17:35:52,-44.796,666.595,1188.659,1102.142,1110.077,-0.568,-44.595
15.11.2021 17:35:53,-44.708,668.395,1190.338,1104.156,1111.755,-0.543,-44.501
15.11.2021 17:35:54,-44.598,670.104,1192.077,1105.743,1113.433,-0.549,-44.421
15.11.2021 17:35:55,-44.505,671.417,1193.878,1106.750,1114.532,-0.555,-44.389
15.11.2021 17:35:56,-44.402,673.492,1196.044,1108.215,1116.699,-0.604,-44.296
15.11.2021 17:35:57,-44.299,675.201,1197.387,1110.198,1117.675,-0.531,-44.193
15.11.2021 17:35:58,-44.201,676.177,1198.669,1111.572,1119.049,-0.531,-44.165
15.11.2021 17:35:59,-44.105,678.466,1201.385,1112.884,1120.605,-0.547,-44.083
15.11.2021 17:36:00,-44.002,679.809,1202.697,1114.410,1122.314,-0.560,-44.019
15.11.2021 17:36:01,-43.899,681.152,1204.803,1116.119,1123.870,-0.548,-44.002
15.11.2021 17:36:02,-43.806,683.441,1206.695,1117.950,1125.946,-0.564,-43.872
15.11.2021 17:36:04,-43.703,684.844,1207.885,1119.018,1126.373,-0.519,-43.794
15.11.2021 17:36:06,-43.593,686.492,1209.228,1120.697,1128.265,-0.533,-43.699
15.11.2021 17:36:07,-43.500,688.018,1211.090,1121.765,1129.821,-0.567,-43.649
15.11.2021 17:36:08,-43.392,690.460,1213.195,1123.657,1131.561,-0.555,-43.517
15.11.2021 17:36:09,-43.291,692.047,1214.904,1125.366,1132.751,-0.518,-43.452
15.11.2021 17:36:10,-43.196,693.511,1216.247,1126.556,1134.735,-0.573,-43.378
15.11.2021 17:36:11,-43.098,695.343,1218.017,1128.509,1135.711,-0.504,-43.291
15.11.2021 17:36:12,-43.000,697.113,1220.214,1129.669,1137.420,-0.541,-43.237
15.11.2021 17:36:13,-42.904,698.425,1221.740,1130.981,1138.885,-0.551,-43.191
15.11.2021 17:36:14,-42.799,700.653,1222.808,1132.659,1140.869,-0.572,-43.021
15.11.2021 17:36:15,-42.708,702.697,1224.426,1134.521,1141.998,-0.520,-42.904
15.11.2021 17:36:16,-42.608,703.735,1226.745,1135.375,1143.524,-0.566,-42.935
15.11.2021 17:36:17,-42.502,705.444,1227.905,1137.237,1145.568,-0.578,-42.826
15.11.2021 17:36:18,-42.392,707.305,1229.187,1138.946,1147.064,-0.562,-42.709
15.11.2021 17:36:19,-42.306,708.526,1230.499,1140.441,1147.705,-0.503,-42.661
15.11.2021 17:36:20,-42.203,710.510,1231.597,1142.028,1149.566,-0.521,-42.521
15.11.2021 17:36:21,-42.103,712.005,1233.093,1143.615,1151.062,-0.514,-42.456
15.11.2021 17:36:22,-42.007,713.623,1233.612,1144.805,1152.221,-0.511,-42.320
15.11.2021 17:36:23,-41.904,715.820,1236.236,1146.575,1154.205,-0.525,-42.250
15.11.2021 17:36:24,-41.801,717.437,1237.335,1147.949,1155.578,-0.524,-42.149
15.11.2021 17:36:25,-41.708,718.597,1238.525,1149.200,1157.135,-0.545,-42.101
15.11.2021 17:36:26,-41.600,720.764,1239.257,1150.390,1158.081,-0.527,-41.923
15.11.2021 17:36:27,-41.505,721.679,1240.112,1152.068,1159.667,-0.520,-41.880
15.11.2021 17:36:28,-41.402,723.571,1242.065,1153.320,1161.193,-0.539,-41.803
15.11.2021 17:36:29,-41.304,725.128,1243.102,1155.182,1162.780,-0.519,-41.706
15.11.2021 17:36:30,-41.206,726.379,1244.842,1156.402,1163.971,-0.516,-41.682
15.11.2021 17:36:31,-41.098,727.996,1245.574,1157.714,1165.557,-0.534,-41.561
15.11.2021 17:36:32,-41.005,729.461,1247.161,1159.515,1166.992,-0.509,-41.507
15.11.2021 17:36:33,-40.899,731.170,1248.504,1161.132,1168.853,-0.525,-41.414
15.11.2021 17:36:34,-40.806,731.567,1249.572,1162.170,1169.952,-0.528,-41.437
15.11.2021 17:36:35,-40.706,733.764,1250.640,1163.299,1171.234,-0.538,-41.278
15.11.2021 17:36:36,-40.608,735.504,1252.197,1164.794,1172.882,-0.548,-41.195
15.11.2021 17:36:37,-40.507,736.206,1253.539,1166.351,1174.255,-0.535,-41.204
15.11.2021 17:36:38,-40.402,737.670,1254.699,1167.877,1175.811,-0.536,-41.125
15.11.2021 17:36:39,-40.306,739.013,1255.645,1169.311,1176.513,-0.486,-41.047
15.11.2021 17:36:40,-40.198,740.631,1257.873,1170.745,1177.978,-0.488,-41.016
15.11.2021 17:36:41,-40.105,741.607,1258.727,1171.691,1179.260,-0.510,-40.969
15.11.2021 17:36:42,-39.997,743.530,1260.223,1173.461,1181.091,-0.513,-40.865
15.11.2021 17:36:43,-39.904,744.262,1261.535,1174.774,1182.586,-0.525,-40.869
15.11.2021 17:36:44,-39.801,746.337,1263.183,1175.994,1184.387,-0.563,-40.760
15.11.2021 17:36:45,-39.706,747.497,1263.885,1176.941,1185.211,-0.554,-40.686
15.11.2021 17:36:46,-39.608,748.931,1265.594,1178.741,1186.187,-0.498,-40.644
15.11.2021 17:36:47,-39.507,750.152,1267.120,1179.595,1187.591,-0.535,-40.613
15.11.2021 17:36:48,-39.394,751.464,1268.188,1181.671,1189.391,-0.516,-40.546
15.11.2021 17:36:49,-39.304,752.563,1270.202,1183.074,1191.009,-0.529,-40.555
15.11.2021 17:36:50,-39.206,754.302,1271.423,1184.020,1192.352,-0.555,-40.455
15.11.2021 17:36:51,-39.105,756.011,1272.247,1185.485,1193.237,-0.516,-40.336
15.11.2021 17:36:52,-39.005,757.293,1274.322,1187.286,1194.854,-0.503,-40.331
15.11.2021 17:36:53,-38.907,758.666,1275.115,1187.957,1196.380,-0.559,-40.243
15.11.2021 17:36:54,-38.801,760.162,1277.465,1189.514,1197.875,-0.555,-40.233
15.11.2021 17:36:55,-38.693,761.596,1278.442,1190.918,1199.249,-0.552,-40.150
15.11.2021 17:36:56,-38.605,762.939,1279.907,1192.382,1200.683,-0.549,-40.104
15.11.2021 17:36:57,-38.505,764.678,1280.914,1194.122,1201.904,-0.514,-39.994
15.11.2021 17:36:58,-38.407,765.777,1282.562,1195.556,1203.185,-0.504,-39.983
15.11.2021 17:36:59,-38.294,767.059,1283.172,1196.777,1204.894,-0.535,-39.894
15.11.2021 17:37:00,-38.206,768.890,1284.484,1198.364,1205.871,-0.494,-39.793
15.11.2021 17:37:01,-38.103,770.446,1285.766,1199.737,1207.244,-0.494,-39.717
15.11.2021 17:37:02,-38.005,772.003,1287.628,1200.714,1209.075,-0.549,-39.674
15.11.2021 17:37:03,-37.907,773.345,1288.604,1202.026,1210.174,-0.535,-39.602
15.11.2021 17:37:04,-37.806,774.749,1289.825,1203.491,1211.334,-0.514,-39.537
15.11.2021 17:37:05,-37.706,776.184,1290.740,1204.864,1212.982,-0.532,-39.452
15.11.2021 17:37:06,-37.605,777.282,1291.656,1205.963,1212.860,-0.451,-39.400
15.11.2021 17:37:08,-37.495,779.083,1293.334,1206.909,1215.637,-0.570,-39.325
15.11.2021 17:37:09,-37.407,780.792,1294.067,1208.709,1216.644,-0.518,-39.204
15.11.2021 17:37:10,-37.301,782.012,1295.166,1209.960,1217.895,-0.517,-39.151
15.11.2021 17:37:11,-37.208,783.294,1296.844,1211.090,1219.268,-0.533,-39.125
15.11.2021 17:37:12,-37.105,784.759,1297.180,1211.975,1220.489,-0.554,-39.005
15.11.2021 17:37:13,-37.007,786.224,1298.187,1213.287,1221.374,-0.526,-38.924
15.11.2021 17:37:14,-36.907,787.628,1299.377,1214.233,1222.534,-0.539,-38.860
15.11.2021 17:37:15,-36.796,789.093,1300.628,1215.728,1223.693,-0.517,-38.793
15.11.2021 17:37:16,-36.706,789.978,1300.659,1216.278,1223.999,-0.501,-38.711
15.11.2021 17:37:17,-36.608,791.870,1302.062,1216.858,1225.677,-0.572,-38.613
15.11.2021 17:37:18,-36.497,793.243,1302.764,1218.475,1226.531,-0.522,-38.524
15.11.2021 17:37:19,-36.407,794.555,1303.222,1219.177,1227.508,-0.539,-38.427
15.11.2021 17:37:20,-36.306,795.898,1304.534,1219.909,1228.485,-0.555,-38.376
15.11.2021 17:37:21,-36.208,797.119,1304.534,1221.343,1229.797,-0.546,-38.262
15.11.2021 17:37:22,-36.108,798.583,1304.748,1222.228,1229.919,-0.497,-38.137
15.11.2021 17:37:23,-36.007,799.285,1305.755,1222.564,1231.170,-0.555,-38.129
15.11.2021 17:37:24,-35.907,800.628,1305.755,1223.632,1231.720,-0.521,-38.004
15.11.2021 17:37:25,-35.804,802.001,1306.732,1224.426,1232.482,-0.519,-37.932
15.11.2021 17:37:26,-35.708,803.283,1307.434,1225.280,1233.398,-0.523,-37.853
15.11.2021 17:37:27,-35.605,804.351,1307.403,1226.196,1234.039,-0.505,-37.751
15.11.2021 17:37:28,-35.505,805.480,1307.678,1226.684,1234.435,-0.499,-37.662
15.11.2021 17:37:29,-35.402,807.373,1308.502,1227.752,1235.961,-0.528,-37.534
15.11.2021 17:37:30,-35.301,808.807,1309.051,1228.515,1236.907,-0.539,-37.433
15.11.2021 17:37:31,-35.206,809.844,1309.509,1229.431,1237.335,-0.507,-37.363
15.11.2021 17:37:32,-35.105,810.729,1309.906,1229.644,1238.067,-0.540,-37.304
15.11.2021 17:37:33,-35.005,811.737,1310.180,1229.949,1239.044,-0.583,-37.227
15.11.2021 17:37:34,-34.902,813.293,1311.035,1231.017,1239.624,-0.552,-37.132
15.11.2021 17:37:35,-34.801,814.331,1311.401,1231.750,1240.417,-0.555,-37.057
15.11.2021 17:37:36,-34.706,815.216,1311.584,1232.269,1240.722,-0.541,-36.986
15.11.2021 17:37:37,-34.608,816.314,1312.683,1233.215,1241.546,-0.533,-36.948
15.11.2021 17:37:38,-34.502,817.565,1313.080,1234.375,1242.156,-0.497,-36.856
15.11.2021 17:37:39,-34.394,818.786,1313.598,1234.649,1243.072,-0.538,-36.774
15.11.2021 17:37:40,-34.304,819.610,1314.056,1235.321,1243.316,-0.511,-36.725
15.11.2021 17:37:41,-34.208,820.465,1315.032,1235.626,1243.774,-0.520,-36.702
15.11.2021 17:37:42,-34.105,821.136,1315.216,1236.267,1244.812,-0.545,-36.651
15.11.2021 17:37:43,-34.005,822.082,1315.979,1237.091,1244.781,-0.491,-36.608
15.11.2021 17:37:44,-33.899,823.638,1316.985,1237.548,1245.910,-0.533,-36.524
15.11.2021 17:37:45,-33.806,824.493,1317.596,1237.823,1246.124,-0.529,-36.481
15.11.2021 17:37:46,-33.706,825.378,1318.237,1238.616,1247.223,-0.548,-36.437
15.11.2021 17:37:47,-33.600,826.080,1318.603,1238.800,1246.795,-0.509,-36.394
15.11.2021 17:37:48,-33.502,827.331,1319.427,1239.257,1247.741,-0.540,-36.327
15.11.2021 17:37:50,-33.392,828.063,1320.556,1239.837,1247.955,-0.517,-36.325
15.11.2021 17:37:51,-33.304,829.437,1321.075,1240.020,1248.443,-0.536,-36.230
15.11.2021 17:37:53,-33.196,830.078,1321.930,1240.783,1249.145,-0.532,-36.221
15.11.2021 17:37:55,-33.093,831.146,1322.113,1241.699,1249.084,-0.469,-36.134
15.11.2021 17:37:56,-32.992,832.611,1322.815,1241.668,1249.664,-0.508,-36.042
15.11.2021 17:37:57,-32.892,833.465,1323.638,1242.126,1250.183,-0.512,-36.012
15.11.2021 17:37:58,-32.791,834.014,1324.096,1242.462,1250.518,-0.512,-35.988
15.11.2021 17:37:59,-32.698,835.815,1325.134,1242.889,1251.037,-0.517,-35.885
15.11.2021 17:38:00,-32.605,836.700,1324.890,1243.896,1251.373,-0.474,-35.791
15.11.2021 17:38:01,-32.497,837.432,1325.500,1244.445,1251.892,-0.472,-35.760
15.11.2021 17:38:02,-32.407,838.043,1325.653,1244.171,1252.075,-0.501,-35.714
15.11.2021 17:38:03,-32.304,839.507,1326.324,1244.933,1252.441,-0.476,-35.621
15.11.2021 17:38:04,-32.203,840.423,1326.476,1245.117,1252.319,-0.457,-35.548
15.11.2021 17:38:05,-32.100,841.644,1326.873,1244.690,1252.807,-0.515,-35.461
15.11.2021 17:38:06,-31.997,842.895,1327.026,1245.605,1253.692,-0.512,-35.358
15.11.2021 17:38:07,-31.897,843.627,1327.178,1246.032,1253.295,-0.460,-35.301
15.11.2021 17:38:08,-31.801,844.787,1327.880,1246.551,1254.577,-0.508,-35.237
15.11.2021 17:38:09,-31.703,846.160,1327.789,1247.009,1254.394,-0.467,-35.110
15.11.2021 17:38:10,-31.595,846.954,1328.063,1247.619,1254.547,-0.438,-35.055
15.11.2021 17:38:11,-31.500,848.205,1328.460,1247.344,1255.157,-0.494,-34.966
15.11.2021 17:38:12,-31.394,849.334,1328.613,1248.046,1254.913,-0.434,-34.874
15.11.2021 17:38:13,-31.296,850.463,1328.460,1247.924,1255.615,-0.486,-34.765
15.11.2021 17:38:14,-31.208,851.165,1328.796,1248.626,1255.584,-0.440,-34.722
15.11.2021 17:38:15,-31.108,852.630,1328.796,1249.053,1255.950,-0.436,-34.592
15.11.2021 17:38:16,-31.007,853.515,1329.437,1248.687,1256.286,-0.480,-34.551
15.11.2021 17:38:17,-30.892,855.102,1329.132,1249.053,1256.561,-0.474,-34.393
15.11.2021 17:38:18,-30.794,855.499,1329.772,1249.298,1257.110,-0.493,-34.394
15.11.2021 17:38:19,-30.708,856.506,1329.528,1249.389,1256.622,-0.457,-34.292
15.11.2021 17:38:20,-30.595,857.299,1330.108,1250.122,1257.354,-0.457,-34.255
15.11.2021 17:38:21,-30.502,858.612,1329.711,1249.847,1257.080,-0.457,-34.117
15.11.2021 17:38:22,-30.399,859.741,1330.016,1250.122,1257.720,-0.480,-34.035
15.11.2021 17:38:23,-30.296,861.053,1329.590,1251.129,1257.873,-0.426,-33.895
15.11.2021 17:38:24,-30.208,861.908,1330.078,1251.159,1258.087,-0.437,-33.848
15.11.2021 17:38:25,-30.098,862.976,1330.017,1251.190,1258.514,-0.462,-33.751
15.11.2021 17:38:26,-30.007,863.555,1329.620,1251.586,1258.697,-0.448,-33.677
15.11.2021 17:38:27,-29.899,865.112,1328.643,1251.587,1258.484,-0.435,-33.485
15.11.2021 17:38:28,-29.806,865.692,1329.162,1252.380,1259.094,-0.423,-33.464
15.11.2021 17:38:29,-29.698,866.851,1329.010,1252.319,1259.368,-0.444,-33.354
15.11.2021 17:38:30,-29.598,867.553,1328.704,1252.258,1259.613,-0.464,-33.275
15.11.2021 17:38:31,-29.500,868.804,1328.369,1252.532,1259.826,-0.460,-33.147
15.11.2021 17:38:32,-29.404,869.995,1328.186,1252.899,1260.436,-0.475,-33.033
15.11.2021 17:38:33,-29.291,870.941,1328.094,1252.960,1260.314,-0.463,-32.945
15.11.2021 17:38:34,-29.203,871.734,1327.361,1253.478,1260.772,-0.459,-32.834
15.11.2021 17:38:35,-29.095,872.680,1327.667,1253.753,1261.413,-0.482,-32.770
15.11.2021 17:38:36,-28.992,874.359,1327.362,1254.485,1261.657,-0.451,-32.606
15.11.2021 17:38:37,-28.902,875.427,1326.873,1254.669,1261.718,-0.443,-32.486
15.11.2021 17:38:38,-28.801,876.464,1326.873,1254.852,1262.054,-0.453,-32.396
15.11.2021 17:38:39,-28.696,877.349,1326.629,1254.943,1262.328,-0.464,-32.305
15.11.2021 17:38:40,-28.593,878.509,1326.446,1255.340,1262.573,-0.455,-32.194
15.11.2021 17:38:41,-28.505,879.547,1326.171,1255.554,1262.634,-0.445,-32.089
15.11.2021 17:38:42,-28.392,880.645,1325.897,1256.011,1263.183,-0.451,-31.978
15.11.2021 17:38:43,-28.296,881.439,1325.988,1256.195,1263.641,-0.468,-31.915
15.11.2021 17:38:44,-28.196,882.629,1325.958,1256.744,1263.732,-0.439,-31.811
15.11.2021 17:38:45,-28.093,883.666,1326.293,1257.293,1263.702,-0.402,-31.741
15.11.2021 17:38:46,-27.997,884.765,1326.049,1257.446,1264.160,-0.421,-31.632
15.11.2021 17:38:47,-27.907,885.803,1326.049,1257.507,1264.587,-0.444,-31.543
15.11.2021 17:38:48,-27.804,886.871,1326.050,1257.904,1264.923,-0.440,-31.451
15.11.2021 17:38:49,-27.698,887.695,1326.202,1258.178,1264.953,-0.425,-31.389
15.11.2021 17:38:50,-27.605,888.855,1326.415,1258.788,1265.533,-0.423,-31.302
15.11.2021 17:38:52,-27.507,890.014,1326.233,1259.185,1265.747,-0.411,-31.192
15.11.2021 17:38:53,-27.392,891.143,1326.568,1259.155,1266.296,-0.448,-31.115
15.11.2021 17:38:54,-27.291,892.608,1326.782,1259.277,1266.387,-0.446,-31.002
15.11.2021 17:38:55,-27.198,893.066,1327.117,1260.223,1267.089,-0.430,-30.982
15.11.2021 17:38:56,-27.098,894.195,1326.874,1260.681,1267.090,-0.401,-30.872
15.11.2021 17:38:57,-27.000,895.355,1327.057,1260.498,1267.608,-0.445,-30.784
15.11.2021 17:38:58,-26.904,896.301,1327.240,1261.718,1267.425,-0.357,-30.714
15.11.2021 17:38:59,-26.801,897.491,1327.453,1262.115,1268.188,-0.380,-30.625
15.11.2021 17:39:00,-26.703,898.559,1327.484,1262.206,1268.554,-0.397,-30.536
15.11.2021 17:39:01,-26.598,899.566,1327.026,1262.725,1269.043,-0.395,-30.424
15.11.2021 17:39:02,-26.502,900.878,1326.904,1262.695,1269.256,-0.410,-30.306
15.11.2021 17:39:03,-26.399,902.587,1327.178,1262.664,1270.385,-0.483,-30.177
15.11.2021 17:39:04,-26.294,903.808,1326.812,1263.214,1269.561,-0.397,-30.053
15.11.2021 17:39:05,-26.206,904.663,1326.904,1264.068,1269.744,-0.355,-29.986
15.11.2021 17:39:06,-26.095,906.402,1326.476,1264.160,1270.477,-0.394,-29.814
15.11.2021 17:39:07,-26.002,907.592,1326.751,1264.953,1270.965,-0.375,-29.730
15.11.2021 17:39:08,-25.907,908.935,1326.416,1264.862,1271.026,-0.385,-29.597
15.11.2021 17:39:09,-25.794,909.698,1326.507,1265.289,1271.636,-0.396,-29.539
15.11.2021 17:39:10,-25.693,911.529,1325.897,1265.502,1271.514,-0.375,-29.349
15.11.2021 17:39:11,-25.598,912.811,1325.927,1266.143,1272.155,-0.375,-29.244
15.11.2021 17:39:12,-25.502,914.367,1325.683,1266.174,1272.857,-0.417,-29.099
15.11.2021 17:39:13,-25.404,916.076,1325.348,1266.937,1272.979,-0.377,-28.937
15.11.2021 17:39:14,-25.306,917.694,1325.897,1267.150,1273.376,-0.388,-28.833
15.11.2021 17:39:15,-25.201,918.365,1325.256,1267.364,1273.437,-0.378,-28.740
15.11.2021 17:39:16,-25.103,919.738,1324.554,1267.914,1273.773,-0.365,-28.585
15.11.2021 17:39:17,-24.995,920.684,1324.493,1268.310,1274.017,-0.355,-28.503
15.11.2021 17:39:18,-24.897,922.912,1324.188,1267.578,1274.413,-0.426,-28.300
15.11.2021 17:39:19,-24.804,924.072,1323.852,1269.287,1274.963,-0.353,-28.184
15.11.2021 17:39:20,-24.698,925.292,1323.120,1268.890,1275.329,-0.401,-28.040
15.11.2021 17:39:21,-24.595,927.246,1322.479,1269.378,1275.848,-0.402,-27.841
15.11.2021 17:39:22,-24.492,928.772,1322.509,1269.806,1275.695,-0.366,-27.717
15.11.2021 17:39:23,-24.397,929.840,1322.753,1269.775,1276.519,-0.419,-27.642
15.11.2021 17:39:24,-24.294,931.518,1322.204,1270.782,1276.824,-0.375,-27.472
15.11.2021 17:39:25,-24.198,932.525,1321.838,1270.721,1276.702,-0.372,-27.368
15.11.2021 17:39:26,-24.103,933.868,1321.258,1271.118,1277.435,-0.392,-27.223
15.11.2021 17:39:27,-24.007,935.455,1320.861,1271.392,1277.618,-0.387,-27.070
15.11.2021 17:39:28,-23.894,937.011,1320.434,1272.125,1277.770,-0.350,-26.917
15.11.2021 17:39:29,-23.796,938.415,1319.702,1272.094,1278.717,-0.411,-26.759
15.11.2021 17:39:30,-23.706,939.727,1319.030,1271.881,1278.198,-0.392,-26.612
15.11.2021 17:39:31,-23.600,941.070,1318.237,1272.430,1278.442,-0.373,-26.456
15.11.2021 17:39:32,-23.502,942.779,1317.962,1272.674,1279.083,-0.398,-26.300
15.11.2021 17:39:33,-23.392,943.847,1317.077,1272.918,1279.327,-0.397,-26.161
15.11.2021 17:39:34,-23.291,945.617,1316.894,1272.796,1279.479,-0.414,-26.006
15.11.2021 17:39:35,-23.206,946.991,1317.016,1273.315,1279.449,-0.380,-25.901
15.11.2021 17:39:37,-23.093,948.882,1316.040,1273.895,1279.998,-0.378,-25.690
15.11.2021 17:39:38,-23.005,949.798,1316.070,1273.834,1280.151,-0.391,-25.617
15.11.2021 17:39:40,-22.894,951.477,1315.185,1274.780,1280.609,-0.361,-25.429
15.11.2021 17:39:41,-22.801,952.575,1314.788,1274.536,1280.639,-0.378,-25.317
15.11.2021 17:39:42,-22.704,640.228,875.824,848.510,849.548,-0.096,-24.627
15.11.2021 17:39:43,-22.608,955.383,1313.903,1275.390,1280.731,-0.331,-25.037
15.11.2021 17:39:44,-22.492,957.061,1313.293,1274.871,1281.219,-0.393,-24.866
15.11.2021 17:39:45,-22.404,958.770,1312.225,1275.055,1281.250,-0.384,-24.665
15.11.2021 17:39:46,-22.296,960.113,1312.377,1275.695,1281.707,-0.372,-24.566
15.11.2021 17:39:47,-22.203,960.784,1311.828,1275.512,1281.860,-0.393,-24.479
15.11.2021 17:39:48,-22.108,962.432,1311.187,1275.573,1282.073,-0.402,-24.309
15.11.2021 17:39:49,-21.997,964.416,1310.760,1276.428,1282.104,-0.351,-24.124
15.11.2021 17:39:50,-21.892,965.911,1310.180,1276.397,1282.501,-0.377,-23.970
15.11.2021 17:39:51,-21.806,966.461,1310.455,1276.092,1282.043,-0.368,-23.942
15.11.2021 17:39:52,-21.701,968.444,1309.661,1276.458,1281.921,-0.338,-23.737
15.11.2021 17:39:53,-21.598,969.848,1309.265,1276.031,1282.592,-0.406,-23.601
15.11.2021 17:39:54,-21.507,970.550,1308.837,1276.061,1281.890,-0.361,-23.520
15.11.2021 17:39:55,-21.397,973.205,1308.715,1276.885,1282.318,-0.336,-23.301
15.11.2021 17:39:56,-21.296,973.754,1308.074,1276.824,1282.501,-0.351,-23.219
15.11.2021 17:39:57,-21.203,975.311,1307.647,1276.061,1282.836,-0.419,-23.070
15.11.2021 17:39:58,-21.100,976.348,1306.701,1276.519,1282.012,-0.340,-22.931
15.11.2021 17:39:59,-21.007,978.332,1306.487,1276.214,1282.440,-0.385,-22.761
15.11.2021 17:40:00,-20.907,979.736,1306.030,1275.817,1281.982,-0.381,-22.622
15.11.2021 17:40:01,-20.791,980.926,1305.572,1276.031,1281.890,-0.363,-22.501
15.11.2021 17:40:02,-20.693,981.811,1305.084,1275.817,1282.135,-0.391,-22.402
15.11.2021 17:40:03,-20.608,982.940,1304.595,1275.817,1281.890,-0.376,-22.284
15.11.2021 17:40:04,-20.497,984.832,1303.558,1276.000,1281.616,-0.347,-22.072
15.11.2021 17:40:05,-20.397,986.145,1303.222,1275.543,1281.585,-0.374,-21.949
15.11.2021 17:40:06,-20.301,987.945,1303.070,1275.482,1282.257,-0.419,-21.798
15.11.2021 17:40:07,-20.206,988.891,1302.398,1275.848,1281.890,-0.374,-21.683
15.11.2021 17:40:08,-20.103,990.051,1302.215,1275.390,1281.005,-0.348,-21.581
15.11.2021 17:40:09,-19.992,991.760,1301.055,1275.787,1281.311,-0.342,-21.378
15.11.2021 17:40:10,-19.892,993.499,1300.140,1275.512,1280.517,-0.310,-21.187
15.11.2021 17:40:11,-19.799,994.018,1299.835,1274.658,1280.639,-0.370,-21.128
15.11.2021 17:40:12,-19.701,995.788,1299.102,1274.780,1280.761,-0.370,-20.946
15.11.2021 17:40:13,-19.600,996.887,1298.706,1275.024,1280.487,-0.338,-20.836
15.11.2021 17:40:14,-19.490,998.901,1297.668,1274.047,1280.456,-0.397,-20.616
15.11.2021 17:40:15,-19.394,1000.274,1296.935,1274.413,1280.212,-0.359,-20.465
15.11.2021 17:40:16,-19.294,1001.770,1296.203,1274.047,1279.937,-0.365,-20.305
15.11.2021 17:40:17,-19.203,1002.838,1296.203,1274.078,1279.968,-0.365,-20.222
15.11.2021 17:40:18,-19.108,1004.516,1295.013,1273.895,1279.906,-0.373,-20.020
15.11.2021 17:40:19,-19.007,1005.798,1293.731,1273.528,1278.839,-0.329,-19.843
15.11.2021 17:40:20,-18.907,1007.842,1293.121,1273.162,1278.778,-0.348,-19.648
15.11.2021 17:40:21,-18.801,1008.911,1292.022,1272.460,1279.144,-0.415,-19.499
15.11.2021 17:40:22,-18.693,1010.009,1291.351,1272.766,1278.411,-0.350,-19.374
15.11.2021 17:40:23,-18.600,1011.535,1290.100,1272.522,1277.740,-0.324,-19.180
15.11.2021 17:40:24,-18.502,1012.725,1289.184,1271.881,1277.648,-0.358,-19.033
15.11.2021 17:40:25,-18.407,1014.251,1288.299,1271.484,1277.191,-0.354,-18.861
15.11.2021 17:40:26,-18.306,1016.021,1287.109,1271.026,1276.855,-0.362,-18.653
15.11.2021 17:40:27,-18.206,1017.059,1286.926,1270.416,1276.764,-0.394,-18.562
15.11.2021 17:40:28,-18.098,1018.158,1285.369,1270.416,1276.397,-0.372,-18.383
15.11.2021 17:40:29,-18.005,1019.775,1284.149,1269.775,1275.299,-0.343,-18.185
15.11.2021 17:40:30,-17.899,1020.263,1283.691,1269.378,1275.329,-0.370,-18.119
15.11.2021 17:40:31,-17.801,1021.758,1282.592,1269.531,1275.207,-0.353,-17.938
15.11.2021 17:40:32,-17.708,1023.071,1281.036,1268.768,1274.566,-0.361,-17.743
15.11.2021 17:40:33,-17.608,1024.322,1279.327,1267.883,1273.956,-0.378,-17.542
15.11.2021 17:40:34,-17.505,1025.482,1278.961,1267.578,1273.681,-0.380,-17.431
15.11.2021 17:40:35,-17.402,1026.275,1277.679,1267.639,1273.071,-0.338,-17.292
15.11.2021 17:40:37,-17.304,1027.770,1276.763,1267.303,1272.644,-0.333,-17.122
15.11.2021 17:40:38,-17.201,1028.900,1275.909,1266.387,1271.911,-0.344,-16.984
15.11.2021 17:40:39,-17.105,1029.968,1274.688,1265.991,1271.850,-0.365,-16.828
15.11.2021 17:40:40,-16.992,1030.883,1273.590,1266.174,1271.026,-0.303,-16.690
15.11.2021 17:40:41,-16.899,1032.043,1272.521,1265.228,1270.965,-0.358,-16.537
15.11.2021 17:40:42,-16.796,1033.111,1270.904,1265.136,1270.446,-0.331,-16.356
15.11.2021 17:40:43,-16.706,1033.935,1269.836,1264.465,1269.348,-0.305,-16.227
15.11.2021 17:40:44,-16.605,1035.369,1270.019,1264.434,1269.622,-0.324,-16.130
15.11.2021 17:40:45,-16.507,1035.949,1268.798,1263.763,1268.890,-0.320,-16.011
15.11.2021 17:40:46,-16.399,1036.437,1267.761,1263.580,1268.371,-0.299,-15.909
15.11.2021 17:40:47,-16.304,1037.475,1266.448,1262.512,1268.066,-0.347,-15.750
15.11.2021 17:40:48,-16.196,1038.452,1266.235,1262.023,1267.364,-0.334,-15.663
15.11.2021 17:40:49,-16.105,1039.428,1264.679,1261.688,1266.479,-0.300,-15.492
15.11.2021 17:40:50,-16.002,1040.405,1264.221,1261.077,1266.204,-0.321,-15.390
15.11.2021 17:40:51,-15.889,1040.740,1263.122,1261.047,1266.113,-0.317,-15.297
15.11.2021 17:40:52,-15.806,1042.388,1262.420,1259.918,1264.831,-0.308,-15.129
15.11.2021 17:40:53,-15.703,1043.029,1261.474,1260.314,1264.831,-0.283,-15.022
15.11.2021 17:40:54,-15.608,1044.128,1261.047,1258.666,1264.160,-0.345,-14.912
15.11.2021 17:40:55,-15.495,1045.013,1260.223,1258.727,1264.190,-0.343,-14.795
15.11.2021 17:40:56,-15.399,1045.288,1259.857,1258.422,1263.427,-0.314,-14.751
15.11.2021 17:40:57,-15.306,1046.691,1258.605,1257.263,1262.390,-0.322,-14.568
15.11.2021 17:40:58,-15.198,1047.576,1258.148,1257.507,1262.390,-0.307,-14.473
15.11.2021 17:40:59,-15.100,1048.156,1256.775,1256.561,1261.260,-0.295,-14.343
15.11.2021 17:41:00,-15.002,1048.858,1256.347,1255.432,1260.986,-0.349,-14.264
15.11.2021 17:41:01,-14.904,1049.591,1255.645,1255.157,1260.528,-0.338,-14.165
15.11.2021 17:41:02,-14.806,1050.598,1254.760,1255.187,1260.253,-0.319,-14.034
15.11.2021 17:41:03,-14.701,1050.933,1253.875,1254.058,1259.094,-0.317,-13.954
15.11.2021 17:41:04,-14.608,1051.727,1253.326,1253.326,1258.972,-0.356,-13.860
15.11.2021 17:41:05,-14.505,1053.253,1251.678,1253.540,1258.453,-0.309,-13.642
15.11.2021 17:41:06,-14.404,1053.711,1250.793,1252.899,1257.263,-0.275,-13.553
15.11.2021 17:41:07,-14.306,1054.077,1250.457,1251.678,1257.018,-0.337,-13.504
15.11.2021 17:41:08,-14.206,1055.358,1249.450,1251.342,1256.286,-0.312,-13.345
15.11.2021 17:41:09,-14.103,1055.419,1248.352,1250.640,1255.767,-0.324,-13.271
15.11.2021 17:41:10,-14.000,1056.335,1248.108,1249.908,1255.187,-0.333,-13.188
15.11.2021 17:41:11,-13.907,1057.556,1246.582,1249.206,1254.577,-0.339,-13.001
15.11.2021 17:41:12,-13.796,1058.349,1246.154,1249.420,1254.150,-0.299,-12.915
15.11.2021 17:41:13,-13.708,1058.380,1244.964,1248.626,1252.899,-0.270,-12.837
15.11.2021 17:41:14,-13.603,1059.417,1244.323,1248.077,1253.051,-0.315,-12.720
15.11.2021 17:41:15,-13.497,1060.546,1243.072,1247.222,1252.136,-0.311,-12.556
15.11.2021 17:41:16,-13.407,1061.004,1242.156,1246.765,1251.770,-0.317,-12.464
15.11.2021 17:41:17,-13.299,1062.133,1240.661,1246.093,1250.854,-0.302,-12.286
15.11.2021 17:41:18,-13.208,1063.171,1239.898,1245.605,1250.823,-0.331,-12.160
15.11.2021 17:41:19,-13.103,1063.903,1239.471,1244.872,1249.969,-0.323,-12.079
15.11.2021 17:41:20,-13.007,1064.727,1238.616,1244.262,1249.145,-0.310,-11.964
15.11.2021 17:41:21,-12.904,1065.795,1237.670,1244.323,1248.504,-0.265,-11.824
15.11.2021 17:41:23,-12.791,1066.741,1236.694,1242.858,1247.924,-0.322,-11.692
15.11.2021 17:41:24,-12.708,1067.993,1235.351,1242.797,1246.887,-0.260,-11.514
15.11.2021 17:41:26,-12.598,1068.664,1234.924,1241.882,1246.002,-0.262,-11.438
15.11.2021 17:41:27,-12.502,1070.220,1233.459,1241.699,1246.063,-0.277,-11.229
15.11.2021 17:41:28,-12.394,1070.587,1232.482,1240.325,1245.086,-0.303,-11.140
15.11.2021 17:41:29,-12.299,1071.899,1231.384,1239.929,1244.415,-0.286,-10.973
15.11.2021 17:41:30,-12.206,1072.631,1230.438,1239.257,1244.415,-0.329,-10.858
15.11.2021 17:41:31,-12.100,1073.242,1228.515,1239.318,1243.591,-0.272,-10.690
15.11.2021 17:41:32,-12.005,1074.005,1227.783,1238.372,1242.675,-0.274,-10.587
15.11.2021 17:41:33,-11.892,1075.256,1226.562,1237.579,1242.309,-0.302,-10.417
15.11.2021 17:41:34,-11.794,1075.836,1224.670,1236.419,1241.424,-0.320,-10.252
15.11.2021 17:41:35,-11.706,1076.782,1224.426,1236.633,1240.783,-0.265,-10.167
15.11.2021 17:41:36,-11.603,1077.942,1223.510,1235.656,1240.081,-0.283,-10.023
15.11.2021 17:41:37,-11.502,1078.063,1222.534,1234.863,1240.203,-0.341,-9.951
15.11.2021 17:41:38,-11.407,1078.674,1221.435,1234.588,1239.044,-0.285,-9.836
15.11.2021 17:41:39,-11.306,1079.956,1220.153,1233.551,1238.769,-0.334,-9.659
15.11.2021 17:41:40,-11.208,1080.474,1218.566,1233.734,1237.640,-0.250,-9.519
15.11.2021 17:41:41,-11.105,1081.054,1217.315,1233.917,1237.243,-0.213,-9.395
15.11.2021 17:41:42,-11.007,1081.634,1216.613,1232.604,1236.450,-0.246,-9.307
15.11.2021 17:41:43,-10.904,1081.848,1215.148,1232.055,1236.480,-0.284,-9.196
15.11.2021 17:41:44,-10.794,1082.305,1215.088,1231.506,1235.961,-0.286,-9.159
15.11.2021 17:41:45,-10.706,1083.038,1213.256,1231.170,1235.565,-0.282,-8.987
15.11.2021 17:41:46,-10.593,1083.312,1212.188,1230.255,1234.558,-0.276,-8.897
15.11.2021 17:41:47,-10.505,1083.892,1211.456,1230.011,1234.008,-0.257,-8.807
15.11.2021 17:41:48,-10.402,1083.801,1209.930,1229.675,1233.123,-0.221,-8.714
15.11.2021 17:41:49,-10.291,1084.442,1209.533,1228.759,1233.123,-0.280,-8.641
15.11.2021 17:41:50,-10.208,1084.594,1209.015,1227.966,1233.093,-0.330,-8.596
15.11.2021 17:41:51,-10.095,1085.357,1208.038,1227.355,1232.086,-0.304,-8.477
15.11.2021 17:41:52,-10.007,1085.754,1206.939,1227.234,1231.781,-0.293,-8.376
15.11.2021 17:41:53,-9.904,1086.303,1206.237,1226.715,1230.774,-0.261,-8.290
15.11.2021 17:41:54,-9.804,1086.120,1205.352,1226.043,1230.316,-0.275,-8.246
15.11.2021 17:41:55,-9.698,1086.914,1204.498,1225.616,1230.072,-0.287,-8.132
15.11.2021 17:41:56,-9.608,1087.402,1204.131,1225.402,1229.522,-0.265,-8.072
15.11.2021 17:41:57,-9.500,1087.188,1203.643,1224.945,1228.576,-0.234,-8.056
15.11.2021 17:41:58,-9.399,1087.829,1201.995,1223.968,1228.546,-0.295,-7.901
15.11.2021 17:41:59,-9.291,1088.378,1201.232,1223.754,1227.752,-0.258,-7.811
15.11.2021 17:42:00,-9.193,1088.287,1200.897,1222.900,1227.447,-0.294,-7.795
15.11.2021 17:42:01,-9.093,1088.867,1200.500,1223.175,1227.813,-0.299,-7.727
15.11.2021 17:42:02,-9.002,1089.813,1199.157,1222.534,1226.470,-0.254,-7.570
15.11.2021 17:42:03,-8.892,1090.148,1198.242,1222.168,1225.768,-0.233,-7.485
15.11.2021 17:42:04,-8.799,1090.942,1197.723,1221.405,1226.013,-0.298,-7.394
15.11.2021 17:42:05,-8.703,1090.759,1196.899,1221.160,1225.128,-0.257,-7.352
15.11.2021 17:42:06,-8.593,1091.308,1196.014,1220.489,1224.609,-0.267,-7.254
15.11.2021 17:42:07,-8.507,1092.010,1195.434,1220.916,1224.090,-0.205,-7.165
15.11.2021 17:42:08,-8.392,1092.346,1194.091,1219.696,1223.693,-0.259,-7.052
15.11.2021 17:42:09,-8.306,1092.651,1193.572,1219.360,1223.785,-0.287,-6.995
15.11.2021 17:42:10,-8.198,1093.261,1192.993,1218.567,1223.358,-0.310,-6.913
15.11.2021 17:42:11,-8.105,1093.811,1191.589,1218.536,1222.473,-0.255,-6.780
15.11.2021 17:42:12,-8.002,1094.024,1191.101,1218.109,1222.107,-0.259,-6.732
15.11.2021 17:42:13,-7.902,1094.482,1190.124,1217.193,1221.862,-0.303,-6.634
15.11.2021 17:42:14,-7.804,1095.428,1189.727,1216.491,1220.947,-0.289,-6.539
15.11.2021 17:42:15,-7.701,1095.458,1189.391,1216.857,1220.916,-0.263,-6.515
15.11.2021 17:42:16,-7.598,1096.496,1188.629,1215.576,1220.184,-0.299,-6.389
15.11.2021 17:42:17,-7.495,1097.045,1188.079,1216.064,1219.665,-0.234,-6.313
15.11.2021 17:42:18,-7.404,1096.954,1187.347,1215.118,1219.512,-0.286,-6.271
15.11.2021 17:42:19,-7.299,1097.686,1186.126,1214.355,1219.055,-0.306,-6.137
15.11.2021 17:42:21,-7.203,1097.564,1185.333,1214.477,1218.170,-0.240,-6.092
15.11.2021 17:42:22,-7.103,1098.266,1184.722,1214.050,1217.864,-0.248,-6.001
15.11.2021 17:42:23,-7.000,1099.121,1183.654,1213.745,1217.620,-0.252,-5.868
15.11.2021 17:42:24,-6.899,1099.945,1183.441,1213.439,1216.888,-0.224,-5.795
15.11.2021 17:42:25,-6.804,1099.853,1182.647,1212.738,1216.980,-0.276,-5.748
15.11.2021 17:42:26,-6.701,1100.860,1181.793,1212.158,1216.094,-0.256,-5.618
15.11.2021 17:42:27,-6.605,1100.921,1180.786,1211.456,1216.156,-0.306,-5.547
15.11.2021 17:42:28,-6.495,1102.355,1180.084,1211.578,1215.728,-0.270,-5.396
15.11.2021 17:42:29,-6.392,1102.600,1178.741,1210.937,1215.179,-0.277,-5.289
15.11.2021 17:42:30,-6.291,1103.118,1177.642,1210.845,1214.965,-0.269,-5.178
15.11.2021 17:42:31,-6.206,1104.187,1177.093,1210.601,1214.569,-0.259,-5.064
15.11.2021 17:42:32,-6.098,1104.400,1176.177,1209.777,1214.019,-0.277,-4.987
15.11.2021 17:42:33,-5.992,1105.712,1175.781,1209.503,1213.592,-0.267,-4.867
15.11.2021 17:42:34,-5.904,1106.506,1174.377,1208.831,1213.378,-0.297,-4.715
15.11.2021 17:42:35,-5.806,1107.238,1173.492,1208.923,1213.012,-0.267,-4.603
15.11.2021 17:42:36,-5.706,1108.215,1173.187,1208.557,1212.493,-0.257,-4.513
15.11.2021 17:42:37,-5.598,1109.130,1172.912,1208.617,1212.188,-0.233,-4.429
15.11.2021 17:42:38,-5.495,1109.375,1171.569,1208.038,1212.097,-0.265,-4.321
15.11.2021 17:42:39,-5.407,1109.680,1170.410,1207.885,1211.364,-0.227,-4.221
15.11.2021 17:42:40,-5.304,1110.382,1170.043,1208.312,1211.914,-0.235,-4.146
15.11.2021 17:42:41,-5.208,1111.023,1168.823,1207.641,1211.090,-0.225,-4.017
15.11.2021 17:42:42,-5.100,1111.389,1168.334,1207.305,1211.090,-0.247,-3.958
15.11.2021 17:42:43,-5.005,1111.694,1167.144,1206.695,1210.601,-0.256,-3.856
15.11.2021 17:42:44,-4.907,1112.548,1166.046,1206.482,1210.846,-0.286,-3.720
15.11.2021 17:42:45,-4.801,1112.823,1164.886,1206.176,1210.174,-0.262,-3.622
15.11.2021 17:42:46,-4.701,1112.854,1164.642,1206.024,1210.083,-0.266,-3.603
15.11.2021 17:42:47,-4.603,1113.555,1163.421,1206.054,1209.564,-0.230,-3.470
15.11.2021 17:42:48,-4.500,1113.494,1162.414,1205.535,1209.350,-0.250,-3.406
15.11.2021 17:42:49,-4.397,1114.135,1162.139,1205.017,1209.259,-0.278,-3.342
15.11.2021 17:42:50,-4.304,1114.654,1161.010,1205.230,1209.106,-0.254,-3.228
15.11.2021 17:42:51,-4.198,1114.745,1160.308,1204.528,1208.709,-0.274,-3.173
15.11.2021 17:42:52,-4.093,1115.295,1159.942,1204.650,1208.130,-0.228,-3.109
15.11.2021 17:42:53,-4.000,1115.783,1158.416,1203.887,1208.007,-0.270,-2.970
15.11.2021 17:42:54,-3.899,1115.203,1157.836,1203.552,1207.733,-0.274,-2.972
15.11.2021 17:42:55,-3.791,1116.150,1157.073,1203.979,1207.397,-0.224,-2.853
15.11.2021 17:42:56,-3.703,1117.034,1156.707,1203.308,1207.794,-0.294,-2.765
15.11.2021 17:42:57,-3.603,1116.638,1155.609,1203.552,1207.275,-0.244,-2.718
15.11.2021 17:42:58,-3.505,1118.133,1155.944,1202.941,1207.306,-0.286,-2.635
15.11.2021 17:42:59,-3.402,1118.041,1154.968,1203.002,1206.817,-0.250,-2.574
15.11.2021 17:43:00,-3.306,1118.225,1154.632,1202.880,1207.000,-0.270,-2.538
15.11.2021 17:43:01,-3.208,1118.347,1153.808,1202.392,1206.146,-0.246,-2.473
15.11.2021 17:43:02,-3.100,1119.354,1153.473,1202.392,1206.848,-0.293,-2.379
15.11.2021 17:43:03,-3.002,1119.201,1152.374,1202.667,1206.634,-0.260,-2.314
15.11.2021 17:43:04,-2.899,1119.720,1152.526,1202.575,1206.298,-0.244,-2.288
15.11.2021 17:43:05,-2.796,1120.483,1151.672,1202.301,1205.871,-0.234,-2.175
15.11.2021 17:43:06,-2.703,1120.819,1150.909,1201.873,1206.024,-0.273,-2.099
15.11.2021 17:43:07,-2.593,1121.429,1151.062,1201.995,1205.230,-0.212,-2.066
15.11.2021 17:43:09,-2.492,1121.582,1150.024,1201.721,1204.864,-0.207,-1.984
15.11.2021 17:43:10,-2.392,1122.131,1149.322,1200.897,1205.108,-0.277,-1.897
15.11.2021 17:43:11,-2.294,1123.046,1148.895,1201.232,1204.895,-0.241,-1.803
15.11.2021 17:43:12,-2.208,1122.863,1148.346,1201.019,1205.139,-0.271,-1.778
15.11.2021 17:43:13,-2.095,1123.657,1147.918,1201.049,1204.772,-0.245,-1.692
15.11.2021 17:43:14,-2.002,1124.053,1147.033,1200.500,1204.773,-0.281,-1.603
15.11.2021 17:43:15,-1.899,1124.725,1146.545,1200.347,1204.376,-0.265,-1.522
15.11.2021 17:43:16,-1.804,1125.000,1146.209,1200.408,1204.132,-0.245,-1.479
15.11.2021 17:43:17,-1.698,1125.732,1145.111,1200.378,1203.948,-0.235,-1.352
15.11.2021 17:43:18,-1.593,1126.556,1145.324,1200.286,1203.918,-0.239,-1.309
15.11.2021 17:43:19,-1.507,1127.014,1144.378,1200.195,1203.857,-0.241,-1.211
15.11.2021 17:43:20,-1.404,1127.380,1144.103,1200.378,1203.735,-0.221,-1.166
15.11.2021 17:43:21,-1.294,1128.265,1143.920,1200.531,1204.223,-0.243,-1.091
15.11.2021 17:43:22,-1.196,1128.875,1142.639,1200.653,1204.162,-0.231,-0.960
15.11.2021 17:43:23,-1.095,1129.669,1142.425,1200.317,1204.498,-0.275,-0.889
15.11.2021 17:43:24,-0.992,1129.699,1141.876,1200.408,1203.826,-0.225,-0.849
15.11.2021 17:43:25,-0.907,1130.615,1141.357,1200.256,1203.887,-0.239,-0.749
15.11.2021 17:43:26,-0.794,1131.011,1140.503,1200.317,1203.460,-0.207,-0.662
15.11.2021 17:43:27,-0.701,1131.103,1139.679,1200.225,1203.796,-0.235,-0.598
15.11.2021 17:43:28,-0.605,1132.232,1139.373,1199.798,1203.216,-0.225,-0.498
15.11.2021 17:43:29,-0.507,1132.934,1139.007,1200.195,1203.613,-0.225,-0.423
15.11.2021 17:43:30,-0.399,1133.575,1138.702,1199.951,1203.399,-0.227,-0.357
15.11.2021 17:43:31,-0.304,1134.643,1137.847,1200.042,1203.613,-0.235,-0.223
15.11.2021 17:43:32,-0.196,1134.796,1137.024,1200.164,1203.674,-0.231,-0.155
15.11.2021 17:43:33,-0.100,1135.345,1136.840,1200.134,1203.338,-0.211,-0.104
15.11.2021 17:43:34,0.008,1136.535,1135.833,1200.439,1203.765,-0.219,0.048
15.11.2021 17:43:35,0.096,1137.359,1135.711,1200.409,1203.674,-0.215,0.114
15.11.2021 17:43:36,0.196,1137.939,1134.765,1200.225,1203.796,-0.235,0.221
15.11.2021 17:43:37,0.307,1139.038,1134.277,1200.744,1203.948,-0.211,0.331
15.11.2021 17:43:38,0.400,1139.739,1133.880,1200.500,1203.857,-0.221,0.408
15.11.2021 17:43:39,0.503,1139.862,1133.605,1200.592,1204.162,-0.235,0.436
15.11.2021 17:43:40,0.601,1141.571,1132.476,1200.866,1204.010,-0.207,0.633
15.11.2021 17:43:41,0.701,1142.212,1132.110,1200.988,1203.826,-0.187,0.703
15.11.2021 17:43:42,0.807,1143.157,1131.225,1201.049,1203.887,-0.187,0.831
15.11.2021 17:43:43,0.902,1143.890,1130.645,1201.080,1204.254,-0.209,0.922
15.11.2021 17:43:44,0.995,1144.195,1129.669,1201.385,1204.498,-0.205,1.012
15.11.2021 17:43:45,1.098,1145.141,1129.272,1201.476,1204.620,-0.207,1.105
15.11.2021 17:43:46,1.199,1146.148,1128.539,1201.538,1205.078,-0.233,1.226
15.11.2021 17:43:47,1.304,1146.636,1127.929,1201.324,1205.077,-0.247,1.303
15.11.2021 17:43:48,1.407,1147.277,1127.716,1202.026,1205.474,-0.227,1.362
15.11.2021 17:43:49,1.493,1147.735,1126.617,1201.507,1205.230,-0.245,1.471
15.11.2021 17:43:50,1.603,1148.742,1126.129,1201.599,1205.505,-0.257,1.575
15.11.2021 17:43:51,1.701,1149.200,1125.274,1201.416,1205.718,-0.283,1.667
15.11.2021 17:43:52,1.797,1149.688,1124.298,1201.873,1205.169,-0.217,1.769
15.11.2021 17:43:53,1.892,1150.268,1124.237,1201.385,1205.902,-0.297,1.813
15.11.2021 17:43:54,2.003,1151.489,1123.351,1202.423,1205.749,-0.218,1.960
15.11.2021 17:43:55,2.101,1151.611,1122.070,1201.873,1205.566,-0.243,2.059
15.11.2021 17:43:56,2.204,1152.252,1121.887,1202.087,1206.054,-0.261,2.116
15.11.2021 17:43:57,2.297,1152.893,1120.941,1202.392,1205.383,-0.196,2.226
15.11.2021 17:43:58,2.397,1153.076,1120.635,1202.331,1206.085,-0.246,2.261
15.11.2021 17:43:59,2.493,1153.289,1119.933,1202.331,1206.634,-0.283,2.325
15.11.2021 17:44:00,2.606,1154.235,1119.567,1202.911,1206.237,-0.218,2.416
15.11.2021 17:44:01,2.704,1155.120,1119.384,1203.094,1206.909,-0.250,2.489
15.11.2021 17:44:02,2.802,1155.700,1118.743,1204.010,1207.489,-0.228,2.575
15.11.2021 17:44:03,2.892,1155.914,1118.652,1203.765,1206.664,-0.190,2.596
15.11.2021 17:44:04,2.993,1156.982,1118.011,1203.948,1207.550,-0.236,2.714
15.11.2021 17:44:06,3.096,1157.318,1117.462,1204.711,1208.068,-0.220,2.776
15.11.2021 17:44:07,3.201,1158.294,1117.065,1205.047,1207.733,-0.176,2.871
15.11.2021 17:44:08,3.304,1158.538,1117.218,1204.864,1208.251,-0.222,2.877
15.11.2021 17:44:09,3.392,1159.759,1116.272,1205.566,1208.465,-0.190,3.027
15.11.2021 17:44:10,3.498,1159.729,1116.089,1206.176,1208.648,-0.162,3.038
15.11.2021 17:44:11,3.603,1160.644,1115.966,1205.810,1208.923,-0.204,3.110
15.11.2021 17:44:12,3.696,1161.316,1115.020,1206.359,1209.289,-0.192,3.223
15.11.2021 17:44:13,3.802,1162.170,1114.379,1206.573,1209.594,-0.198,3.326
15.11.2021 17:44:14,3.905,1163.299,1114.898,1206.726,1210.723,-0.262,3.366
15.11.2021 17:44:15,3.998,1164.154,1114.105,1207.000,1210.601,-0.236,3.481
15.11.2021 17:44:16,4.106,1163.940,1113.922,1207.183,1210.632,-0.226,3.479
15.11.2021 17:44:17,4.201,1165.191,1114.105,1207.824,1210.754,-0.191,3.552
15.11.2021 17:44:18,4.297,1165.740,1113.311,1208.465,1211.456,-0.195,3.645
15.11.2021 17:44:19,4.395,1166.320,1113.006,1208.099,1211.242,-0.205,3.706
15.11.2021 17:44:20,4.500,1167.449,1112.487,1208.679,1212.066,-0.221,3.820
15.11.2021 17:44:21,4.601,1168.029,1111.907,1209.167,1212.127,-0.193,3.901
15.11.2021 17:44:22,4.704,1168.792,1111.511,1209.564,1212.493,-0.191,3.980
15.11.2021 17:44:23,4.794,1169.738,1111.480,1210.021,1213.043,-0.197,4.047
15.11.2021 17:44:24,4.907,1170.379,1110.565,1210.052,1213.073,-0.197,4.155
15.11.2021 17:44:25,5.005,1171.142,1110.961,1210.327,1213.409,-0.201,4.179
15.11.2021 17:44:26,5.108,1171.813,1110.534,1211.395,1213.989,-0.169,4.255
15.11.2021 17:44:27,5.209,1172.424,1109.313,1211.517,1214.080,-0.167,4.383
15.11.2021 17:44:28,5.307,1173.004,1109.405,1211.273,1215.118,-0.251,4.415
15.11.2021 17:44:29,5.395,1173.889,1108.398,1211.822,1215.728,-0.255,4.547
15.11.2021 17:44:30,5.503,1174.621,1108.032,1212.371,1215.179,-0.183,4.623
15.11.2021 17:44:31,5.608,1175.170,1107.452,1212.432,1216.033,-0.234,4.701
15.11.2021 17:44:32,5.704,1175.964,1107.116,1213.012,1216.003,-0.195,4.779
15.11.2021 17:44:33,5.804,1176.879,1106.750,1213.104,1216.156,-0.199,4.866
15.11.2021 17:44:34,5.907,1177.734,1106.506,1213.562,1216.827,-0.212,4.941
15.11.2021 17:44:35,5.998,1179.046,1105.895,1214.416,1217.041,-0.171,5.073
15.11.2021 17:44:36,6.098,1179.809,1105.499,1214.264,1217.407,-0.204,5.153
15.11.2021 17:44:37,6.194,1180.755,1104.889,1214.904,1218.139,-0.210,5.260
15.11.2021 17:44:38,6.304,1182.037,1104.583,1215.484,1218.444,-0.192,5.368
15.11.2021 17:44:39,6.395,1182.739,1104.186,1215.850,1219.055,-0.208,5.443
15.11.2021 17:44:40,6.493,1183.746,1103.759,1216.033,1219.055,-0.196,5.541
15.11.2021 17:44:41,6.601,1184.509,1102.447,1216.705,1219.848,-0.204,5.686
15.11.2021 17:44:42,6.699,1185.668,1103.118,1217.102,1219.940,-0.184,5.715
15.11.2021 17:44:43,6.807,1186.706,1101.898,1217.651,1220.550,-0.188,5.872
15.11.2021 17:44:44,6.900,1188.110,1100.921,1218.109,1221.130,-0.196,6.036
15.11.2021 17:44:45,7.005,1188.567,1100.524,1218.353,1221.466,-0.202,6.095
15.11.2021 17:44:46,7.096,1189.849,1100.006,1218.841,1221.862,-0.196,6.217
15.11.2021 17:44:47,7.204,1190.979,1098.968,1219.696,1222.320,-0.170,6.367
15.11.2021 17:44:48,7.307,1192.382,1098.968,1220.276,1223.541,-0.211,6.460
15.11.2021 17:44:49,7.392,1192.718,1097.930,1220.855,1223.052,-0.142,6.557
15.11.2021 17:44:50,7.503,1193.359,1097.076,1220.733,1223.663,-0.189,6.661
15.11.2021 17:44:51,7.598,1195.129,1096.588,1221.893,1224.426,-0.164,6.814
15.11.2021 17:44:53,7.706,1196.014,1095.367,1221.313,1224.578,-0.211,6.961
15.11.2021 17:44:54,7.797,1197.143,1094.451,1222.229,1225.372,-0.203,7.101
15.11.2021 17:44:55,7.902,1197.967,1093.688,1223.205,1225.525,-0.150,7.211
15.11.2021 17:44:56,7.995,1197.998,1092.926,1223.174,1226.135,-0.191,7.268
15.11.2021 17:44:58,8.106,1199.127,1092.010,1223.602,1226.287,-0.173,7.409
15.11.2021 17:45:00,8.209,1199.951,1090.576,1223.907,1227.478,-0.230,7.567
15.11.2021 17:45:01,8.302,1201.110,1090.606,1224.639,1227.081,-0.157,7.641
15.11.2021 17:45:02,8.407,1202.026,1089.965,1224.609,1227.966,-0.216,7.748
15.11.2021 17:45:03,8.505,1202.728,1088.867,1225.677,1228.363,-0.173,7.874
15.11.2021 17:45:04,8.603,1203.277,1088.409,1226.257,1228.912,-0.171,7.943
15.11.2021 17:45:05,8.699,1204.498,1087.921,1226.287,1229.797,-0.226,8.059
15.11.2021 17:45:06,8.797,1205.200,1087.035,1227.050,1229.858,-0.181,8.169
15.11.2021 17:45:07,8.892,1205.200,1086.608,1227.661,1230.163,-0.161,8.200
15.11.2021 17:45:08,8.995,1206.177,1085.998,1227.569,1231.078,-0.226,8.309
15.11.2021 17:45:09,9.093,1207.214,1085.022,1228.759,1231.964,-0.206,8.448
15.11.2021 17:45:10,9.196,1207.946,1084.960,1229.309,1232.208,-0.186,8.500
15.11.2021 17:45:11,9.292,1208.740,1084.594,1230.071,1232.971,-0.186,8.578
15.11.2021 17:45:12,9.395,1208.770,1083.648,1230.255,1233.184,-0.188,8.649
15.11.2021 17:45:13,9.498,1209.960,1083.618,1231.017,1234.283,-0.209,8.729
15.11.2021 17:45:14,9.603,1210.449,1083.007,1230.712,1234.405,-0.237,8.806
15.11.2021 17:45:15,9.704,1211.120,1081.970,1231.628,1234.741,-0.200,8.925
15.11.2021 17:45:16,9.802,1211.761,1081.909,1232.177,1235.351,-0.203,8.971
15.11.2021 17:45:17,9.902,1213.073,1081.085,1232.879,1236.266,-0.217,9.117
15.11.2021 17:45:18,9.993,1213.531,1079.925,1233.673,1236.480,-0.180,9.232
15.11.2021 17:45:19,10.108,1213.928,1080.474,1233.581,1237.304,-0.238,9.217
15.11.2021 17:45:20,10.206,1214.630,1079.376,1234.283,1237.457,-0.203,9.343
15.11.2021 17:45:21,10.304,1215.484,1078.430,1234.344,1237.945,-0.230,9.468
15.11.2021 17:45:22,10.402,1216.827,1078.491,1235.473,1239.074,-0.230,9.551
15.11.2021 17:45:23,10.498,1218.048,1077.819,1236.053,1239.044,-0.191,9.679
15.11.2021 17:45:24,10.603,1218.688,1076.660,1236.633,1239.593,-0.189,9.806
15.11.2021 17:45:25,10.704,1219.390,1076.721,1236.114,1240.112,-0.255,9.847
15.11.2021 17:45:26,10.802,1220.489,1076.049,1237.579,1240.631,-0.195,9.967
15.11.2021 17:45:27,10.892,1221.465,1075.683,1237.579,1240.692,-0.199,10.057
15.11.2021 17:45:28,11.003,1221.923,1074.981,1238.159,1241.699,-0.226,10.138
15.11.2021 17:45:29,11.103,1223.083,1074.310,1238.677,1242.126,-0.220,10.262
15.11.2021 17:45:30,11.196,1223.724,1073.211,1239.471,1242.340,-0.183,10.384
15.11.2021 17:45:31,11.302,1224.334,1073.242,1239.898,1243.072,-0.202,10.421
15.11.2021 17:45:32,11.397,1225.524,1071.960,1240.325,1243.286,-0.188,10.592
15.11.2021 17:45:33,11.503,1226.196,1071.441,1240.814,1244.232,-0.217,10.674
15.11.2021 17:45:34,11.593,1227.233,1071.075,1241.424,1244.476,-0.194,10.767
15.11.2021 17:45:35,11.694,1228.454,1069.976,1242.218,1244.994,-0.176,10.927
15.11.2021 17:45:36,11.794,1228.881,1068.908,1242.584,1245.239,-0.169,11.033
15.11.2021 17:45:37,11.902,1229.949,1068.328,1243.255,1246.582,-0.211,11.144
15.11.2021 17:45:38,12.003,1230.712,1067.321,1243.408,1247.253,-0.244,11.267
15.11.2021 17:45:39,12.093,1231.689,1066.558,1244.415,1247.253,-0.180,11.386
15.11.2021 17:45:40,12.201,1233.215,1065.734,1244.445,1247.985,-0.225,11.545
15.11.2021 17:45:41,12.299,1234.191,1064.819,1244.750,1248.138,-0.215,11.675
15.11.2021 17:45:42,12.395,1234.985,1064.056,1245.422,1248.840,-0.217,11.782
15.11.2021 17:45:43,12.500,1235.717,1063.110,1245.391,1248.840,-0.219,11.899
15.11.2021 17:45:44,12.601,1237.396,1061.584,1245.971,1249.389,-0.217,12.119
15.11.2021 17:45:45,12.699,1237.976,1061.126,1246.887,1249.816,-0.185,12.190
15.11.2021 17:45:46,12.799,1238.677,1060.180,1247.161,1250.000,-0.180,12.305
15.11.2021 17:45:47,12.892,1239.807,1059.295,1247.558,1250.427,-0.181,12.442
15.11.2021 17:45:48,13.003,1240.967,1058.258,1248.687,1251.129,-0.154,12.593
15.11.2021 17:45:49,13.101,1242.401,1057.006,1248.718,1251.922,-0.203,12.777
15.11.2021 17:45:51,13.196,1243.133,1055.664,1249.420,1252.258,-0.179,12.924
15.11.2021 17:45:52,13.297,1244.323,1054.290,1249.481,1252.776,-0.208,13.101
15.11.2021 17:45:53,13.400,1245.635,1053.375,1249.816,1253.173,-0.212,13.253
15.11.2021 17:45:54,13.493,1246.978,1052.459,1250.640,1254.058,-0.216,13.406
15.11.2021 17:45:55,13.596,1248.229,1050.872,1250.946,1253.509,-0.162,13.603
15.11.2021 17:45:56,13.694,1249.206,1049.102,1251.556,1254.272,-0.171,13.798
15.11.2021 17:45:57,13.802,1250.488,1048.980,1251.739,1255.340,-0.227,13.887
15.11.2021 17:45:58,13.892,1251.098,1046.722,1252.532,1255.493,-0.187,14.095
15.11.2021 17:45:59,14.005,1252.441,1045.715,1252.472,1255.645,-0.200,14.255
15.11.2021 17:46:00,14.093,1253.234,1044.555,1253.173,1255.889,-0.171,14.392
15.11.2021 17:46:01,14.201,1254.394,1042.663,1253.357,1256.011,-0.167,14.607
15.11.2021 17:46:02,14.292,1254.760,1042.266,1253.509,1257.080,-0.225,14.660
15.11.2021 17:46:03,14.392,1256.103,1040.466,1254.119,1257.049,-0.184,14.880
15.11.2021 17:46:04,14.493,1257.049,1039.367,1254.485,1257.293,-0.177,15.022
15.11.2021 17:46:05,14.601,1257.629,1038.970,1254.943,1258.300,-0.211,15.088
15.11.2021 17:46:06,14.696,1258.544,1036.559,1255.767,1258.788,-0.190,15.328
15.11.2021 17:46:07,14.794,1259.063,1035.736,1255.981,1258.514,-0.159,15.422
15.11.2021 17:46:08,14.897,1259.674,1035.095,1256.134,1259.399,-0.205,15.509
15.11.2021 17:46:09,15.000,1260.437,1033.813,1256.469,1259.704,-0.203,15.654
15.11.2021 17:46:10,15.096,1261.200,1032.836,1257.171,1259.857,-0.169,15.775
15.11.2021 17:46:11,15.196,1261.871,1031.799,1257.385,1260.406,-0.190,15.896
15.11.2021 17:46:12,15.297,1262.024,1030.487,1258.209,1260.436,-0.140,16.005
15.11.2021 17:46:13,15.397,1262.969,1029.113,1258.056,1260.803,-0.172,16.169
15.11.2021 17:46:14,15.500,1263.000,1028.076,1258.422,1261.474,-0.191,16.250
15.11.2021 17:46:15,15.596,1263.946,1026.702,1258.972,1262.023,-0.191,16.413
15.11.2021 17:46:16,15.704,1264.098,1026.306,1258.849,1262.420,-0.224,16.453
15.11.2021 17:46:17,15.797,1264.801,1024.566,1259.307,1262.848,-0.222,16.629
15.11.2021 17:46:18,15.895,1265.472,1023.407,1259.124,1262.847,-0.233,16.760
15.11.2021 17:46:19,15.995,1266.082,1022.430,1260.009,1262.786,-0.174,16.872
15.11.2021 17:46:20,16.101,1266.265,1021.667,1259.552,1263.214,-0.230,16.942
15.11.2021 17:46:21,16.196,1267.150,1020.477,1260.345,1263.366,-0.189,17.088
15.11.2021 17:46:22,16.302,1267.547,1019.805,1260.681,1263.610,-0.183,17.164
15.11.2021 17:46:23,16.400,1268.188,1018.920,1260.711,1263.610,-0.182,17.272
15.11.2021 17:46:24,16.493,1269.012,1017.456,1261.291,1263.885,-0.162,17.435
15.11.2021 17:46:25,16.601,1269.287,1016.845,1261.535,1264.312,-0.174,17.499
15.11.2021 17:46:26,16.699,1270.324,1015.716,1261.993,1264.465,-0.155,17.650
15.11.2021 17:46:27,16.792,1270.965,1014.587,1261.901,1264.892,-0.187,17.777
15.11.2021 17:46:28,16.897,1271.087,1013.549,1262.084,1264.587,-0.156,17.864
15.11.2021 17:46:29,16.995,1272.003,1012.176,1261.962,1265.319,-0.210,18.027
15.11.2021 17:46:30,17.096,1272.765,1011.138,1262.573,1265.533,-0.185,18.154
15.11.2021 17:46:31,17.196,1273.223,1009.979,1262.359,1265.442,-0.193,18.271
15.11.2021 17:46:32,17.292,1273.437,1008.606,1262.084,1265.747,-0.229,18.391
15.11.2021 17:46:33,17.395,1274.688,1007.904,1262.390,1265.594,-0.200,18.522
15.11.2021 17:46:34,17.495,1275.177,1005.950,1262.512,1265.960,-0.216,18.704
15.11.2021 17:46:35,17.596,1275.817,1005.126,1262.664,1265.625,-0.185,18.807
15.11.2021 17:46:36,17.699,1276.733,1003.570,1263.061,1265.350,-0.143,18.984
15.11.2021 17:46:37,17.792,1277.252,1002.441,1263.336,1266.174,-0.177,19.104
15.11.2021 17:46:38,17.895,1278.167,1001.037,1263.458,1266.052,-0.162,19.269
15.11.2021 17:46:40,18.005,1279.022,999.572,1263.458,1265.899,-0.152,19.436
15.11.2021 17:46:41,18.103,1279.632,998.443,1263.092,1265.563,-0.154,19.561
15.11.2021 17:46:43,18.196,1280.364,996.917,1263.824,1265.930,-0.131,19.725
15.11.2021 17:46:44,18.302,1280.303,995.788,1263.641,1265.472,-0.114,19.810
15.11.2021 17:46:45,18.407,1281.738,993.682,1263.671,1266.143,-0.154,20.062
15.11.2021 17:46:46,18.500,1282.257,991.943,1263.702,1266.326,-0.164,20.230
15.11.2021 17:46:47,18.598,1282.714,991.302,1263.458,1265.869,-0.151,20.308
15.11.2021 17:46:48,18.701,1283.569,989.685,1263.793,1266.082,-0.143,20.487
15.11.2021 17:46:49,18.797,1284.576,988.067,1263.702,1265.808,-0.131,20.676
15.11.2021 17:46:50,18.905,1284.942,986.450,1263.275,1265.777,-0.156,20.826
15.11.2021 17:46:51,18.995,1286.193,984.588,1263.275,1265.838,-0.160,21.049
15.11.2021 17:46:52,19.098,1286.712,982.788,1262.908,1265.197,-0.143,21.222
15.11.2021 17:46:53,19.201,1287.414,981.536,1263.244,1265.502,-0.141,21.364
15.11.2021 17:46:54,19.299,1288.146,979.889,1262.695,1265.045,-0.147,21.539
15.11.2021 17:46:55,19.392,1288.879,978.546,1262.634,1264.556,-0.120,21.690
15.11.2021 17:46:56,19.493,1289.947,977.325,1262.756,1264.434,-0.105,21.851
15.11.2021 17:46:57,19.598,1290.313,975.341,1262.542,1264.801,-0.141,22.031
15.11.2021 17:46:58,19.701,1291.564,974.273,1262.847,1264.404,-0.097,22.192
15.11.2021 17:46:59,19.797,1292.022,972.228,1262.786,1264.312,-0.095,22.382
15.11.2021 17:47:00,19.902,1292.602,971.435,1262.969,1264.251,-0.080,22.481
15.11.2021 17:47:01,19.998,1292.968,969.573,1261.535,1264.190,-0.166,22.652
15.11.2021 17:47:02,20.108,1293.334,967.864,1262.085,1264.404,-0.145,22.810
15.11.2021 17:47:03,20.201,1293.884,965.789,1261.444,1263.976,-0.158,23.010
15.11.2021 17:47:04,20.302,1294.311,964.050,1261.993,1263.824,-0.114,23.175
15.11.2021 17:47:05,20.400,1294.952,962.463,1261.383,1262.786,-0.088,23.341
15.11.2021 17:47:06,20.498,1295.135,961.517,1260.955,1263.214,-0.141,23.429
15.11.2021 17:47:07,20.596,1295.806,960.144,1259.979,1261.993,-0.126,23.580
15.11.2021 17:47:08,20.696,1296.264,958.862,1261.352,1262.084,-0.045,23.710
15.11.2021 17:47:09,20.797,1296.356,957.092,1260.284,1261.657,-0.086,23.859
15.11.2021 17:47:10,20.895,1296.722,955.718,1259.948,1261.810,-0.116,23.992
15.11.2021 17:47:11,20.998,1297.546,954.254,1260.345,1261.901,-0.097,24.160
15.11.2021 17:47:12,21.096,1297.363,952.240,1259.368,1260.986,-0.101,24.313
15.11.2021 17:47:13,21.199,1297.882,951.141,1259.368,1260.833,-0.092,24.433
15.11.2021 17:47:14,21.299,1298.217,949.127,1259.460,1260.803,-0.084,24.617
15.11.2021 17:47:15,21.392,1298.126,948.119,1259.124,1260.375,-0.078,24.693
15.11.2021 17:47:16,21.493,1298.553,946.655,1258.056,1259.582,-0.096,24.838
15.11.2021 17:47:17,21.596,1298.248,945.037,1257.812,1259.460,-0.103,24.952
15.11.2021 17:47:18,21.701,1298.644,943.359,1256.896,1258.880,-0.124,25.113
15.11.2021 17:47:19,21.794,1299.377,942.382,1257.263,1258.697,-0.090,25.237
15.11.2021 17:47:20,21.897,1299.163,940.368,1257.018,1257.934,-0.057,25.389
15.11.2021 17:47:21,21.993,1299.316,939.148,1256.194,1257.415,-0.076,25.499
15.11.2021 17:47:22,22.093,1299.102,938.324,1256.408,1257.568,-0.073,25.554
15.11.2021 17:47:23,22.201,1299.560,936.584,1256.439,1257.171,-0.046,25.724
15.11.2021 17:47:24,22.302,1298.766,935.394,1255.706,1256.775,-0.067,25.775
15.11.2021 17:47:25,22.397,1298.949,934.204,1254.944,1256.134,-0.075,25.884
15.11.2021 17:47:26,22.493,1299.224,932.983,1255.096,1255.645,-0.034,26.001
15.11.2021 17:47:27,22.601,1299.591,931.762,1255.035,1255.676,-0.040,26.124
15.11.2021 17:47:28,22.704,1299.133,930.541,1254.150,1255.432,-0.080,26.198
15.11.2021 17:47:29,22.799,1298.950,928.741,1253.509,1254.364,-0.053,26.336
15.11.2021 17:47:30,22.897,1299.469,927.642,1253.387,1254.730,-0.084,26.458
15.11.2021 17:47:31,23.000,1299.682,926.391,1253.234,1253.997,-0.048,26.575
15.11.2021 17:47:32,23.101,1299.346,925.262,1252.441,1253.295,-0.054,26.649
15.11.2021 17:47:33,23.204,1299.224,924.041,1252.410,1252.746,-0.021,26.743
15.11.2021 17:47:35,23.299,1299.713,922.607,1252.258,1251.708,0.034,26.892
15.11.2021 17:47:36,23.387,1300.262,922.149,1251.678,1252.166,-0.030,26.962
15.11.2021 17:47:37,23.493,1300.231,920.806,1250.915,1251.983,-0.067,27.073
15.11.2021 17:47:38,23.591,1300.415,919.494,1251.403,1251.037,0.023,27.193
15.11.2021 17:47:39,23.694,1300.506,918.518,1250.579,1251.129,-0.034,27.280
15.11.2021 17:47:40,23.787,1301.147,917.053,1249.938,1250.213,-0.017,27.441
15.11.2021 17:47:41,23.887,1300.750,916.015,1249.939,1250.335,-0.025,27.505
15.11.2021 17:47:42,23.988,1299.896,914.398,1249.298,1249.633,-0.021,27.590
15.11.2021 17:47:43,24.096,1300.811,912.902,1248.901,1249.664,-0.048,27.770
15.11.2021 17:47:44,24.191,1301.025,911.743,1248.077,1248.413,-0.021,27.880
15.11.2021 17:47:45,24.297,1301.300,910.186,1247.558,1248.229,-0.042,28.027
15.11.2021 17:47:46,24.397,1301.696,909.088,1246.978,1247.497,-0.032,28.143
15.11.2021 17:47:47,24.493,1301.666,908.111,1247.039,1247.161,-0.007,28.224
15.11.2021 17:47:48,24.591,1302.398,906.189,1246.276,1247.100,-0.052,28.430
15.11.2021 17:47:49,24.696,1302.825,904.907,1246.124,1246.643,-0.032,28.563
15.11.2021 17:47:50,24.789,1302.734,903.594,1245.605,1246.093,-0.031,28.669
15.11.2021 17:47:51,24.895,1303.436,902.252,1245.025,1245.605,-0.036,28.825
15.11.2021 17:47:52,24.993,1303.161,901.092,1245.117,1245.117,0.000,28.907
15.11.2021 17:47:53,25.101,1303.772,899.780,1244.110,1244.690,-0.036,29.054
15.11.2021 17:47:54,25.194,1304.412,898.528,1243.988,1244.232,-0.015,29.199
15.11.2021 17:47:55,25.294,1303.527,896.881,1243.835,1243.652,0.011,29.287
15.11.2021 17:47:56,25.392,1304.382,895.751,1243.499,1243.499,0.000,29.434
15.11.2021 17:47:57,25.493,1304.779,894.256,1243.530,1242.919,0.038,29.585
15.11.2021 17:47:58,25.601,1305.053,892.974,1243.072,1242.279,0.050,29.711
15.11.2021 17:47:59,25.701,1304.962,891.387,1242.370,1242.523,-0.009,29.841
15.11.2021 17:48:00,25.797,1305.419,889.953,1242.004,1241.729,0.017,29.991
15.11.2021 17:48:01,25.900,1306.182,888.763,1241.821,1242.034,-0.013,30.138
15.11.2021 17:48:02,25.995,1305.755,887.451,1241.576,1241.241,0.021,30.226
15.11.2021 17:48:03,26.101,1305.907,886.199,1241.058,1240.936,0.007,30.342
15.11.2021 17:48:04,26.194,1306.121,885.131,1240.722,1241.516,-0.050,30.447
15.11.2021 17:48:05,26.297,1306.304,884.033,1240.844,1240.814,0.001,30.552
15.11.2021 17:48:06,26.397,1306.060,882.537,1240.539,1239.715,0.052,30.667
15.11.2021 17:48:07,26.490,1306.244,880.554,1240.051,1239.685,0.023,30.849
15.11.2021 17:48:08,26.596,1306.610,879.821,1239.410,1239.349,0.003,30.934
15.11.2021 17:48:09,26.696,1306.304,878.478,1239.410,1239.379,0.001,31.033
15.11.2021 17:48:10,26.792,1306.488,877.136,1238.800,1239.410,-0.039,31.160
15.11.2021 17:48:11,26.895,1306.182,876.068,1239.440,1238.616,0.052,31.235
15.11.2021 17:48:12,26.993,1305.938,874.725,1238.861,1238.219,0.041,31.338
15.11.2021 17:48:13,27.096,1306.274,873.809,1238.311,1238.159,0.009,31.437
15.11.2021 17:48:14,27.189,1306.121,872.619,1238.311,1237.915,0.025,31.532
15.11.2021 17:48:15,27.302,1305.816,871.063,1237.793,1237.335,0.029,31.650
15.11.2021 17:48:16,27.390,1305.816,869.903,1236.877,1237.274,-0.025,31.751
15.11.2021 17:48:17,27.503,1305.114,868.804,1236.938,1236.541,0.025,31.806
15.11.2021 17:48:18,27.593,1305.877,867.767,1237.091,1236.541,0.035,31.942
15.11.2021 17:48:19,27.694,1305.359,866.516,1236.938,1235.931,0.064,32.021
15.11.2021 17:48:20,27.789,1305.206,865.753,1236.755,1236.419,0.021,32.079
15.11.2021 17:48:21,27.897,1305.023,864.227,1236.328,1235.626,0.045,32.203
15.11.2021 17:48:22,27.988,1305.236,863.403,1236.358,1235.443,0.058,32.288
15.11.2021 17:48:23,28.093,1304.504,862.396,1235.778,1235.381,0.025,32.334
15.11.2021 17:48:25,28.196,1304.351,861.572,1236.145,1235.473,0.043,32.397
15.11.2021 17:48:27,28.302,1304.015,859.741,1235.748,1235.443,0.019,32.539
15.11.2021 17:48:28,28.390,1303.833,858.550,1235.473,1235.076,0.025,32.634
15.11.2021 17:48:29,28.503,1303.588,857.391,1235.198,1234.985,0.013,32.722
15.11.2021 17:48:30,28.588,1302.947,856.658,1235.107,1234.100,0.064,32.750
15.11.2021 17:48:32,28.701,1302.917,855.163,1234.924,1233.856,0.068,32.880
15.11.2021 17:48:33,28.794,1302.612,854.095,1234.436,1233.673,0.048,32.957
15.11.2021 17:48:34,28.890,1301.910,853.424,1234.619,1233.032,0.101,32.976
15.11.2021 17:48:35,29.003,1301.666,851.989,1234.069,1233.032,0.066,33.089
15.11.2021 17:48:36,29.096,1300.933,851.440,1233.642,1232.696,0.060,33.096
15.11.2021 17:48:37,29.201,1301.025,850.250,1233.612,1232.818,0.050,33.207
15.11.2021 17:48:38,29.287,1300.689,849.151,1233.764,1232.574,0.076,33.285
15.11.2021 17:48:39,29.392,1299.987,848.327,1232.879,1232.391,0.031,33.318
15.11.2021 17:48:40,29.495,1299.285,846.832,1232.818,1232.086,0.047,33.411
15.11.2021 17:48:41,29.593,1299.011,846.496,1233.123,1231.719,0.090,33.425
15.11.2021 17:48:42,29.694,1298.492,845.703,1232.940,1232.177,0.049,33.465
15.11.2021 17:48:43,29.797,1298.248,844.299,1233.184,1231.048,0.137,33.577
15.11.2021 17:48:44,29.895,1297.515,843.597,1232.238,1230.987,0.080,33.597
15.11.2021 17:48:45,29.990,1297.241,842.071,1232.147,1230.957,0.076,33.718
15.11.2021 17:48:46,30.093,1296.844,841.461,1232.055,1231.048,0.064,33.750
15.11.2021 17:48:47,30.196,1296.783,840.698,1232.177,1230.438,0.111,33.815
15.11.2021 17:48:48,30.294,1296.630,839.233,1231.170,1229.461,0.110,33.938
15.11.2021 17:48:49,30.395,1296.234,838.714,1231.903,1230.102,0.115,33.961
15.11.2021 17:48:50,30.490,1295.684,837.341,1230.590,1229.064,0.098,34.053
15.11.2021 17:48:51,30.598,1295.135,836.242,1230.560,1228.973,0.102,34.120
15.11.2021 17:48:52,30.694,1295.318,835.357,1230.407,1228.820,0.102,34.211
15.11.2021 17:48:53,30.794,1295.440,834.106,1230.163,1228.637,0.098,34.331
15.11.2021 17:48:54,30.892,1295.165,833.038,1229.522,1227.813,0.110,34.412
15.11.2021 17:48:55,30.993,1295.257,832.092,1229.461,1228.088,0.088,34.503
15.11.2021 17:48:56,31.098,1295.104,830.352,1229.614,1227.203,0.155,34.652
15.11.2021 17:48:57,31.196,1294.769,829.528,1229.064,1226.989,0.133,34.708
15.11.2021 17:48:58,31.292,1294.769,827.819,1228.759,1226.287,0.159,34.863
15.11.2021 17:48:59,31.397,1295.257,826.690,1228.240,1226.104,0.137,34.995
15.11.2021 17:49:00,31.495,1294.799,825.591,1227.539,1225.982,0.100,35.068
15.11.2021 17:49:01,31.588,1295.135,824.249,1227.294,1225.280,0.130,35.210
15.11.2021 17:49:02,31.701,1294.311,822.540,1226.745,1224.548,0.142,35.319
15.11.2021 17:49:03,31.789,1294.677,821.685,1226.196,1224.151,0.132,35.418
15.11.2021 17:49:04,31.892,1294.311,819.824,1225.555,1224.365,0.076,35.568
15.11.2021 17:49:05,31.993,1293.945,818.542,1225.280,1223.632,0.106,35.664
15.11.2021 17:49:06,32.088,1294.311,817.565,1224.914,1222.503,0.156,35.775
15.11.2021 17:49:07,32.199,1293.792,815.673,1224.761,1221.649,0.201,35.919
15.11.2021 17:49:08,32.289,1293.182,814.727,1223.693,1221.587,0.136,35.971
15.11.2021 17:49:09,32.397,1293.548,813.598,1223.327,1221.038,0.148,36.097
15.11.2021 17:49:10,32.488,1292.572,812.438,1223.205,1220.001,0.207,36.147
15.11.2021 17:49:11,32.593,1291.870,811.096,1222.198,1219.451,0.178,36.230
15.11.2021 17:49:12,32.694,1291.900,809.509,1221.405,1219.085,0.150,36.379
15.11.2021 17:49:13,32.799,1290.771,808.135,1220.977,1218.170,0.182,36.441
15.11.2021 17:49:14,32.895,1290.252,807.586,1220.153,1217.773,0.154,36.462
15.11.2021 17:49:15,32.990,1290.099,805.053,1220.001,1216.674,0.216,36.689
15.11.2021 17:49:16,33.093,1289.031,804.046,1219.207,1215.759,0.224,36.720
15.11.2021 17:49:17,33.196,1288.116,802.825,1218.292,1215.850,0.158,36.781
15.11.2021 17:49:18,33.294,1287.567,801.513,1217.895,1214.965,0.190,36.872
15.11.2021 17:49:20,33.390,1286.773,800.262,1216.979,1214.019,0.192,36.943
15.11.2021 17:49:21,33.493,1285.583,798.675,1215.667,1212.951,0.177,37.022
15.11.2021 17:49:22,33.596,1284.789,796.997,1214.691,1212.310,0.155,37.133
15.11.2021 17:49:23,33.691,1283.935,795.989,1214.080,1211.639,0.159,37.178
15.11.2021 17:49:24,33.799,1282.776,794.586,1213.012,1210.815,0.143,37.243
15.11.2021 17:49:25,33.895,1282.073,793.243,1212.463,1208.923,0.231,37.328
15.11.2021 17:49:26,33.990,1281.036,791.839,1211.090,1208.618,0.161,37.400
15.11.2021 17:49:27,34.091,1280.364,790.161,1209.899,1207.000,0.190,37.520
15.11.2021 17:49:28,34.194,1279.418,788.970,1209.197,1206.085,0.204,37.577
15.11.2021 17:49:29,34.297,1278.778,787.414,1208.129,1205.139,0.196,37.687
15.11.2021 17:49:30,34.387,1278.015,786.560,1207.153,1203.948,0.210,37.724
15.11.2021 17:49:31,34.488,1276.702,785.156,1206.176,1203.460,0.178,37.781
15.11.2021 17:49:32,34.588,1275.848,783.538,1204.803,1202.087,0.178,37.885
15.11.2021 17:49:33,34.694,1274.291,782.104,1204.315,1200.958,0.221,37.931
15.11.2021 17:49:34,34.787,1273.467,780.822,1202.575,1199.798,0.183,38.005
15.11.2021 17:49:35,34.892,1271.759,779.693,1201.660,1198.516,0.207,38.012
15.11.2021 17:49:36,34.995,1271.515,778.137,1200.378,1197.387,0.197,38.147
15.11.2021 17:49:37,35.091,1269.012,776.702,1199.096,1196.166,0.193,38.138
15.11.2021 17:49:38,35.191,1268.524,775.360,1198.303,1195.221,0.204,38.238
15.11.2021 17:49:39,35.294,1267.273,774.322,1197.296,1194.213,0.204,38.265
15.11.2021 17:49:40,35.400,1265.563,772.674,1195.037,1192.688,0.155,38.323
15.11.2021 17:49:41,35.490,1264.190,771.911,1194.305,1191.223,0.204,38.316
15.11.2021 17:49:42,35.591,1262.970,770.599,1193.084,1190.490,0.172,38.371
15.11.2021 17:49:43,35.691,1262.603,768.859,1192.260,1189.208,0.203,38.517
15.11.2021 17:49:44,35.792,1261.169,768.371,1190.917,1188.354,0.170,38.480
15.11.2021 17:49:45,35.895,1259.765,766.784,1189.453,1186.676,0.185,38.551
15.11.2021 17:49:46,36.000,1259.246,765.045,1188.507,1185.669,0.189,38.690
15.11.2021 17:49:47,36.096,1257.690,764.862,1187.347,1184.082,0.218,38.615
15.11.2021 17:49:48,36.191,1255.981,763.000,1185.089,1183.044,0.136,38.696
15.11.2021 17:49:49,36.294,1255.126,761.810,1184.020,1181.365,0.177,38.761
15.11.2021 17:49:50,36.400,1253.662,760.711,1182.800,1179.504,0.221,38.782
15.11.2021 17:49:51,36.503,1252.899,758.850,1180.999,1179.168,0.122,38.919
15.11.2021 17:49:52,36.591,1251.922,758.209,1180.328,1177.001,0.223,38.924
15.11.2021 17:49:53,36.696,1251.068,756.744,1179.412,1176.483,0.197,39.017
15.11.2021 17:49:54,36.799,1250.030,755.004,1177.154,1174.438,0.183,39.126
15.11.2021 17:49:55,36.902,1248.687,753.601,1176.086,1173.431,0.179,39.185
15.11.2021 17:49:56,36.995,1248.016,752.624,1174.438,1172.332,0.142,39.241
15.11.2021 17:49:57,37.088,1246.856,751.037,1173.370,1170.318,0.206,39.329
15.11.2021 17:49:58,37.201,1245.971,749.542,1171.966,1169.158,0.190,39.425
15.11.2021 17:49:59,37.287,1244.598,747.955,1170.287,1167.388,0.196,39.500
15.11.2021 17:50:00,37.395,1243.957,746.398,1169.067,1166.198,0.194,39.617
15.11.2021 17:50:01,37.503,1242.645,744.750,1166.870,1164.825,0.138,39.702
15.11.2021 17:50:02,37.593,1241.729,743.835,1165.893,1163.360,0.172,39.739
15.11.2021 17:50:03,37.691,1240.814,742.187,1164.520,1161.621,0.197,39.849
15.11.2021 17:50:04,37.789,1239.166,740.295,1162.933,1159.912,0.206,39.940
15.11.2021 17:50:05,37.887,1238.952,738.372,1161.621,1159.301,0.158,40.120
15.11.2021 17:50:06,37.993,1237.609,736.907,1159.759,1157.165,0.177,40.187
15.11.2021 17:50:07,38.091,1236.480,735.504,1158.019,1155.914,0.144,40.260
15.11.2021 17:50:08,38.201,1235.229,733.520,1156.677,1154.083,0.177,40.386
15.11.2021 17:50:09,38.294,1234.100,732.421,1155.609,1152.496,0.213,40.429
15.11.2021 17:50:10,38.395,1232.727,730.010,1153.045,1151.519,0.104,40.591
15.11.2021 17:50:11,38.503,1231.231,727.935,1152.252,1149.322,0.201,40.712
15.11.2021 17:50:13,38.603,1229.644,726.135,1150.085,1147.918,0.149,40.799
15.11.2021 17:50:14,38.701,1228.698,724.121,1148.284,1145.874,0.166,40.948
15.11.2021 17:50:15,38.802,1227.264,723.114,1146.942,1144.653,0.158,40.964
15.11.2021 17:50:16,38.897,1225.280,720.703,1144.989,1142.364,0.181,41.092
15.11.2021 17:50:17,38.993,1223.815,719.421,1143.585,1141.510,0.143,41.135
15.11.2021 17:50:18,39.101,1222.533,717.590,1141.601,1139.800,0.125,41.246
15.11.2021 17:50:19,39.196,1220.642,715.454,1140.533,1138.214,0.161,41.352
15.11.2021 17:50:20,39.292,1218.689,714.447,1138.519,1136.505,0.140,41.337
15.11.2021 17:50:21,39.387,1217.864,712.158,1136.932,1134.704,0.155,41.524
15.11.2021 17:50:22,39.495,1215.728,710.296,1135.192,1133.392,0.125,41.588
15.11.2021 17:50:23,39.588,1213.653,709.045,1133.117,1131.591,0.106,41.592
15.11.2021 17:50:24,39.691,1211.730,706.817,1131.774,1130.279,0.104,41.707
15.11.2021 17:50:25,39.792,1209.930,704.711,1130.126,1127.990,0.149,41.817
15.11.2021 17:50:26,39.897,1208.160,703.582,1128.662,1126.861,0.126,41.828
15.11.2021 17:50:27,39.990,1206.573,701.873,1127.227,1125.457,0.124,41.910
15.11.2021 17:50:28,40.088,1204.620,699.951,1125.152,1123.779,0.096,41.993
15.11.2021 17:50:29,40.189,1202.972,698.059,1123.382,1122.375,0.071,42.091
15.11.2021 17:50:30,40.292,1201.263,695.892,1122.039,1120.330,0.120,42.216
15.11.2021 17:50:31,40.400,1199.432,694.549,1120.056,1118.652,0.099,42.245
15.11.2021 17:50:32,40.490,1197.113,692.504,1118.194,1117.431,0.054,42.320
15.11.2021 17:50:33,40.593,1195.556,691.436,1117.340,1115.936,0.099,42.338
15.11.2021 17:50:34,40.696,1194.061,689.605,1115.173,1114.685,0.034,42.441
15.11.2021 17:50:35,40.799,1191.955,687.652,1113.861,1112.854,0.071,42.520
15.11.2021 17:50:36,40.897,1190.032,685.821,1111.999,1110.900,0.078,42.597
15.11.2021 17:50:37,40.993,1188.873,684.417,1110.565,1109.710,0.060,42.676
15.11.2021 17:50:38,41.098,1186.828,683.105,1109.314,1108.489,0.058,42.690
15.11.2021 17:50:39,41.199,1184.661,681.304,1107.543,1106.567,0.069,42.750
15.11.2021 17:50:40,41.299,1182.891,679.656,1106.323,1105.072,0.089,42.818
15.11.2021 17:50:41,41.402,1181.213,678.253,1104.431,1103.607,0.059,42.866
15.11.2021 17:50:42,41.498,1179.138,676.757,1102.996,1101.715,0.092,42.899
15.11.2021 17:50:43,41.601,1177.520,674.774,1101.318,1100.372,0.068,43.013
15.11.2021 17:50:44,41.701,1175.506,673.217,1099.822,1099.395,0.030,43.057
15.11.2021 17:50:45,41.794,1174.346,672.058,1098.571,1097.198,0.099,43.111
15.11.2021 17:50:46,41.892,1172.546,670.227,1096.954,1096.221,0.052,43.199
15.11.2021 17:50:47,41.993,1170.867,669.281,1095.214,1094.482,0.052,43.198
15.11.2021 17:50:48,42.101,1169.158,667.694,1094.116,1093.505,0.044,43.264
15.11.2021 17:50:49,42.196,1166.778,665.924,1092.468,1091.094,0.099,43.310
15.11.2021 17:50:50,42.297,1164.733,664.794,1090.179,1089.996,0.013,43.306
15.11.2021 17:50:51,42.395,1163.909,663.665,1089.569,1088.470,0.079,43.378
15.11.2021 17:50:52,42.495,1161.987,662.139,1087.860,1087.463,0.028,43.426
15.11.2021 17:50:53,42.596,1159.759,660.736,1085.937,1085.449,0.035,43.441
15.11.2021 17:50:54,42.699,1158.416,659.118,1084.350,1083.526,0.060,43.535
15.11.2021 17:50:55,42.789,1156.463,657.928,1083.160,1082.733,0.031,43.544
15.11.2021 17:50:56,42.895,1154.815,656.311,1081.237,1080.657,0.042,43.620
15.11.2021 17:50:57,42.993,1153.259,654.968,1079.651,1079.467,0.013,43.671
15.11.2021 17:50:58,43.088,1151.733,653.625,1078.491,1077.880,0.044,43.725
15.11.2021 17:50:59,43.196,1149.902,651.947,1076.782,1076.141,0.047,43.796
15.11.2021 17:51:00,43.294,1148.101,650.299,1075.225,1074.615,0.045,43.867
15.11.2021 17:51:01,43.392,1147.125,648.773,1073.577,1072.937,0.047,43.976
15.11.2021 17:51:02,43.500,1145.294,647.186,1071.685,1071.258,0.031,44.039
15.11.2021 17:51:03,43.591,1143.493,645.965,1069.946,1069.671,0.020,44.062
15.11.2021 17:51:05,43.691,1141.815,643.798,1068.054,1068.084,-0.002,44.200
15.11.2021 17:51:06,43.792,1141.021,642.608,1067.321,1065.857,0.108,44.284
15.11.2021 17:51:07,43.890,1139.404,640.838,1065.063,1064.666,0.029,44.382
15.11.2021 17:51:08,43.990,1137.817,638.885,1062.866,1063.110,-0.018,44.503
15.11.2021 17:51:09,44.103,1135.803,636.810,1061.279,1060.333,0.070,44.611
15.11.2021 17:51:10,44.191,1134.429,635.223,1059.631,1058.959,0.050,44.705
15.11.2021 17:51:11,44.289,1132.751,633.636,1058.074,1057.647,0.031,44.780
15.11.2021 17:51:12,44.395,1131.225,631.896,1056.060,1055.450,0.045,44.882
15.11.2021 17:51:13,44.493,1129.974,630.737,1054.107,1053.833,0.020,44.935
15.11.2021 17:51:14,44.598,1127.838,628.662,1052.154,1051.940,0.016,45.037
15.11.2021 17:51:15,44.691,1125.885,627.258,1050.720,1050.903,-0.013,45.074
15.11.2021 17:51:16,44.797,1124.328,625.885,1048.309,1048.553,-0.018,45.133
15.11.2021 17:51:17,44.887,1122.985,623.992,1046.844,1046.966,-0.009,45.266
15.11.2021 17:51:18,45.000,1120.819,622.131,1045.196,1044.891,0.023,45.343
15.11.2021 17:51:19,45.091,1119.415,620.727,1043.304,1043.518,-0.016,45.416
15.11.2021 17:51:20,45.189,1117.126,619.110,1041.534,1041.412,0.009,45.457
15.11.2021 17:51:21,45.287,1115.386,617.156,1038.757,1039.459,-0.053,45.573
15.11.2021 17:51:22,45.387,1113.769,616.088,1037.536,1037.414,0.009,45.594
15.11.2021 17:51:23,45.490,1112.243,614.318,1035.827,1035.461,0.028,45.703
15.11.2021 17:51:24,45.593,1109.954,612.854,1033.355,1034.118,-0.058,45.727
15.11.2021 17:51:25,45.694,1107.940,610.809,1031.860,1032.043,-0.014,45.838
15.11.2021 17:51:26,45.789,1106.658,609.893,1030.334,1030.487,-0.011,45.863
15.11.2021 17:51:27,45.895,1104.614,608.215,1028.350,1028.686,-0.025,45.929
15.11.2021 17:51:28,45.998,1102.447,606.842,1026.825,1026.641,0.014,45.950
15.11.2021 17:51:29,46.088,1100.341,605.651,1024.841,1025.451,-0.047,45.954
15.11.2021 17:51:30,46.191,1098.449,603.912,1022.827,1023.101,-0.021,46.038
15.11.2021 17:51:31,46.294,1096.038,602.752,1021.118,1020.996,0.009,46.018
15.11.2021 17:51:32,46.392,1094.207,601.104,1019.317,1019.714,-0.030,46.095
15.11.2021 17:51:33,46.490,1092.895,599.670,1018.035,1018.249,-0.016,46.181
15.11.2021 17:51:34,46.598,1090.759,598.144,1016.082,1015.930,0.011,46.224
15.11.2021 17:51:35,46.696,1089.141,596.984,1014.160,1014.617,-0.035,46.257
15.11.2021 17:51:36,46.789,1087.005,595.367,1012.054,1012.481,-0.033,46.312
15.11.2021 17:51:37,46.895,1084.716,594.238,1010.223,1010.406,-0.014,46.296
15.11.2021 17:51:38,46.988,1082.305,592.651,1008.544,1009.063,-0.040,46.329
15.11.2021 17:51:39,47.091,1079.528,591.094,1006.225,1006.927,-0.055,46.333
15.11.2021 17:51:40,47.196,1077.728,590.332,1004.272,1005.523,-0.098,46.306
15.11.2021 17:51:41,47.294,1075.897,588.378,1002.502,1002.899,-0.031,46.423
15.11.2021 17:51:42,47.395,1073.089,587.249,1000.183,1000.793,-0.048,46.373
15.11.2021 17:51:43,47.490,1071.166,585.815,998.382,999.236,-0.067,46.420
15.11.2021 17:51:44,47.593,1068.878,584.533,996.246,996.337,-0.007,46.424
15.11.2021 17:51:45,47.696,1066.162,583.038,994.384,994.323,0.004,46.425
15.11.2021 17:51:46,47.787,1064.422,581.573,992.096,992.523,-0.034,46.489
15.11.2021 17:51:47,47.890,1062.072,580.657,989.715,990.203,-0.039,46.443
15.11.2021 17:51:48,47.988,1059.356,579.467,987.579,988.281,-0.056,46.406
15.11.2021 17:51:49,48.091,1057.189,578.338,985.778,986.328,-0.044,46.399
15.11.2021 17:51:50,48.201,1054.626,576.812,983.337,984.497,-0.093,46.415
15.11.2021 17:51:51,48.297,1052.307,575.561,981.384,982.147,-0.061,46.412
15.11.2021 17:51:52,48.400,1049.835,574.218,979.095,979.919,-0.066,46.411
15.11.2021 17:51:53,48.490,1047.454,573.089,976.714,977.447,-0.059,46.389
15.11.2021 17:51:54,48.593,1045.471,571.777,974.639,975.402,-0.062,46.418
15.11.2021 17:51:55,48.704,1042.907,570.831,971.954,973.052,-0.089,46.360
15.11.2021 17:51:56,48.802,1040.374,568.786,969.879,970.947,-0.087,46.444
15.11.2021 17:51:57,48.895,1038.421,568.084,968.231,968.780,-0.044,46.397
15.11.2021 17:51:58,49.003,1036.224,566.467,964.904,966.125,-0.100,46.450
15.11.2021 17:51:59,49.103,1034.301,565.338,963.104,964.080,-0.080,46.460
15.11.2021 17:52:00,49.204,1031.524,563.720,959.991,961.883,-0.156,46.473
15.11.2021 17:52:01,49.294,1030.120,562.774,958.801,959.411,-0.050,46.496
15.11.2021 17:52:02,49.400,1027.587,561.187,956.176,957.031,-0.070,46.522
15.11.2021 17:52:03,49.490,1025.543,560.180,953.826,954.925,-0.091,46.508
15.11.2021 17:52:04,49.596,1023.407,558.532,951.690,952.606,-0.076,46.571
15.11.2021 17:52:05,49.691,1021.423,557.556,949.310,950.836,-0.127,46.557
15.11.2021 17:52:06,49.799,1020.111,556.030,947.265,947.875,-0.051,46.662
15.11.2021 17:52:07,49.895,1017.730,554.901,944.519,945.648,-0.094,46.640
15.11.2021 17:52:08,49.995,1015.899,553.192,942.321,943.298,-0.082,46.733
15.11.2021 17:52:09,50.103,1013.916,552.124,939.483,941.009,-0.128,46.731
15.11.2021 17:52:10,50.191,1012.084,551.361,937.744,939.117,-0.115,46.701
15.11.2021 17:52:11,50.294,1010.284,549.255,934.997,936.187,-0.100,46.849
15.11.2021 17:52:12,50.395,1007.629,548.309,932.556,934.783,-0.189,46.783
15.11.2021 17:52:13,50.503,1006.103,546.722,930.603,932.250,-0.140,46.883
15.11.2021 17:52:14,50.596,1003.906,545.623,928.527,929.840,-0.111,46.870
15.11.2021 17:52:15,50.691,1001.830,544.311,926.147,927.825,-0.143,46.895
15.11.2021 17:52:16,50.797,999.969,543.029,923.706,925.415,-0.146,46.931
15.11.2021 17:52:17,50.897,997.955,541.961,921.661,923.248,-0.136,46.928
15.11.2021 17:52:18,50.993,996.368,540.161,919.860,921.386,-0.131,47.053
15.11.2021 17:52:19,51.103,993.469,539.001,917.114,919.067,-0.168,46.998
15.11.2021 17:52:20,51.196,992.309,537.597,915.222,917.022,-0.155,47.102
15.11.2021 17:52:21,51.299,989.684,536.560,913.177,914.886,-0.148,47.050
15.11.2021 17:52:22,51.402,987.243,534.790,910.369,912.200,-0.159,47.110
15.11.2021 17:52:23,51.495,985.717,533.355,908.142,910.369,-0.194,47.193
15.11.2021 17:52:24,51.593,983.764,532.775,906.250,908.966,-0.237,47.128
15.11.2021 17:52:25,51.704,980.743,530.853,903.655,906.402,-0.240,47.167
15.11.2021 17:52:26,51.797,978.637,529.815,902.008,904.296,-0.200,47.153
15.11.2021 17:52:27,51.890,976.928,528.686,899.963,902.313,-0.206,47.181
15.11.2021 17:52:28,51.998,974.456,526.977,897.735,900.176,-0.215,47.232
15.11.2021 17:52:29,52.088,972.351,526.000,895.843,898.315,-0.218,47.209
15.11.2021 17:52:30,52.199,969.879,524.414,893.158,895.843,-0.237,47.244
15.11.2021 17:52:31,52.299,967.956,523.406,890.808,893.951,-0.279,47.239
15.11.2021 17:52:32,52.395,965.728,521.728,889.221,891.509,-0.203,47.305
15.11.2021 17:52:33,52.490,963.592,520.629,886.993,889.800,-0.250,47.297
15.11.2021 17:52:34,52.596,961.029,519.378,884.277,887.115,-0.253,47.278
15.11.2021 17:52:35,52.689,959.411,518.035,882.385,885.314,-0.262,47.344
15.11.2021 17:52:36,52.794,956.726,516.784,879.882,883.758,-0.348,47.316
15.11.2021 17:52:37,52.897,954.833,515.350,878.204,881.408,-0.288,47.374
15.11.2021 17:52:38,52.993,952.178,514.373,876.037,879.150,-0.281,47.310
15.11.2021 17:52:39,53.093,950.653,512.451,874.237,877.655,-0.309,47.464
15.11.2021 17:52:40,53.201,947.662,511.566,871.459,875.000,-0.321,47.361
15.11.2021 17:52:41,53.294,945.587,509.948,869.689,873.107,-0.310,47.432
15.11.2021 17:52:42,53.400,943.115,508.758,868.133,871.063,-0.266,47.411
15.11.2021 17:52:43,53.500,941.223,507.598,865.753,869.354,-0.328,47.431
15.11.2021 17:52:44,53.598,938.598,505.615,863.922,866.760,-0.259,47.512
15.11.2021 17:52:45,53.701,936.126,505.004,862.121,865.295,-0.291,47.409
15.11.2021 17:52:46,53.797,934.082,503.417,860.199,863.098,-0.266,47.478
15.11.2021 17:52:47,53.890,931.488,502.410,858.428,861.633,-0.295,47.422
15.11.2021 17:52:48,54.000,929.260,501.556,855.682,859.344,-0.338,47.372
15.11.2021 17:52:50,54.101,926.879,499.816,853.973,858.001,-0.372,47.438
15.11.2021 17:52:51,54.199,924.316,498.657,851.623,855.224,-0.334,47.406
15.11.2021 17:52:52,54.297,922.027,497.436,849.823,853.912,-0.380,47.404
15.11.2021 17:52:53,54.387,919.464,496.612,847.992,852.081,-0.381,47.322
15.11.2021 17:52:54,54.493,917.327,495.147,845.947,849.517,-0.333,47.368
15.11.2021 17:52:55,54.601,914.794,493.499,843.566,847.015,-0.323,47.409
15.11.2021 17:52:56,54.691,912.292,492.553,842.041,846.221,-0.392,47.350
15.11.2021 17:52:57,54.794,910.278,491.241,839.782,843.963,-0.393,47.383
15.11.2021 17:52:58,54.890,907.775,489.837,837.676,842.224,-0.428,47.390
15.11.2021 17:52:59,54.993,905.670,488.586,836.151,839.721,-0.337,47.407
15.11.2021 17:53:00,55.091,902.862,487.030,834.289,838.256,-0.375,47.414
15.11.2021 17:53:01,55.196,900.238,486.145,831.817,836.090,-0.405,47.335
15.11.2021 17:53:02,55.294,898.223,484.375,829.925,834.198,-0.406,47.436
15.11.2021 17:53:03,55.395,896.453,483.154,827.758,832.367,-0.439,47.476
15.11.2021 17:53:04,55.493,893.737,481.750,825.836,830.047,-0.403,47.467
15.11.2021 17:53:05,55.601,891.052,480.468,823.150,827.850,-0.451,47.442
15.11.2021 17:53:06,55.701,889.740,478.820,821.319,825.958,-0.446,47.584
15.11.2021 17:53:07,55.789,887.908,477.386,819.427,824.035,-0.444,47.651
15.11.2021 17:53:08,55.887,885.467,475.891,817.596,822.174,-0.442,47.679
15.11.2021 17:53:09,55.998,883.209,474.761,815.521,820.373,-0.470,47.666
15.11.2021 17:53:10,56.103,881.561,473.632,813.995,818.908,-0.476,47.703
15.11.2021 17:53:11,56.194,879.577,472.229,811.798,816.467,-0.454,47.755
15.11.2021 17:53:12,56.299,877.594,470.977,809.967,814.910,-0.482,47.783
15.11.2021 17:53:13,56.390,875.549,469.757,807.525,812.713,-0.507,47.802
15.11.2021 17:53:14,56.500,873.657,468.078,805.969,810.852,-0.478,47.904
15.11.2021 17:53:15,56.598,872.344,467.041,804.382,808.990,-0.452,47.956
15.11.2021 17:53:16,56.699,870.239,465.301,801.940,807.128,-0.510,48.050
15.11.2021 17:53:17,56.802,868.530,463.989,800.048,805.328,-0.521,48.112
15.11.2021 17:53:18,56.902,866.394,462.554,798.522,803.009,-0.443,48.158
15.11.2021 17:53:19,56.998,864.227,460.876,795.806,801.025,-0.517,48.239
15.11.2021 17:53:20,57.093,862.792,459.808,794.281,799.072,-0.476,48.286
15.11.2021 17:53:21,57.194,860.931,458.038,792.358,797.210,-0.483,48.408
15.11.2021 17:53:22,57.294,859.527,455.993,790.771,795.440,-0.466,48.613
15.11.2021 17:53:23,57.387,857.421,455.230,788.726,793.273,-0.455,48.557
15.11.2021 17:53:24,57.490,855.743,453.582,786.865,791.534,-0.468,48.676
15.11.2021 17:53:25,57.596,853.363,451.843,784.149,789.093,-0.498,48.752
15.11.2021 17:53:26,57.696,851.776,450.408,782.318,787.170,-0.489,48.847
15.11.2021 17:53:27,57.799,849.060,449.249,780.639,785.308,-0.472,48.803
15.11.2021 17:53:28,57.890,847.015,447.479,778.594,783.294,-0.476,48.913
15.11.2021 17:53:29,57.988,844.940,445.800,776.428,781.066,-0.471,49.006
15.11.2021 17:53:30,58.101,843.261,444.641,774.291,778.778,-0.457,49.050
15.11.2021 17:53:31,58.189,840.423,442.657,771.972,777.465,-0.561,49.129
15.11.2021 17:53:32,58.289,838.409,440.826,769.958,775.207,-0.538,49.254
15.11.2021 17:53:33,58.387,836.791,439.544,768.554,773.437,-0.501,49.324
15.11.2021 17:53:34,58.493,834.503,438.079,766.021,770.751,-0.487,49.367
15.11.2021 17:53:35,58.601,831.512,436.645,764.190,769.195,-0.517,49.345
15.11.2021 17:53:36,58.689,829.986,435.241,762.420,766.967,-0.471,49.444
15.11.2021 17:53:37,58.789,827.117,433.135,759.735,764.526,-0.498,49.543
15.11.2021 17:53:38,58.890,825.042,431.549,757.751,762.634,-0.508,49.626
15.11.2021 17:53:39,58.993,822.265,430.053,755.493,760.223,-0.494,49.633
15.11.2021 17:53:40,59.101,820.220,428.314,753.143,758.300,-0.540,49.745
15.11.2021 17:53:42,59.204,817.291,427.093,750.701,755.828,-0.539,49.693
15.11.2021 17:53:43,59.289,814.910,425.048,748.931,753.570,-0.489,49.828
15.11.2021 17:53:44,59.392,812.194,423.553,745.727,750.946,-0.552,49.841
15.11.2021 17:53:45,59.500,810.119,422.119,743.957,749.359,-0.573,49.900
15.11.2021 17:53:46,59.593,807.159,420.532,741.851,747.161,-0.565,49.908
15.11.2021 17:53:47,59.694,805.572,419.128,739.807,744.995,-0.553,50.006
15.11.2021 17:53:48,59.802,802.825,417.358,737.640,742.523,-0.522,50.064
15.11.2021 17:53:49,59.895,799.804,415.863,735.076,740.264,-0.557,50.051
15.11.2021 17:53:50,59.988,797.851,414.276,732.879,738.311,-0.585,50.150
