# Sensor: ADPD2140, Rotationstage: ELL18M
Datetime,Stage Angle,xL,xR,yL,yR,X,Y
15.11.2021 16:22:30,-59.992,470.031,890.106,812.622,819.000,-0.619,-48.945
15.11.2021 16:22:31,-59.896,471.099,892.333,814.270,821.166,-0.668,-48.962
15.11.2021 16:22:32,-59.801,472.412,894.012,816.040,822.723,-0.646,-48.897
15.11.2021 16:22:33,-59.698,473.175,896.606,818.054,824.829,-0.653,-48.989
15.11.2021 16:22:34,-59.592,475.006,897.979,820.495,826.690,-0.596,-48.822
15.11.2021 16:22:35,-59.507,476.409,900.665,821.991,828.613,-0.635,-48.824
15.11.2021 16:22:36,-59.396,477.966,903.655,824.188,831.329,-0.683,-48.828
15.11.2021 16:22:37,-59.296,479.522,905.578,826.629,832.946,-0.603,-48.747
15.11.2021 16:22:38,-59.208,480.957,907.440,827.911,834.777,-0.654,-48.680
15.11.2021 16:22:39,-59.100,482.696,909.973,830.169,836.669,-0.618,-48.621
15.11.2021 16:22:40,-59.007,483.551,912.261,832.367,839.233,-0.650,-48.675
15.11.2021 16:22:41,-58.894,484.863,914.794,833.709,841.400,-0.727,-48.679
15.11.2021 16:22:42,-58.801,487.213,916.534,836.364,843.139,-0.639,-48.468
15.11.2021 16:22:43,-58.705,487.823,918.914,837.951,845.031,-0.666,-48.565
15.11.2021 16:22:44,-58.602,489.318,921.081,840.362,846.923,-0.616,-48.514
15.11.2021 16:22:45,-58.507,490.692,923.034,841.979,849.182,-0.674,-48.465
15.11.2021 16:22:46,-58.399,492.553,925.781,844.116,851.043,-0.647,-48.406
15.11.2021 16:22:47,-58.301,493.957,927.612,845.642,853.027,-0.689,-48.344
15.11.2021 16:22:48,-58.205,494.934,930.084,847.808,855.041,-0.673,-48.393
15.11.2021 16:22:49,-58.107,496.978,932.159,849.975,856.567,-0.612,-48.257
15.11.2021 16:22:50,-57.997,498.718,934.753,852.386,859.283,-0.638,-48.206
15.11.2021 16:22:51,-57.901,499.542,936.950,854.522,861.358,-0.631,-48.256
15.11.2021 16:22:52,-57.806,500.976,939.239,855.804,862.487,-0.616,-48.225
15.11.2021 16:22:53,-57.703,502.258,941.253,858.306,864.898,-0.606,-48.195
15.11.2021 16:22:54,-57.605,504.089,943.511,860.137,866.607,-0.593,-48.106
15.11.2021 16:22:55,-57.504,505.249,946.105,862.243,869.659,-0.678,-48.138
15.11.2021 16:22:56,-57.404,506.439,947.875,864.196,871.398,-0.657,-48.103
15.11.2021 16:22:57,-57.293,508.178,951.690,866.790,873.565,-0.616,-48.146
15.11.2021 16:22:58,-57.208,509.246,952.728,868.041,875.000,-0.632,-48.073
15.11.2021 16:22:59,-57.105,510.864,955.047,870.636,876.831,-0.561,-48.020
15.11.2021 16:23:00,-56.999,512.176,957.366,872.467,879.547,-0.640,-48.010
15.11.2021 16:23:01,-56.904,513.610,959.045,874.603,881.439,-0.616,-47.935
15.11.2021 16:23:02,-56.808,514.434,961.486,876.403,883.117,-0.604,-48.002
15.11.2021 16:23:03,-56.695,515.838,963.928,878.356,885.131,-0.608,-47.989
15.11.2021 16:23:04,-56.607,516.754,965.972,880.645,887.054,-0.574,-48.013
15.11.2021 16:23:05,-56.507,518.249,967.926,882.324,889.709,-0.660,-47.951
15.11.2021 16:23:06,-56.391,519.897,969.604,884.246,891.448,-0.642,-47.847
15.11.2021 16:23:07,-56.298,520.782,971.862,886.413,893.310,-0.614,-47.892
15.11.2021 16:23:08,-56.200,522.308,973.907,888.366,895.111,-0.599,-47.833
15.11.2021 16:23:09,-56.107,523.406,975.921,890.228,897.003,-0.600,-47.830
15.11.2021 16:23:10,-56.004,524.597,977.813,892.486,899.230,-0.596,-47.806
15.11.2021 16:23:11,-55.904,525.451,979.247,893.798,901.061,-0.641,-47.794
15.11.2021 16:23:12,-55.793,526.977,981.933,896.209,903.198,-0.615,-47.783
15.11.2021 16:23:13,-55.698,528.198,984.039,898.040,905.090,-0.619,-47.770
15.11.2021 16:23:14,-55.605,529.296,985.870,899.627,907.012,-0.647,-47.755
15.11.2021 16:23:15,-55.492,530.364,987.671,901.458,909.210,-0.678,-47.741
15.11.2021 16:23:16,-55.401,531.799,990.295,904.052,911.071,-0.612,-47.738
15.11.2021 16:23:17,-55.296,533.111,991.638,905.761,913.147,-0.643,-47.658
15.11.2021 16:23:18,-55.200,534.240,994.354,908.020,914.794,-0.589,-47.702
15.11.2021 16:23:19,-55.092,535.736,996.093,910.156,917.419,-0.629,-47.627
15.11.2021 16:23:20,-55.002,536.407,997.924,912.078,919.219,-0.617,-47.669
15.11.2021 16:23:21,-54.899,537.597,1000.824,914.642,921.081,-0.555,-47.718
15.11.2021 16:23:22,-54.806,538.513,1002.319,916.076,923.583,-0.646,-47.703
15.11.2021 16:23:23,-54.705,540.252,1004.028,918.518,925.537,-0.603,-47.594
15.11.2021 16:23:24,-54.605,541.015,1006.133,920.318,927.246,-0.594,-47.643
15.11.2021 16:23:25,-54.492,542.419,1008.422,922.973,929.962,-0.597,-47.620
15.11.2021 16:23:26,-54.406,543.518,1010.620,925.140,931.854,-0.572,-47.631
15.11.2021 16:23:27,-54.306,544.342,1012.664,926.574,934.417,-0.667,-47.667
15.11.2021 16:23:28,-54.205,546.356,1014.434,929.382,936.187,-0.578,-47.527
15.11.2021 16:23:29,-54.105,547.332,1016.723,930.877,938.171,-0.618,-47.561
15.11.2021 16:23:30,-54.004,548.492,1018.676,933.532,940.277,-0.570,-47.546
15.11.2021 16:23:31,-53.899,549.407,1020.874,935.455,942.474,-0.592,-47.582
15.11.2021 16:23:32,-53.808,550.506,1022.735,937.744,944.519,-0.570,-47.569
15.11.2021 16:23:33,-53.708,551.727,1024.902,939.361,946.777,-0.623,-47.562
15.11.2021 16:23:34,-53.605,552.459,1027.252,941.833,949.066,-0.606,-47.631
15.11.2021 16:23:35,-53.507,553.649,1029.693,944.763,951.934,-0.599,-47.647
15.11.2021 16:23:36,-53.391,555.053,1031.860,946.807,953.857,-0.587,-47.616
15.11.2021 16:23:37,-53.301,555.999,1034.302,949.279,956.024,-0.560,-47.664
15.11.2021 16:23:38,-53.208,557.128,1036.071,951.355,958.526,-0.595,-47.641
15.11.2021 16:23:39,-53.097,558.258,1037.841,953.247,960.021,-0.561,-47.618
15.11.2021 16:23:40,-52.994,559.967,1040.557,955.688,963.439,-0.640,-47.586
15.11.2021 16:23:41,-52.904,560.821,1043.304,958.251,965.423,-0.590,-47.666
15.11.2021 16:23:42,-52.806,561.828,1044.983,960.082,967.956,-0.647,-47.653
15.11.2021 16:23:43,-52.705,563.415,1048.217,962.341,970.062,-0.633,-47.672
15.11.2021 16:23:44,-52.607,564.422,1049.865,965.270,972.686,-0.606,-47.657
15.11.2021 16:23:45,-52.507,565.826,1052.307,966.644,974.792,-0.665,-47.645
15.11.2021 16:23:46,-52.406,567.169,1054.901,968.963,976.959,-0.651,-47.652
15.11.2021 16:23:47,-52.303,568.084,1057.800,972.015,979.766,-0.629,-47.733
15.11.2021 16:23:48,-52.203,569.671,1060.180,974.609,982.269,-0.620,-47.694
15.11.2021 16:23:49,-52.102,570.861,1062.622,976.745,984.558,-0.631,-47.709
15.11.2021 16:23:50,-52.007,571.990,1065.063,978.820,986.816,-0.644,-47.732
15.11.2021 16:23:51,-51.906,573.577,1067.321,981.628,989.105,-0.601,-47.685
15.11.2021 16:23:52,-51.803,574.340,1070.434,983.703,991.607,-0.634,-47.799
15.11.2021 16:23:53,-51.708,575.714,1071.899,985.687,993.591,-0.632,-47.726
15.11.2021 16:23:54,-51.605,577.056,1074.127,988.098,995.910,-0.624,-47.708
15.11.2021 16:23:55,-51.502,578.399,1076.751,990.478,998.260,-0.620,-47.716
15.11.2021 16:23:56,-51.401,580.047,1078.857,992.645,1000.610,-0.633,-47.652
15.11.2021 16:23:57,-51.308,580.902,1080.963,994.720,1002.471,-0.615,-47.686
15.11.2021 16:23:58,-51.203,582.366,1083.404,997.283,1005.737,-0.668,-47.667
15.11.2021 16:23:59,-51.102,583.618,1084.960,999.328,1007.446,-0.641,-47.616
15.11.2021 16:24:00,-51.007,584.899,1087.371,1000.976,1009.643,-0.683,-47.618
15.11.2021 16:24:01,-50.906,586.273,1089.599,1003.478,1011.566,-0.636,-47.596
15.11.2021 16:24:02,-50.803,587.707,1091.400,1005.828,1013.366,-0.591,-47.539
15.11.2021 16:24:03,-50.703,588.897,1093.322,1007.690,1015.838,-0.638,-47.520
15.11.2021 16:24:04,-50.607,590.881,1094.757,1009.857,1017.761,-0.617,-47.372
15.11.2021 16:24:06,-50.504,592.346,1097.778,1011.688,1019.805,-0.633,-47.393
15.11.2021 16:24:07,-50.406,592.529,1099.670,1013.916,1021.545,-0.594,-47.494
15.11.2021 16:24:08,-50.306,594.421,1101.165,1015.655,1023.864,-0.637,-47.363
15.11.2021 16:24:09,-50.208,595.916,1103.637,1018.127,1025.940,-0.605,-47.343
15.11.2021 16:24:10,-50.105,597.198,1105.957,1020.660,1028.564,-0.611,-47.339
15.11.2021 16:24:11,-50.004,598.937,1108.032,1022.369,1030.547,-0.631,-47.265
15.11.2021 16:24:12,-49.899,600.097,1109.405,1024.139,1031.921,-0.599,-47.215
15.11.2021 16:24:13,-49.806,601.318,1111.633,1025.573,1034.515,-0.687,-47.213
15.11.2021 16:24:14,-49.708,602.935,1113.250,1028.045,1036.498,-0.648,-47.124
15.11.2021 16:24:15,-49.605,604.431,1115.447,1030.059,1038.452,-0.642,-47.087
15.11.2021 16:24:16,-49.507,605.285,1117.492,1031.890,1040.252,-0.639,-47.117
15.11.2021 16:24:17,-49.404,607.269,1119.232,1033.630,1042.541,-0.680,-46.993
15.11.2021 16:24:18,-49.308,608.306,1120.696,1035.217,1044.006,-0.669,-46.965
15.11.2021 16:24:19,-49.208,609.497,1122.497,1037.139,1046.081,-0.680,-46.939
15.11.2021 16:24:20,-49.100,610.992,1124.328,1039.276,1048.095,-0.669,-46.880
15.11.2021 16:24:21,-48.997,612.823,1126.342,1041.656,1050.170,-0.645,-46.793
15.11.2021 16:24:22,-48.899,614.074,1128.021,1042.968,1051.788,-0.667,-46.753
15.11.2021 16:24:23,-48.806,615.692,1129.821,1044.983,1054.046,-0.684,-46.678
15.11.2021 16:24:24,-48.708,617.095,1131.408,1047.088,1055.633,-0.644,-46.615
15.11.2021 16:24:25,-48.607,618.499,1133.148,1048.889,1057.433,-0.642,-46.562
15.11.2021 16:24:26,-48.507,619.781,1134.796,1050.842,1059.051,-0.616,-46.517
15.11.2021 16:24:27,-48.406,621.307,1136.077,1052.581,1060.973,-0.629,-46.421
15.11.2021 16:24:28,-48.301,622.436,1138.061,1054.351,1063.140,-0.657,-46.416
15.11.2021 16:24:29,-48.205,623.901,1139.495,1055.786,1064.422,-0.645,-46.337
15.11.2021 16:24:30,-48.105,626.037,1141.510,1057.800,1067.077,-0.691,-46.217
15.11.2021 16:24:31,-48.002,627.349,1143.615,1059.844,1068.145,-0.618,-46.199
15.11.2021 16:24:32,-47.906,628.570,1144.683,1062.072,1070.922,-0.657,-46.125
15.11.2021 16:24:33,-47.808,630.065,1146.575,1063.446,1072.113,-0.643,-46.073
15.11.2021 16:24:34,-47.708,631.530,1148.956,1065.643,1074.218,-0.635,-46.055
15.11.2021 16:24:35,-47.607,633.148,1150.390,1067.443,1075.836,-0.620,-45.960
15.11.2021 16:24:36,-47.507,634.552,1151.702,1069.549,1077.545,-0.590,-45.882
15.11.2021 16:24:37,-47.406,635.833,1153.808,1070.709,1079.345,-0.636,-45.868
15.11.2021 16:24:38,-47.308,637.390,1154.937,1072.754,1081.420,-0.637,-45.761
15.11.2021 16:24:39,-47.205,638.671,1157.073,1074.432,1083.038,-0.632,-45.750
15.11.2021 16:24:40,-47.100,640.716,1159.271,1076.416,1084.899,-0.622,-45.655
15.11.2021 16:24:41,-47.002,642.303,1161.224,1078.307,1087.280,-0.656,-45.598
15.11.2021 16:24:42,-46.906,643.707,1163.299,1080.017,1087.951,-0.580,-45.569
15.11.2021 16:24:43,-46.806,644.866,1164.855,1081.390,1090.087,-0.634,-45.535
15.11.2021 16:24:44,-46.703,646.667,1166.351,1083.648,1091.735,-0.589,-45.426
15.11.2021 16:24:45,-46.607,647.888,1168.853,1084.808,1093.261,-0.615,-45.445
15.11.2021 16:24:46,-46.507,649.322,1170.806,1086.853,1094.848,-0.580,-45.405
15.11.2021 16:24:47,-46.404,651.062,1172.515,1088.348,1097.320,-0.650,-45.317
15.11.2021 16:24:48,-46.308,652.038,1174.530,1090.087,1098.297,-0.594,-45.332
15.11.2021 16:24:49,-46.208,653.472,1176.300,1091.827,1100.372,-0.617,-45.282
15.11.2021 16:24:50,-46.107,655.609,1178.100,1093.170,1101.409,-0.595,-45.156
15.11.2021 16:24:51,-46.007,656.707,1179.595,1095.214,1103.302,-0.582,-45.126
15.11.2021 16:24:52,-45.906,658.020,1182.129,1096.038,1104.675,-0.621,-45.137
15.11.2021 16:24:53,-45.803,659.637,1183.776,1097.473,1106.689,-0.662,-45.060
15.11.2021 16:24:54,-45.708,660.888,1185.394,1099.212,1107.696,-0.609,-45.021
15.11.2021 16:24:55,-45.607,662.384,1187.530,1100.768,1109.863,-0.651,-44.988
15.11.2021 16:24:56,-45.502,663.726,1189.575,1102.752,1111.083,-0.596,-44.966
15.11.2021 16:24:57,-45.406,665.222,1191.223,1104.614,1112.365,-0.554,-44.902
15.11.2021 16:24:58,-45.303,666.961,1192.627,1105.102,1113.952,-0.632,-44.798
15.11.2021 16:24:59,-45.205,668.853,1194.915,1106.933,1115.936,-0.641,-44.731
15.11.2021 16:25:00,-45.107,670.227,1196.563,1108.764,1116.912,-0.580,-44.682
15.11.2021 16:25:01,-45.004,671.386,1198.364,1109.863,1118.499,-0.614,-44.666
15.11.2021 16:25:02,-44.906,672.973,1199.767,1111.419,1120.483,-0.643,-44.579
15.11.2021 16:25:03,-44.801,674.713,1201.812,1113.067,1121.734,-0.614,-44.515
15.11.2021 16:25:04,-44.700,675.994,1203.003,1114.562,1123.748,-0.650,-44.448
15.11.2021 16:25:05,-44.600,678.009,1205.291,1116.088,1124.572,-0.600,-44.370
15.11.2021 16:25:06,-44.507,679.229,1207.244,1118.194,1126.159,-0.562,-44.357
15.11.2021 16:25:07,-44.404,680.908,1208.404,1119.018,1127.746,-0.615,-44.247
15.11.2021 16:25:08,-44.308,682.525,1210.601,1119.964,1129.547,-0.675,-44.206
15.11.2021 16:25:09,-44.205,684.143,1211.914,1122.161,1130.859,-0.611,-44.112
15.11.2021 16:25:10,-44.105,685.852,1213.409,1123.443,1132.415,-0.630,-44.020
15.11.2021 16:25:11,-44.004,687.408,1215.057,1125.030,1133.880,-0.620,-43.954
15.11.2021 16:25:12,-43.906,689.178,1217.071,1126.800,1135.681,-0.622,-43.887
15.11.2021 16:25:13,-43.806,691.101,1219.451,1128.082,1136.840,-0.612,-43.826
15.11.2021 16:25:14,-43.705,692.718,1219.879,1129.882,1138.458,-0.599,-43.680
15.11.2021 16:25:15,-43.605,693.847,1222.534,1130.950,1139.923,-0.626,-43.720
15.11.2021 16:25:16,-43.507,695.861,1223.571,1132.354,1141.204,-0.616,-43.570
15.11.2021 16:25:17,-43.406,698.394,1225.250,1134.277,1142.486,-0.571,-43.404
15.11.2021 16:25:18,-43.303,699.859,1227.294,1135.070,1144.348,-0.645,-43.373
15.11.2021 16:25:19,-43.195,701.416,1228.912,1137.329,1145.995,-0.601,-43.307
15.11.2021 16:25:20,-43.105,703.308,1231.231,1138.610,1147.094,-0.588,-43.247
15.11.2021 16:25:21,-42.999,704.772,1232.360,1139.862,1148.742,-0.614,-43.162
15.11.2021 16:25:22,-42.904,706.787,1234.222,1141.815,1150.573,-0.605,-43.063
15.11.2021 16:25:23,-42.798,708.648,1234.924,1142.730,1152.069,-0.644,-42.912
15.11.2021 16:25:24,-42.700,710.205,1237.060,1145.141,1153.411,-0.570,-42.878
15.11.2021 16:25:25,-42.605,711.395,1239.044,1146.057,1155.395,-0.643,-42.872
15.11.2021 16:25:26,-42.492,713.562,1240.173,1147.979,1156.799,-0.606,-42.716
15.11.2021 16:25:27,-42.401,715.515,1241.943,1149.505,1158.325,-0.605,-42.620
15.11.2021 16:25:28,-42.306,717.041,1243.316,1150.665,1159.881,-0.632,-42.545
15.11.2021 16:25:29,-42.200,718.872,1244.384,1152.832,1161.407,-0.587,-42.420
15.11.2021 16:25:30,-42.100,720.001,1245.544,1153.930,1162.963,-0.617,-42.373
15.11.2021 16:25:31,-42.004,721.832,1247.039,1155.548,1165.008,-0.646,-42.275
15.11.2021 16:25:32,-41.906,723.999,1248.352,1157.745,1165.863,-0.553,-42.131
15.11.2021 16:25:33,-41.806,725.341,1249.847,1159.240,1167.846,-0.586,-42.083
15.11.2021 16:25:34,-41.698,727.539,1251.220,1160.736,1169.677,-0.608,-41.941
15.11.2021 16:25:35,-41.605,728.393,1251.953,1162.139,1170.196,-0.547,-41.898
15.11.2021 16:25:36,-41.497,730.407,1253.051,1163.391,1172.363,-0.608,-41.759
15.11.2021 16:25:37,-41.404,732.177,1254.791,1165.039,1173.645,-0.583,-41.683
15.11.2021 16:25:38,-41.293,733.978,1256.011,1166.534,1175.018,-0.574,-41.573
15.11.2021 16:25:39,-41.200,735.321,1257.415,1168.182,1176.544,-0.565,-41.521
15.11.2021 16:25:40,-41.107,736.541,1258.453,1169.463,1177.856,-0.566,-41.459
15.11.2021 16:25:41,-41.004,737.731,1259.735,1170.837,1179.168,-0.561,-41.415
15.11.2021 16:25:42,-40.899,739.807,1261.688,1172.119,1180.572,-0.569,-41.322
15.11.2021 16:25:43,-40.806,741.516,1261.902,1173.461,1182.403,-0.601,-41.164
15.11.2021 16:25:44,-40.698,742.523,1264.007,1175.354,1183.471,-0.545,-41.187
15.11.2021 16:25:45,-40.605,743.896,1265.136,1176.391,1184.814,-0.565,-41.116
15.11.2021 16:25:46,-40.502,745.574,1266.174,1178.039,1186.706,-0.580,-41.010
15.11.2021 16:25:47,-40.396,746.856,1267.425,1179.595,1188.171,-0.573,-40.957
15.11.2021 16:25:48,-40.301,747.924,1269.409,1180.969,1189.849,-0.593,-40.966
15.11.2021 16:25:49,-40.205,749.267,1270.050,1182.098,1190.673,-0.572,-40.871
15.11.2021 16:25:51,-40.097,751.037,1271.942,1183.715,1192.047,-0.555,-40.807
15.11.2021 16:25:52,-40.004,752.258,1273.406,1185.424,1193.298,-0.524,-40.772
15.11.2021 16:25:53,-39.899,753.540,1274.444,1186.462,1194.976,-0.566,-40.706
15.11.2021 16:25:54,-39.808,754.821,1275.695,1187.927,1195.831,-0.525,-40.653
15.11.2021 16:25:55,-39.700,756.195,1276.977,1188.598,1197.692,-0.603,-40.593
15.11.2021 16:25:56,-39.600,757.659,1278.991,1190.857,1199.462,-0.570,-40.566
15.11.2021 16:25:57,-39.507,759.033,1279.480,1192.169,1200.195,-0.531,-40.460
15.11.2021 16:25:58,-39.404,760.589,1281.982,1193.115,1201.629,-0.563,-40.453
15.11.2021 16:25:59,-39.308,761.718,1282.928,1194.702,1203.124,-0.556,-40.398
15.11.2021 16:26:00,-39.208,762.786,1284.240,1196.289,1204.498,-0.541,-40.370
15.11.2021 16:26:01,-39.105,763.885,1285.430,1197.113,1205.291,-0.539,-40.332
15.11.2021 16:26:02,-38.999,765.411,1286.346,1197.540,1207.122,-0.631,-40.237
15.11.2021 16:26:03,-38.906,766.937,1287.780,1200.012,1208.526,-0.560,-40.172
15.11.2021 16:26:04,-38.801,767.669,1289.062,1201.049,1209.777,-0.573,-40.175
15.11.2021 16:26:05,-38.703,770.019,1290.313,1202.514,1210.937,-0.553,-40.020
15.11.2021 16:26:06,-38.605,770.965,1291.900,1203.674,1212.402,-0.572,-40.020
15.11.2021 16:26:07,-38.507,772.460,1293.365,1205.291,1213.806,-0.557,-39.960
15.11.2021 16:26:08,-38.406,773.712,1293.945,1206.726,1215.026,-0.543,-39.874
15.11.2021 16:26:09,-38.308,775.146,1294.891,1207.763,1216.003,-0.538,-39.790
15.11.2021 16:26:10,-38.200,776.428,1296.356,1209.258,1217.498,-0.538,-39.752
15.11.2021 16:26:11,-38.100,777.862,1297.454,1210.327,1218.963,-0.563,-39.677
15.11.2021 16:26:12,-37.994,779.113,1298.644,1211.700,1220.276,-0.558,-39.626
15.11.2021 16:26:13,-37.904,780.517,1300.079,1212.829,1221.283,-0.550,-39.574
15.11.2021 16:26:14,-37.808,782.226,1300.872,1213.562,1222.656,-0.591,-39.457
15.11.2021 16:26:15,-37.708,783.538,1302.581,1215.270,1223.785,-0.553,-39.430
15.11.2021 16:26:16,-37.607,785.003,1302.459,1216.125,1224.395,-0.537,-39.284
15.11.2021 16:26:17,-37.504,786.834,1304.138,1217.163,1226.562,-0.609,-39.207
15.11.2021 16:26:18,-37.406,787.597,1305.267,1218.292,1227.691,-0.609,-39.199
15.11.2021 16:26:19,-37.308,789.215,1306.426,1219.665,1228.332,-0.561,-39.113
15.11.2021 16:26:20,-37.208,791.290,1307.678,1220.641,1229.980,-0.603,-38.988
15.11.2021 16:26:21,-37.102,792.724,1308.441,1221.893,1230.560,-0.560,-38.897
15.11.2021 16:26:22,-37.002,793.792,1309.570,1222.991,1230.987,-0.516,-38.861
15.11.2021 16:26:23,-36.906,795.288,1310.638,1224.273,1232.482,-0.529,-38.781
15.11.2021 16:26:24,-36.808,796.875,1311.614,1225.341,1233.825,-0.546,-38.688
15.11.2021 16:26:25,-36.708,798.645,1312.622,1226.318,1234.802,-0.546,-38.580
15.11.2021 16:26:26,-36.605,799.804,1313.354,1227.539,1236.053,-0.547,-38.514
15.11.2021 16:26:27,-36.499,801.116,1314.056,1228.485,1237.060,-0.551,-38.431
15.11.2021 16:26:28,-36.401,802.185,1315.155,1229.766,1238.128,-0.536,-38.394
15.11.2021 16:26:29,-36.308,803.771,1315.521,1230.194,1238.708,-0.546,-38.268
15.11.2021 16:26:30,-36.203,804.962,1315.856,1231.872,1240.386,-0.545,-38.176
15.11.2021 16:26:31,-36.105,805.969,1316.650,1232.848,1241.058,-0.525,-38.128
15.11.2021 16:26:32,-36.007,807.464,1316.955,1233.062,1242.187,-0.584,-38.007
15.11.2021 16:26:33,-35.904,808.349,1317.352,1233.703,1241.760,-0.515,-37.947
15.11.2021 16:26:34,-35.806,810.241,1318.054,1234.344,1243.286,-0.571,-37.813
15.11.2021 16:26:35,-35.703,811.431,1318.420,1235.534,1244.171,-0.551,-37.724
15.11.2021 16:26:36,-35.600,812.683,1318.572,1235.870,1244.110,-0.526,-37.617
15.11.2021 16:26:37,-35.507,814.056,1319.518,1236.846,1245.178,-0.531,-37.544
15.11.2021 16:26:38,-35.399,815.551,1319.885,1237.823,1246.246,-0.537,-37.428
15.11.2021 16:26:39,-35.308,815.917,1320.373,1238.098,1246.307,-0.523,-37.422
15.11.2021 16:26:40,-35.205,817.260,1320.861,1238.922,1247.589,-0.552,-37.327
15.11.2021 16:26:41,-35.100,818.664,1320.648,1239.684,1247.985,-0.528,-37.186
15.11.2021 16:26:42,-35.004,819.702,1321.807,1240.875,1248.687,-0.497,-37.157
15.11.2021 16:26:43,-34.894,820.556,1321.777,1241.272,1249.878,-0.547,-37.077
15.11.2021 16:26:44,-34.806,822.265,1322.387,1241.912,1250.030,-0.516,-36.956
15.11.2021 16:26:45,-34.700,822.937,1322.845,1242.278,1250.305,-0.510,-36.921
15.11.2021 16:26:46,-34.607,823.700,1323.333,1242.767,1251.403,-0.548,-36.879
15.11.2021 16:26:47,-34.504,825.134,1323.852,1243.347,1251.251,-0.502,-36.778
15.11.2021 16:26:48,-34.401,826.049,1324.035,1244.232,1252.471,-0.523,-36.705
15.11.2021 16:26:49,-34.308,827.087,1325.042,1244.689,1252.685,-0.507,-36.668
15.11.2021 16:26:50,-34.195,828.125,1325.347,1245.300,1253.845,-0.541,-36.591
15.11.2021 16:26:51,-34.097,828.613,1325.714,1245.483,1253.662,-0.518,-36.568
15.11.2021 16:26:52,-34.007,830.169,1326.385,1245.758,1254.119,-0.530,-36.465
15.11.2021 16:26:53,-33.904,830.718,1326.965,1246.246,1254.425,-0.518,-36.448
15.11.2021 16:26:54,-33.808,831.604,1327.453,1246.856,1254.333,-0.473,-36.396
15.11.2021 16:26:55,-33.705,832.977,1328.277,1247.100,1255.523,-0.533,-36.318
15.11.2021 16:26:56,-33.602,833.221,1329.040,1247.741,1255.523,-0.492,-36.340
15.11.2021 16:26:57,-33.504,834.320,1329.406,1247.619,1255.462,-0.496,-36.261
15.11.2021 16:26:58,-33.401,834.808,1330.505,1248.321,1256.164,-0.496,-36.279
15.11.2021 16:26:59,-33.308,835.967,1330.444,1249.084,1256.622,-0.476,-36.172
15.11.2021 16:27:00,-33.205,836.975,1331.756,1249.023,1257.140,-0.513,-36.155
15.11.2021 16:27:01,-33.107,838.134,1331.909,1249.755,1257.202,-0.470,-36.060
15.11.2021 16:27:02,-33.007,838.623,1332.458,1249.908,1257.598,-0.486,-36.047
15.11.2021 16:27:04,-32.894,839.843,1332.641,1250.793,1258.026,-0.456,-35.948
15.11.2021 16:27:05,-32.801,840.484,1332.763,1250.305,1257.843,-0.476,-35.898
15.11.2021 16:27:07,-32.693,841.339,1333.831,1251.159,1258.819,-0.483,-35.882
15.11.2021 16:27:08,-32.592,842.346,1333.892,1251.617,1258.300,-0.421,-35.795
15.11.2021 16:27:09,-32.494,843.353,1334.991,1251.373,1259.399,-0.506,-35.767
15.11.2021 16:27:10,-32.391,844.024,1334.625,1251.281,1259.491,-0.518,-35.687
15.11.2021 16:27:11,-32.306,845.367,1334.411,1252.258,1259.430,-0.452,-35.555
15.11.2021 16:27:12,-32.193,846.771,1335.968,1252.685,1260.864,-0.515,-35.518
15.11.2021 16:27:13,-32.102,847.869,1335.143,1252.838,1260.009,-0.452,-35.374
15.11.2021 16:27:14,-32.002,848.571,1335.571,1253.265,1260.772,-0.473,-35.336
15.11.2021 16:27:15,-31.906,850.097,1336.120,1253.357,1261.321,-0.501,-35.231
15.11.2021 16:27:16,-31.806,850.891,1335.693,1254.302,1261.413,-0.447,-35.137
15.11.2021 16:27:17,-31.705,851.806,1336.303,1253.845,1261.413,-0.476,-35.090
15.11.2021 16:27:18,-31.595,852.935,1336.730,1254.638,1261.962,-0.461,-35.014
15.11.2021 16:27:19,-31.502,854.370,1336.791,1254.760,1262.298,-0.474,-34.891
15.11.2021 16:27:20,-31.406,855.499,1337.951,1255.248,1262.542,-0.459,-34.857
15.11.2021 16:27:21,-31.306,856.903,1337.280,1255.340,1262.451,-0.447,-34.696
15.11.2021 16:27:22,-31.205,857.727,1338.043,1255.890,1262.695,-0.428,-34.666
15.11.2021 16:27:23,-31.102,858.612,1337.921,1256.256,1263.122,-0.431,-34.581
15.11.2021 16:27:24,-31.002,860.107,1338.653,1256.652,1263.275,-0.416,-34.491
15.11.2021 16:27:25,-30.891,861.267,1338.287,1256.866,1263.915,-0.443,-34.369
15.11.2021 16:27:26,-30.798,862.060,1338.195,1256.927,1263.702,-0.425,-34.294
15.11.2021 16:27:27,-30.700,862.609,1338.714,1256.896,1263.977,-0.445,-34.275
15.11.2021 16:27:28,-30.597,863.922,1338.592,1257.415,1264.221,-0.427,-34.154
15.11.2021 16:27:29,-30.502,864.837,1339.050,1257.843,1264.404,-0.412,-34.099
15.11.2021 16:27:30,-30.404,865.600,1338.958,1258.239,1265.136,-0.433,-34.028
15.11.2021 16:27:31,-30.296,866.851,1338.439,1258.148,1264.984,-0.429,-33.889
15.11.2021 16:27:32,-30.198,868.011,1338.531,1258.850,1265.258,-0.402,-33.793
15.11.2021 16:27:33,-30.105,868.774,1338.836,1259.277,1265.838,-0.411,-33.744
15.11.2021 16:27:34,-29.997,869.628,1338.592,1259.887,1266.113,-0.390,-33.656
15.11.2021 16:27:36,-29.904,871.124,1337.554,1259.979,1266.113,-0.384,-33.467
15.11.2021 16:27:37,-29.798,872.222,1337.585,1259.979,1267.242,-0.455,-33.373
15.11.2021 16:27:38,-29.705,873.108,1337.677,1260.345,1267.120,-0.424,-33.302
15.11.2021 16:27:39,-29.602,873.931,1336.761,1260.833,1267.150,-0.396,-33.179
15.11.2021 16:27:40,-29.499,874.664,1337.493,1260.925,1267.425,-0.407,-33.157
15.11.2021 16:27:41,-29.404,875.915,1336.761,1261.352,1267.852,-0.407,-33.007
15.11.2021 16:27:42,-29.303,876.464,1336.761,1261.535,1267.791,-0.391,-32.959
15.11.2021 16:27:43,-29.205,878.387,1336.273,1261.474,1268.493,-0.439,-32.765
15.11.2021 16:27:44,-29.097,879.333,1335.937,1261.627,1268.707,-0.443,-32.665
15.11.2021 16:27:45,-29.002,880.371,1335.540,1262.237,1268.646,-0.401,-32.553
15.11.2021 16:27:46,-28.906,880.950,1335.174,1263.122,1269.256,-0.383,-32.482
15.11.2021 16:27:47,-28.806,882.568,1335.235,1262.573,1269.622,-0.441,-32.346
15.11.2021 16:27:48,-28.705,883.148,1335.174,1263.458,1269.531,-0.379,-32.293
15.11.2021 16:27:49,-28.595,884.185,1334.747,1262.878,1269.622,-0.422,-32.179
15.11.2021 16:27:50,-28.499,885.650,1334.777,1263.671,1270.111,-0.402,-32.055
15.11.2021 16:27:51,-28.401,886.779,1334.381,1264.801,1269.958,-0.322,-31.936
15.11.2021 16:27:52,-28.306,887.512,1334.319,1264.099,1270.782,-0.417,-31.869
15.11.2021 16:27:53,-28.203,888.610,1334.167,1264.892,1270.996,-0.381,-31.767
15.11.2021 16:27:54,-28.102,889.648,1334.411,1265.594,1271.270,-0.354,-31.692
15.11.2021 16:27:55,-28.007,891.113,1334.228,1266.113,1271.850,-0.358,-31.556
15.11.2021 16:27:56,-27.896,891.815,1334.594,1266.662,1272.277,-0.350,-31.517
15.11.2021 16:27:57,-27.806,892.547,1334.960,1266.601,1272.186,-0.348,-31.475
15.11.2021 16:27:58,-27.708,893.951,1335.052,1267.089,1273.254,-0.384,-31.361
15.11.2021 16:27:59,-27.607,894.683,1334.747,1266.967,1273.437,-0.403,-31.281
15.11.2021 16:28:00,-27.497,895.629,1334.869,1268.097,1273.407,-0.331,-31.208
15.11.2021 16:28:01,-27.396,896.484,1335.510,1267.974,1273.864,-0.367,-31.172
15.11.2021 16:28:02,-27.306,897.827,1335.327,1268.493,1274.444,-0.370,-31.047
15.11.2021 16:28:03,-27.205,898.742,1334.899,1268.615,1274.353,-0.357,-30.945
15.11.2021 16:28:04,-27.095,899.719,1335.876,1269.165,1275.482,-0.393,-30.918
15.11.2021 16:28:05,-27.007,900.940,1335.083,1269.592,1274.688,-0.317,-30.769
15.11.2021 16:28:06,-26.904,902.007,1335.082,1269.897,1275.238,-0.332,-30.679
15.11.2021 16:28:07,-26.803,903.137,1335.143,1270.172,1275.909,-0.357,-30.587
15.11.2021 16:28:08,-26.703,904.632,1335.571,1270.355,1276.611,-0.389,-30.485
15.11.2021 16:28:09,-26.605,905.670,1335.632,1271.087,1276.367,-0.328,-30.401
15.11.2021 16:28:10,-26.499,907.165,1335.449,1271.545,1276.702,-0.320,-30.265
15.11.2021 16:28:11,-26.401,908.508,1335.449,1272.003,1277.374,-0.333,-30.152
15.11.2021 16:28:12,-26.296,909.576,1335.449,1272.552,1277.587,-0.312,-30.062
15.11.2021 16:28:13,-26.205,910.430,1335.418,1272.796,1277.404,-0.286,-29.989
15.11.2021 16:28:14,-26.107,912.322,1335.296,1273.376,1278.381,-0.310,-29.823
15.11.2021 16:28:15,-26.007,913.390,1334.838,1274.108,1278.869,-0.295,-29.708
15.11.2021 16:28:16,-25.899,914.977,1335.418,1274.047,1279.357,-0.329,-29.608
15.11.2021 16:28:17,-25.801,915.924,1334.442,1275.177,1279.571,-0.272,-29.473
15.11.2021 16:28:18,-25.708,917.022,1334.747,1274.810,1279.724,-0.304,-29.399
15.11.2021 16:28:19,-25.607,919.036,1334.411,1275.299,1281.097,-0.359,-29.212
15.11.2021 16:28:20,-25.502,920.501,1334.503,1275.390,1280.914,-0.342,-29.095
15.11.2021 16:28:21,-25.406,921.661,1333.892,1275.177,1280.578,-0.334,-28.964
15.11.2021 16:28:22,-25.303,923.034,1333.343,1276.367,1280.853,-0.278,-28.818
15.11.2021 16:28:23,-25.198,925.140,1332.916,1276.733,1281.036,-0.266,-28.619
15.11.2021 16:28:24,-25.105,926.056,1332.550,1276.641,1281.768,-0.317,-28.522
15.11.2021 16:28:25,-25.007,927.948,1332.397,1276.824,1281.707,-0.302,-28.356
15.11.2021 16:28:26,-24.904,929.504,1332.763,1277.801,1282.379,-0.283,-28.249
15.11.2021 16:28:27,-24.803,930.206,1332.244,1277.984,1282.531,-0.281,-28.161
15.11.2021 16:28:28,-24.703,931.762,1331.024,1278.381,1282.745,-0.270,-27.963
15.11.2021 16:28:29,-24.597,933.380,1330.505,1278.533,1283.264,-0.292,-27.799
15.11.2021 16:28:30,-24.499,934.112,1330.413,1278.777,1283.660,-0.301,-27.734
15.11.2021 16:28:31,-24.404,936.004,1330.200,1279.083,1284.088,-0.309,-27.566
15.11.2021 16:28:32,-24.308,936.981,1329.009,1279.235,1284.149,-0.303,-27.417
15.11.2021 16:28:33,-24.203,938.415,1329.559,1279.754,1283.843,-0.252,-27.331
15.11.2021 16:28:34,-24.095,940.063,1328.887,1279.876,1284.851,-0.307,-27.158
15.11.2021 16:28:35,-24.007,941.894,1328.247,1279.632,1284.454,-0.298,-26.971
15.11.2021 16:28:36,-23.899,942.840,1327.362,1280.273,1284.637,-0.269,-26.842
15.11.2021 16:28:37,-23.808,944.000,1326.934,1280.029,1284.851,-0.297,-26.723
15.11.2021 16:28:38,-23.705,945.617,1326.598,1280.517,1285.095,-0.282,-26.572
15.11.2021 16:28:39,-23.607,947.021,1326.080,1280.914,1285.705,-0.295,-26.427
15.11.2021 16:28:40,-23.504,948.425,1325.103,1280.761,1285.491,-0.292,-26.256
15.11.2021 16:28:41,-23.404,949.493,1324.523,1281.433,1285.949,-0.278,-26.136
15.11.2021 16:28:42,-23.308,951.049,1324.249,1281.097,1285.644,-0.280,-25.993
15.11.2021 16:28:43,-23.208,952.270,1323.944,1281.738,1286.254,-0.278,-25.877
15.11.2021 16:28:44,-23.105,953.613,1322.265,1281.951,1285.980,-0.248,-25.670
15.11.2021 16:28:45,-23.002,954.833,1322.875,1282.745,1286.682,-0.242,-25.607
15.11.2021 16:28:46,-22.906,956.634,1322.174,1282.165,1286.376,-0.259,-25.421
15.11.2021 16:28:47,-22.806,957.946,1321.106,1281.982,1286.834,-0.299,-25.253
15.11.2021 16:28:49,-22.695,958.801,1320.587,1282.226,1286.712,-0.276,-25.153
15.11.2021 16:28:50,-22.597,960.357,1320.038,1282.623,1286.834,-0.259,-24.996
15.11.2021 16:28:52,-22.494,961.639,1319.000,1282.623,1286.804,-0.257,-24.832
15.11.2021 16:28:53,-22.404,962.738,1319.000,1283.020,1287.048,-0.248,-24.744
15.11.2021 16:28:55,-22.296,964.294,1318.603,1282.958,1287.963,-0.308,-24.596
15.11.2021 16:28:56,-22.203,965.728,1317.199,1282.958,1287.109,-0.255,-24.398
15.11.2021 16:28:57,-22.092,487.701,663.208,646.972,648.254,-0.156,-24.167
15.11.2021 16:28:58,-21.997,968.383,1316.986,1282.714,1287.139,-0.272,-24.173
15.11.2021 16:28:59,-21.894,970.123,1316.375,1283.294,1287.200,-0.240,-23.998
15.11.2021 16:29:00,-21.801,971.649,1315.429,1283.386,1287.170,-0.233,-23.821
15.11.2021 16:29:01,-21.700,972.503,1315.490,1282.897,1287.414,-0.278,-23.757
15.11.2021 16:29:02,-21.605,974.182,1314.666,1283.355,1286.895,-0.218,-23.574
15.11.2021 16:29:03,-21.504,975.738,1314.300,1282.867,1287.445,-0.282,-23.429
15.11.2021 16:29:04,-21.406,977.539,1313.964,1282.776,1287.445,-0.287,-23.266
15.11.2021 16:29:05,-21.301,978.912,1313.262,1283.355,1286.895,-0.218,-23.116
15.11.2021 16:29:06,-21.195,979.736,1313.385,1282.501,1286.895,-0.271,-23.058
15.11.2021 16:29:07,-21.092,981.231,1312.469,1282.806,1286.743,-0.242,-22.886
15.11.2021 16:29:08,-21.004,982.482,1312.042,1282.867,1286.865,-0.246,-22.762
15.11.2021 16:29:09,-20.904,983.795,1311.492,1282.836,1286.132,-0.203,-22.625
15.11.2021 16:29:10,-20.798,985.900,1311.218,1282.043,1286.285,-0.261,-22.443
15.11.2021 16:29:11,-20.700,986.266,1309.997,1282.684,1286.285,-0.222,-22.342
15.11.2021 16:29:12,-20.600,988.036,1309.631,1282.684,1286.163,-0.214,-22.181
15.11.2021 16:29:13,-20.504,989.471,1308.685,1281.921,1286.346,-0.273,-22.012
15.11.2021 16:29:14,-20.401,990.600,1308.746,1281.921,1285.919,-0.246,-21.927
15.11.2021 16:29:15,-20.306,991.455,1308.074,1281.860,1286.071,-0.259,-21.820
15.11.2021 16:29:16,-20.205,992.736,1307.312,1281.250,1285.614,-0.269,-21.674
15.11.2021 16:29:17,-20.107,994.720,1306.671,1281.921,1285.095,-0.195,-21.481
15.11.2021 16:29:18,-19.999,995.452,1305.908,1280.944,1285.278,-0.267,-21.378
15.11.2021 16:29:20,-19.904,996.856,1304.596,1280.670,1284.851,-0.258,-21.191
15.11.2021 16:29:21,-19.806,998.382,1303.894,1280.578,1284.118,-0.218,-21.030
15.11.2021 16:29:22,-19.708,999.694,1303.588,1280.303,1284.332,-0.248,-20.909
15.11.2021 16:29:23,-19.607,1000.976,1302.429,1279.906,1284.240,-0.267,-20.740
15.11.2021 16:29:24,-19.504,1002.502,1302.154,1280.120,1283.599,-0.215,-20.605
15.11.2021 16:29:25,-19.404,1004.699,1301.666,1279.449,1283.203,-0.232,-20.405
15.11.2021 16:29:26,-19.301,1006.011,1301.025,1278.808,1283.660,-0.300,-20.265
15.11.2021 16:29:27,-19.208,1007.415,1299.804,1279.601,1282.531,-0.181,-20.083
15.11.2021 16:29:28,-19.100,1008.941,1298.767,1278.259,1282.531,-0.264,-19.903
15.11.2021 16:29:29,-19.004,1010.436,1298.553,1278.930,1282.165,-0.200,-19.775
15.11.2021 16:29:30,-18.899,1011.962,1297.577,1277.954,1282.135,-0.258,-19.598
15.11.2021 16:29:31,-18.806,1013.336,1296.722,1278.106,1281.738,-0.224,-19.441
15.11.2021 16:29:32,-18.700,1014.709,1295.867,1277.618,1281.158,-0.219,-19.284
15.11.2021 16:29:33,-18.600,1016.265,1294.158,1277.038,1281.097,-0.251,-19.061
15.11.2021 16:29:34,-18.502,1016.876,1293.853,1277.221,1280.456,-0.200,-18.996
15.11.2021 16:29:35,-18.404,1018.859,1292.633,1276.672,1279.876,-0.198,-18.770
15.11.2021 16:29:36,-18.296,1019.958,1291.259,1276.275,1279.449,-0.196,-18.602
15.11.2021 16:29:37,-18.208,1020.751,1290.191,1275.848,1279.327,-0.215,-18.477
15.11.2021 16:29:38,-18.105,1022.430,1289.672,1275.634,1278.869,-0.200,-18.317
15.11.2021 16:29:39,-17.999,1023.193,1288.390,1274.932,1278.594,-0.227,-18.181
15.11.2021 16:29:40,-17.896,1024.658,1287.628,1274.291,1277.740,-0.214,-18.023
15.11.2021 16:29:41,-17.798,1025.512,1285.980,1273.773,1276.977,-0.199,-17.857
15.11.2021 16:29:42,-17.695,1026.550,1285.095,1273.223,1276.702,-0.216,-17.724
15.11.2021 16:29:43,-17.607,1027.618,1283.386,1272.857,1276.123,-0.203,-17.539
15.11.2021 16:29:44,-17.504,1028.473,1282.195,1272.674,1275.604,-0.182,-17.401
15.11.2021 16:29:45,-17.391,1029.602,1281.677,1271.942,1275.787,-0.239,-17.284
15.11.2021 16:29:47,-17.298,1030.670,1279.571,1270.782,1274.871,-0.254,-17.074
15.11.2021 16:29:48,-17.200,1031.524,1278.991,1270.599,1274.413,-0.237,-16.973
15.11.2021 16:29:49,-17.105,1032.928,1277.709,1270.385,1273.498,-0.193,-16.788
15.11.2021 16:29:50,-16.994,1034.057,1276.428,1269.714,1273.254,-0.220,-16.624
15.11.2021 16:29:51,-16.891,1034.942,1275.268,1268.707,1272.125,-0.213,-16.486
15.11.2021 16:29:52,-16.801,1035.827,1274.078,1268.585,1271.423,-0.177,-16.345
15.11.2021 16:29:53,-16.698,1036.926,1273.590,1268.524,1271.423,-0.180,-16.232
15.11.2021 16:29:54,-16.605,1037.353,1272.613,1267.303,1270.507,-0.200,-16.140
15.11.2021 16:29:55,-16.497,1038.909,1271.759,1267.059,1270.812,-0.234,-15.970
15.11.2021 16:29:56,-16.404,1039.764,1270.324,1266.815,1269.317,-0.156,-15.817
15.11.2021 16:29:57,-16.306,1040.374,1269.561,1266.174,1268.677,-0.156,-15.723
15.11.2021 16:29:58,-16.205,1041.290,1268.554,1265.167,1268.157,-0.187,-15.592
15.11.2021 16:29:59,-16.105,1042.602,1267.791,1265.319,1267.608,-0.143,-15.446
15.11.2021 16:30:00,-15.999,1043.060,1266.754,1264.953,1267.761,-0.175,-15.347
15.11.2021 16:30:01,-15.906,1043.731,1266.265,1263.793,1266.662,-0.179,-15.267
15.11.2021 16:30:02,-15.798,1044.189,1265.380,1263.275,1266.021,-0.172,-15.177
15.11.2021 16:30:03,-15.705,1045.959,1263.946,1262.817,1266.052,-0.202,-14.955
15.11.2021 16:30:04,-15.605,1046.966,1263.214,1262.145,1264.984,-0.177,-14.834
15.11.2021 16:30:05,-15.507,1047.332,1262.603,1261.413,1264.495,-0.193,-14.769
15.11.2021 16:30:06,-15.404,1048.370,1261.291,1261.047,1263.702,-0.166,-14.609
15.11.2021 16:30:07,-15.306,1049.316,1260.467,1260.406,1262.542,-0.134,-14.487
15.11.2021 16:30:08,-15.203,1050.445,1259.552,1259.521,1262.207,-0.168,-14.345
15.11.2021 16:30:09,-15.107,1050.628,1258.544,1259.063,1261.352,-0.143,-14.269
15.11.2021 16:30:10,-15.004,1051.544,1257.751,1258.422,1261.322,-0.182,-14.151
15.11.2021 16:30:11,-14.904,1052.459,1257.446,1257.903,1259.979,-0.130,-14.063
15.11.2021 16:30:12,-14.806,1053.222,1256.042,1257.019,1259.948,-0.184,-13.918
15.11.2021 16:30:13,-14.705,1053.985,1254.943,1257.293,1259.277,-0.124,-13.793
15.11.2021 16:30:14,-14.600,1054.779,1254.608,1256.194,1258.392,-0.138,-13.713
15.11.2021 16:30:15,-14.504,1055.114,1253.814,1256.072,1258.300,-0.140,-13.638
15.11.2021 16:30:16,-14.404,1056.152,1253.174,1255.401,1257.202,-0.113,-13.520
15.11.2021 16:30:17,-14.303,1056.732,1252.410,1254.608,1256.896,-0.144,-13.429
15.11.2021 16:30:18,-14.200,1057.495,1251.373,1253.936,1256.042,-0.132,-13.307
15.11.2021 16:30:19,-14.107,1058.410,1250.244,1253.936,1255.340,-0.088,-13.168
15.11.2021 16:30:20,-14.004,1058.746,1249.420,1253.234,1254.760,-0.096,-13.091
15.11.2021 16:30:21,-13.899,1059.356,1248.718,1252.044,1254.119,-0.131,-13.002
15.11.2021 16:30:22,-13.806,1060.119,1247.344,1251.922,1253.265,-0.084,-12.858
15.11.2021 16:30:23,-13.708,1061.004,1246.795,1251.342,1252.777,-0.090,-12.758
15.11.2021 16:30:24,-13.607,1061.676,1245.910,1250.671,1252.685,-0.127,-12.652
15.11.2021 16:30:25,-13.497,1062.744,1244.811,1249.725,1251.678,-0.123,-12.504
15.11.2021 16:30:26,-13.404,1063.171,1244.110,1249.176,1250.579,-0.088,-12.427
15.11.2021 16:30:27,-13.298,1063.812,1243.041,1248.382,1250.366,-0.125,-12.312
15.11.2021 16:30:28,-13.198,1065.185,1241.821,1247.833,1249.420,-0.100,-12.133
15.11.2021 16:30:29,-13.105,1065.643,1240.600,1246.826,1248.962,-0.135,-12.022
15.11.2021 16:30:30,-13.007,1066.619,1240.173,1246.429,1248.748,-0.147,-11.923
15.11.2021 16:30:31,-12.901,1068.328,1239.807,1246.398,1247.985,-0.100,-11.773
15.11.2021 16:30:32,-12.806,1068.725,1238.067,1245.635,1247.253,-0.102,-11.633
15.11.2021 16:30:33,-12.700,1070.007,1237.945,1244.903,1246.520,-0.102,-11.531
15.11.2021 16:30:34,-12.595,1070.556,1236.114,1244.750,1245.910,-0.073,-11.374
15.11.2021 16:30:35,-12.497,1071.044,1235.260,1243.865,1245.513,-0.104,-11.284
15.11.2021 16:30:37,-12.394,1072.143,1234.161,1243.041,1244.720,-0.106,-11.133
15.11.2021 16:30:38,-12.306,1073.272,1232.940,1242.859,1244.262,-0.089,-10.972
15.11.2021 16:30:39,-12.200,1074.249,1231.659,1242.065,1243.469,-0.089,-10.818
15.11.2021 16:30:40,-12.095,1075.164,1230.926,1241.149,1242.950,-0.114,-10.704
15.11.2021 16:30:41,-11.997,1076.202,1229.187,1240.112,1241.668,-0.099,-10.516
15.11.2021 16:30:42,-11.899,1076.568,1228.698,1239.563,1241.393,-0.116,-10.458
15.11.2021 16:30:43,-11.801,1077.758,1227.142,1239.257,1241.058,-0.115,-10.271
15.11.2021 16:30:44,-11.700,1078.369,1226.501,1238.891,1240.081,-0.076,-10.185
15.11.2021 16:30:45,-11.597,1078.979,1224.914,1238.067,1239.654,-0.101,-10.038
15.11.2021 16:30:46,-11.494,1079.956,1223.816,1237.579,1238.952,-0.087,-9.896
15.11.2021 16:30:47,-11.394,1080.322,1222.625,1236.816,1238.006,-0.076,-9.792
15.11.2021 16:30:48,-11.303,1080.627,1221.191,1235.809,1237.182,-0.088,-9.677
15.11.2021 16:30:49,-11.203,1081.573,1220.031,1235.046,1236.785,-0.111,-9.533
15.11.2021 16:30:50,-11.107,1082.427,1218.536,1235.076,1235.870,-0.050,-9.374
15.11.2021 16:30:51,-11.004,1082.580,1217.559,1234.222,1235.717,-0.095,-9.299
15.11.2021 16:30:52,-10.906,1082.763,1216.858,1233.947,1234.893,-0.060,-9.241
15.11.2021 16:30:53,-10.808,1083.587,1215.637,1233.062,1234.527,-0.094,-9.101
15.11.2021 16:30:54,-10.703,1083.770,1214.691,1232.116,1233.825,-0.109,-9.026
15.11.2021 16:30:55,-10.607,1084.442,1212.554,1231.353,1232.787,-0.092,-8.838
15.11.2021 16:30:56,-10.504,1084.930,1212.249,1231.628,1232.116,-0.031,-8.783
15.11.2021 16:30:57,-10.404,1084.930,1211.303,1230.651,1231.842,-0.076,-8.721
15.11.2021 16:30:58,-10.308,1085.846,1210.754,1230.468,1231.750,-0.082,-8.619
15.11.2021 16:30:59,-10.205,1086.974,1210.052,1230.224,1231.658,-0.092,-8.491
15.11.2021 16:31:00,-10.102,1086.578,1209.106,1229.431,1230.529,-0.070,-8.458
15.11.2021 16:31:01,-10.007,1087.036,1208.190,1229.675,1230.133,-0.029,-8.365
15.11.2021 16:31:02,-9.901,1087.249,1207.733,1228.729,1229.461,-0.047,-8.319
15.11.2021 16:31:03,-9.808,1087.371,1206.573,1228.363,1229.278,-0.059,-8.235
15.11.2021 16:31:05,-9.708,1088.104,1205.108,1227.844,1229.095,-0.080,-8.085
15.11.2021 16:31:06,-9.592,1088.684,1204.315,1227.050,1228.302,-0.080,-7.991
15.11.2021 16:31:07,-9.497,1089.050,1203.643,1226.104,1227.691,-0.102,-7.921
15.11.2021 16:31:08,-9.401,1089.324,1203.308,1225.982,1227.630,-0.106,-7.879
15.11.2021 16:31:09,-9.308,1089.630,1202.057,1225.830,1226.013,-0.011,-7.774
15.11.2021 16:31:10,-9.208,1090.576,1201.568,1224.853,1225.860,-0.065,-7.674
15.11.2021 16:31:11,-9.107,1090.728,1200.653,1224.640,1225.128,-0.031,-7.602
15.11.2021 16:31:12,-9.004,1090.789,1200.073,1223.785,1224.975,-0.077,-7.560
15.11.2021 16:31:13,-8.901,1091.583,1199.462,1223.052,1224.639,-0.102,-7.462
15.11.2021 16:31:14,-8.806,1092.010,1198.120,1223.327,1224.029,-0.045,-7.342
15.11.2021 16:31:15,-8.708,1092.346,1197.662,1222.808,1223.541,-0.047,-7.288
15.11.2021 16:31:16,-8.605,1093.170,1196.685,1221.984,1223.052,-0.069,-7.164
15.11.2021 16:31:17,-8.504,1093.505,1196.197,1222.259,1222.656,-0.025,-7.107
15.11.2021 16:31:18,-8.404,1093.109,1194.824,1222.045,1222.198,-0.009,-7.045
15.11.2021 16:31:19,-8.308,1093.475,1194.152,1220.916,1221.618,-0.045,-6.974
15.11.2021 16:31:20,-8.198,1094.390,1193.359,1220.428,1221.435,-0.065,-6.855
15.11.2021 16:31:21,-8.105,1095.062,1192.687,1220.550,1220.886,-0.021,-6.762
15.11.2021 16:31:22,-7.999,1095.184,1191.864,1219.146,1220.245,-0.071,-6.699
15.11.2021 16:31:23,-7.904,1096.344,1191.741,1220.062,1220.123,-0.003,-6.607
15.11.2021 16:31:24,-7.803,1095.703,1190.673,1218.384,1219.238,-0.055,-6.582
15.11.2021 16:31:25,-7.705,1096.313,1189.575,1217.559,1219.024,-0.095,-6.465
15.11.2021 16:31:26,-7.592,1096.771,1188.598,1217.620,1218.139,-0.033,-6.367
15.11.2021 16:31:27,-7.504,1097.534,1188.598,1217.071,1217.773,-0.045,-6.312
15.11.2021 16:31:28,-7.404,1097.900,1187.835,1216.003,1217.559,-0.101,-6.235
15.11.2021 16:31:29,-7.308,1098.114,1186.279,1216.338,1216.461,-0.007,-6.116
15.11.2021 16:31:30,-7.208,1098.724,1185.821,1215.820,1216.186,-0.023,-6.041
15.11.2021 16:31:31,-7.102,1099.517,1185.455,1215.301,1216.308,-0.065,-5.960
15.11.2021 16:31:32,-7.007,1100.097,1184.753,1215.454,1215.606,-0.009,-5.871
15.11.2021 16:31:33,-6.904,1099.762,1184.143,1214.996,1214.813,0.011,-5.855
15.11.2021 16:31:34,-6.808,1100.952,1183.776,1214.447,1215.088,-0.041,-5.745
15.11.2021 16:31:35,-6.705,1101.409,1182.159,1213.775,1214.294,-0.033,-5.603
15.11.2021 16:31:36,-6.607,1101.806,1181.396,1213.653,1214.111,-0.029,-5.524
15.11.2021 16:31:37,-6.494,1102.355,1180.541,1213.348,1214.294,-0.061,-5.427
15.11.2021 16:31:38,-6.404,1102.783,1179.595,1212.402,1212.982,-0.037,-5.333
15.11.2021 16:31:39,-6.308,1103.393,1178.619,1212.127,1212.493,-0.023,-5.224
15.11.2021 16:31:40,-6.208,1104.431,1177.673,1211.364,1212.341,-0.063,-5.086
15.11.2021 16:31:41,-6.107,1104.827,1176.605,1211.273,1211.425,-0.009,-4.985
15.11.2021 16:31:42,-6.004,1106.017,1176.208,1210.845,1211.883,-0.067,-4.874
15.11.2021 16:31:43,-5.906,1107.147,1175.415,1210.845,1210.754,0.005,-4.739
15.11.2021 16:31:44,-5.808,1107.513,1174.316,1209.960,1210.083,-0.007,-4.639
15.11.2021 16:31:45,-5.705,1108.306,1173.553,1210.052,1210.571,-0.033,-4.531
15.11.2021 16:31:46,-5.605,1108.703,1171.997,1209.564,1209.716,-0.009,-4.398
15.11.2021 16:31:47,-5.507,1109.252,1171.691,1209.167,1209.381,-0.013,-4.338
15.11.2021 16:31:48,-5.404,1109.741,1170.928,1208.587,1208.679,-0.005,-4.251
15.11.2021 16:31:49,-5.308,1110.687,1169.799,1209.259,1208.892,0.024,-4.107
15.11.2021 16:31:50,-5.200,1110.565,1168.457,1208.526,1207.855,0.044,-4.025
15.11.2021 16:31:51,-5.107,1111.236,1168.243,1208.007,1208.495,-0.032,-3.963
15.11.2021 16:31:52,-5.002,1112.091,1166.290,1207.672,1207.336,0.022,-3.769
15.11.2021 16:31:53,-4.901,1112.213,1165.679,1207.366,1207.092,0.018,-3.719
15.11.2021 16:31:54,-4.801,1112.243,1165.130,1207.092,1207.946,-0.056,-3.680
15.11.2021 16:31:55,-4.700,1112.945,1163.665,1206.695,1207.336,-0.042,-3.530
15.11.2021 16:31:56,-4.605,1113.433,1163.360,1206.787,1206.756,0.002,-3.475
15.11.2021 16:31:57,-4.504,1113.647,1162.017,1206.329,1206.939,-0.040,-3.368
15.11.2021 16:31:58,-4.394,1114.532,1162.017,1206.207,1206.603,-0.026,-3.305
15.11.2021 16:31:59,-4.306,1115.203,1161.041,1205.383,1206.115,-0.048,-3.191
15.11.2021 16:32:00,-4.208,1115.631,1160.247,1205.810,1205.932,-0.007,-3.106
15.11.2021 16:32:01,-4.102,1115.295,1158.722,1205.017,1205.047,-0.001,-3.026
15.11.2021 16:32:02,-4.007,1115.936,1159.088,1205.139,1205.322,-0.012,-3.005
15.11.2021 16:32:03,-3.906,1116.607,1158.447,1205.139,1205.261,-0.008,-2.914
15.11.2021 16:32:04,-3.803,1116.973,1157.959,1205.230,1205.261,-0.002,-2.855
15.11.2021 16:32:05,-3.708,1116.882,1156.738,1204.620,1205.261,-0.042,-2.778
15.11.2021 16:32:06,-3.607,1117.523,1155.242,1204.498,1204.223,0.018,-2.630
15.11.2021 16:32:07,-3.504,1117.187,1155.395,1204.406,1204.315,0.006,-2.664
15.11.2021 16:32:08,-3.404,1117.706,1154.815,1203.613,1203.796,-0.012,-2.587
15.11.2021 16:32:09,-3.308,1118.194,1153.320,1204.010,1203.643,0.024,-2.450
15.11.2021 16:32:10,-3.208,1119.171,1153.198,1203.735,1203.247,0.032,-2.373
15.11.2021 16:32:11,-3.107,1119.323,1152.435,1203.002,1203.704,-0.046,-2.309
15.11.2021 16:32:12,-3.007,1120.117,1152.038,1203.552,1203.185,0.024,-2.226
15.11.2021 16:32:13,-2.899,1119.750,1151.428,1202.606,1202.819,-0.014,-2.210
15.11.2021 16:32:14,-2.798,1120.361,1151.123,1202.666,1203.216,-0.036,-2.146
15.11.2021 16:32:15,-2.705,1120.666,1150.543,1202.728,1202.239,0.032,-2.084
15.11.2021 16:32:16,-2.607,1121.459,1150.665,1202.789,1202.667,0.008,-2.037
15.11.2021 16:32:17,-2.507,1121.795,1149.932,1202.575,1202.636,-0.004,-1.962
15.11.2021 16:32:18,-2.399,1122.192,1149.444,1202.972,1202.026,0.062,-1.901
15.11.2021 16:32:19,-2.308,1122.985,1149.291,1203.185,1201.751,0.094,-1.834
15.11.2021 16:32:20,-2.205,1123.534,1148.284,1202.453,1202.392,0.004,-1.726
15.11.2021 16:32:21,-2.092,1123.535,1148.132,1202.575,1201.721,0.056,-1.715
15.11.2021 16:32:22,-1.999,1124.359,1146.911,1202.331,1202.056,0.018,-1.573
15.11.2021 16:32:23,-1.891,1124.603,1146.301,1201.629,1201.843,-0.014,-1.514
15.11.2021 16:32:24,-1.808,1125.000,1145.874,1201.660,1201.171,0.032,-1.456
15.11.2021 16:32:25,-1.700,1125.335,1145.568,1201.354,1201.293,0.004,-1.412
15.11.2021 16:32:26,-1.595,1125.579,1144.714,1201.232,1200.897,0.022,-1.335
15.11.2021 16:32:27,-1.502,1126.678,1144.866,1201.751,1201.049,0.046,-1.268
15.11.2021 16:32:28,-1.404,1126.892,1144.012,1200.958,1201.080,-0.008,-1.194
15.11.2021 16:32:29,-1.306,1127.838,1143.157,1201.049,1200.622,0.028,-1.069
15.11.2021 16:32:30,-1.198,1128.021,1142.822,1201.202,1200.347,0.056,-1.032
15.11.2021 16:32:31,-1.107,1129.028,1142.059,1200.988,1200.317,0.044,-0.909
15.11.2021 16:32:32,-1.004,1129.241,1141.723,1201.202,1200.592,0.040,-0.871
15.11.2021 16:32:33,-0.906,1130.249,1140.991,1201.049,1200.622,0.028,-0.749
15.11.2021 16:32:34,-0.808,1130.554,1140.441,1201.171,1200.897,0.018,-0.689
15.11.2021 16:32:35,-0.708,1131.256,1139.770,1200.927,1200.805,0.008,-0.594
15.11.2021 16:32:36,-0.600,1131.378,1139.343,1200.988,1200.592,0.026,-0.555
15.11.2021 16:32:37,-0.504,1132.202,1138.793,1201.171,1200.653,0.034,-0.460
15.11.2021 16:32:38,-0.406,1132.659,1137.847,1201.232,1200.622,0.040,-0.362
15.11.2021 16:32:39,-0.308,1134.002,1138.061,1200.714,1200.744,-0.002,-0.283
15.11.2021 16:32:40,-0.205,1134.674,1137.115,1200.805,1200.775,0.002,-0.170
15.11.2021 16:32:41,-0.107,1135.131,1135.711,1201.171,1199.829,0.088,-0.040
15.11.2021 16:32:42,-0.004,1135.894,1135.650,1200.408,1200.347,0.004,0.017
15.11.2021 16:32:43,0.094,1136.932,1135.314,1201.385,1200.531,0.056,0.112
15.11.2021 16:32:44,0.192,1137.817,1135.314,1200.744,1200.317,0.028,0.174
15.11.2021 16:32:45,0.292,1138.855,1134.399,1201.019,1200.439,0.038,0.310
15.11.2021 16:32:46,0.395,1139.160,1133.361,1201.446,1199.981,0.096,0.404
15.11.2021 16:32:47,0.493,1140.655,1133.331,1201.690,1200.286,0.092,0.510
15.11.2021 16:32:48,0.594,1141.021,1132.934,1201.293,1200.988,0.020,0.563
15.11.2021 16:32:50,0.697,1142.486,1131.530,1201.324,1200.897,0.028,0.763
15.11.2021 16:32:51,0.792,1143.005,1131.469,1201.568,1201.690,-0.008,0.803
15.11.2021 16:32:52,0.893,1143.920,1130.279,1202.209,1201.416,0.052,0.950
15.11.2021 16:32:53,0.993,1144.134,1129.364,1202.423,1201.568,0.056,1.029
15.11.2021 16:32:54,1.094,1145.050,1129.364,1202.239,1201.751,0.032,1.092
15.11.2021 16:32:55,1.192,1145.538,1127.807,1202.697,1201.477,0.080,1.236
15.11.2021 16:32:56,1.295,1146.637,1126.495,1202.911,1201.965,0.062,1.404
15.11.2021 16:32:57,1.393,1147.552,1126.739,1202.362,1201.660,0.046,1.450
15.11.2021 16:32:58,1.493,1147.644,1126.312,1202.941,1201.782,0.076,1.486
15.11.2021 16:32:59,1.594,1148.620,1125.366,1202.514,1202.087,0.028,1.620
15.11.2021 16:33:00,1.694,1149.352,1124.847,1202.728,1202.270,0.030,1.707
15.11.2021 16:33:01,1.792,1149.810,1124.267,1202.484,1201.812,0.044,1.780
15.11.2021 16:33:02,1.893,1150.146,1123.229,1202.911,1201.751,0.076,1.876
15.11.2021 16:33:03,1.996,1151.519,1122.680,1203.247,1201.995,0.082,2.009
15.11.2021 16:33:04,2.094,1151.153,1122.222,1202.941,1202.361,0.038,2.016
15.11.2021 16:33:05,2.192,1152.587,1121.612,1203.704,1202.331,0.090,2.158
15.11.2021 16:33:06,2.292,1152.740,1120.849,1203.460,1202.880,0.038,2.222
15.11.2021 16:33:07,2.398,1152.801,1120.147,1203.552,1202.972,0.038,2.276
15.11.2021 16:33:08,2.493,1153.961,1120.147,1203.704,1203.277,0.028,2.356
15.11.2021 16:33:09,2.596,1154.205,1119.171,1204.010,1203.155,0.056,2.442
15.11.2021 16:33:10,2.692,1154.174,1119.659,1204.315,1203.460,0.056,2.405
15.11.2021 16:33:11,2.797,1155.151,1118.072,1204.742,1203.857,0.058,2.584
15.11.2021 16:33:12,2.893,1155.517,1117.919,1204.925,1204.071,0.056,2.620
15.11.2021 16:33:13,2.993,1156.341,1118.133,1205.352,1204.467,0.058,2.662
15.11.2021 16:33:14,3.094,1156.585,1117.095,1205.597,1204.192,0.092,2.752
15.11.2021 16:33:15,3.192,1157.378,1116.699,1205.749,1204.620,0.074,2.834
15.11.2021 16:33:16,3.292,1158.172,1115.783,1206.390,1204.650,0.114,2.954
15.11.2021 16:33:17,3.395,1158.843,1115.783,1206.299,1205.322,0.064,3.000
15.11.2021 16:33:18,3.506,1159.179,1115.478,1206.512,1205.322,0.078,3.044
15.11.2021 16:33:19,3.596,1160.675,1115.051,1207.122,1205.780,0.088,3.177
15.11.2021 16:33:20,3.692,1160.888,1114.684,1206.634,1205.841,0.052,3.217
15.11.2021 16:33:21,3.792,1161.956,1114.532,1207.489,1206.359,0.074,3.301
15.11.2021 16:33:22,3.893,1162.048,1113.830,1207.763,1206.268,0.098,3.357
15.11.2021 16:33:23,3.993,1163.299,1113.738,1207.824,1206.725,0.072,3.449
15.11.2021 16:33:24,4.094,1164.337,1113.464,1207.946,1207.183,0.050,3.539
15.11.2021 16:33:25,4.194,1164.733,1113.708,1208.739,1207.305,0.094,3.549
15.11.2021 16:33:26,4.292,1165.771,1113.769,1209.014,1207.916,0.072,3.615
15.11.2021 16:33:27,4.393,1166.503,1112.914,1209.747,1208.435,0.086,3.725
15.11.2021 16:33:28,4.493,1166.870,1112.335,1209.594,1208.129,0.096,3.791
15.11.2021 16:33:29,4.596,1168.273,1111.694,1210.693,1208.984,0.111,3.932
15.11.2021 16:33:30,4.692,1168.365,1111.938,1211.059,1208.892,0.141,3.921
15.11.2021 16:33:31,4.792,1168.853,1111.419,1210.693,1209.136,0.101,3.991
15.11.2021 16:33:32,4.893,1170.166,1111.114,1211.547,1209.686,0.121,4.102
15.11.2021 16:33:33,4.993,1170.776,1110.412,1211.974,1210.418,0.101,4.193
15.11.2021 16:33:34,5.096,1171.569,1110.107,1212.097,1210.815,0.083,4.268
15.11.2021 16:33:35,5.192,1172.454,1109.039,1212.493,1210.754,0.113,4.405
15.11.2021 16:33:36,5.295,1173.095,1108.795,1212.554,1211.242,0.085,4.465
15.11.2021 16:33:37,5.393,1173.675,1108.306,1213.104,1211.913,0.077,4.539
15.11.2021 16:33:38,5.493,1174.591,1107.879,1213.134,1212.402,0.047,4.631
15.11.2021 16:33:39,5.594,1175.598,1107.971,1213.256,1212.554,0.045,4.693
15.11.2021 16:33:40,5.697,1176.666,1107.513,1214.111,1212.738,0.089,4.797
15.11.2021 16:33:41,5.795,1177.184,1107.360,1214.935,1212.921,0.131,4.843
15.11.2021 16:33:42,5.893,1177.947,1106.567,1214.782,1213.195,0.103,4.951
15.11.2021 16:33:43,5.993,1178.863,1105.560,1215.118,1213.317,0.117,5.085
15.11.2021 16:33:44,6.094,1179.443,1105.590,1215.728,1213.531,0.143,5.122
15.11.2021 16:33:45,6.192,1180.938,1104.766,1216.522,1214.508,0.131,5.281
15.11.2021 16:33:46,6.297,1181.579,1104.370,1216.369,1214.843,0.099,5.352
15.11.2021 16:33:47,6.393,1182.708,1103.881,1217.559,1215.515,0.133,5.463
15.11.2021 16:33:48,6.493,1183.715,1103.393,1217.620,1216.308,0.085,5.565
15.11.2021 16:33:49,6.596,1184.509,1102.569,1218.078,1216.186,0.123,5.677
15.11.2021 16:33:50,6.692,1185.485,1101.928,1217.895,1216.369,0.099,5.789
15.11.2021 16:33:51,6.797,1186.981,1101.562,1218.719,1217.163,0.101,5.915
15.11.2021 16:33:52,6.893,1187.957,1100.647,1219.177,1217.285,0.123,6.045
15.11.2021 16:33:53,6.993,1188.995,1100.494,1220.092,1217.956,0.138,6.126
15.11.2021 16:33:54,7.094,1190.734,1099.762,1220.703,1218.292,0.156,6.294
15.11.2021 16:33:55,7.197,1191.070,1099.670,1220.733,1218.993,0.113,6.323
15.11.2021 16:33:56,7.295,1192.199,1098.663,1221.008,1219.421,0.103,6.470
15.11.2021 16:33:57,7.393,1193.206,1097.350,1222.076,1219.055,0.196,6.632
15.11.2021 16:33:58,7.493,1194.397,1097.412,1222.900,1220.642,0.146,6.706
15.11.2021 16:33:59,7.596,1195.770,1096.557,1222.137,1220.855,0.083,6.859
15.11.2021 16:34:00,7.692,1196.319,1095.886,1223.541,1221.191,0.152,6.943
15.11.2021 16:34:01,7.792,1197.143,1094.665,1224.029,1222.168,0.120,7.086
15.11.2021 16:34:02,7.893,1198.242,1093.932,1224.578,1222.290,0.148,7.211
15.11.2021 16:34:03,7.998,1198.852,1093.078,1224.914,1222.656,0.146,7.313
15.11.2021 16:34:04,8.094,1199.462,1092.559,1225.494,1223.693,0.116,7.391
15.11.2021 16:34:06,8.204,1200.317,1091.003,1225.555,1224.029,0.098,7.560
15.11.2021 16:34:07,8.300,1201.690,1091.277,1226.287,1224.609,0.108,7.631
15.11.2021 16:34:12,8.400,1202.331,1089.843,1226.593,1223.907,0.173,7.777
15.11.2021 16:34:13,8.506,1203.247,1089.385,1227.264,1225.006,0.145,7.870
15.11.2021 16:34:14,8.604,1203.826,1088.653,1227.356,1224.853,0.161,7.961
15.11.2021 16:34:15,8.692,1203.704,1088.378,1227.294,1225.525,0.114,7.973
15.11.2021 16:34:16,8.802,1204.681,1087.432,1228.729,1226.379,0.151,8.106
15.11.2021 16:34:17,8.898,1205.505,1086.944,1229.583,1227.050,0.163,8.196
15.11.2021 16:34:18,8.993,1206.176,1085.479,1230.102,1227.569,0.163,8.346
15.11.2021 16:34:19,9.109,1206.604,1085.540,1230.041,1228.546,0.096,8.370
15.11.2021 16:34:20,9.194,1207.733,1084.716,1229.980,1228.454,0.098,8.504
15.11.2021 16:34:21,9.292,1207.855,1083.465,1230.468,1228.363,0.135,8.603
15.11.2021 16:34:22,9.393,1208.679,1083.435,1231.445,1229.308,0.137,8.659
15.11.2021 16:34:23,9.493,1209.106,1082.275,1231.903,1229.705,0.141,8.771
15.11.2021 16:34:24,9.594,1210.327,1081.848,1232.299,1230.773,0.098,8.882
15.11.2021 16:34:25,9.697,1211.090,1080.993,1232.727,1230.712,0.129,8.995
15.11.2021 16:34:26,9.792,1212.127,1081.573,1234.069,1231.140,0.188,9.020
15.11.2021 16:34:27,9.895,1212.951,1080.963,1234.557,1231.903,0.170,9.118
15.11.2021 16:34:28,9.996,1214.202,1080.261,1234.924,1232.910,0.129,9.251
15.11.2021 16:34:29,10.096,1214.599,1079.711,1235.443,1232.635,0.180,9.317
15.11.2021 16:34:30,10.192,1215.881,1079.467,1236.297,1233.856,0.156,9.418
15.11.2021 16:34:31,10.295,1216.949,1079.010,1236.694,1234.435,0.144,9.521
15.11.2021 16:34:32,10.393,1217.376,1077.728,1236.938,1234.985,0.125,9.642
15.11.2021 16:34:33,10.496,1218.322,1077.881,1237.579,1235.260,0.148,9.692
15.11.2021 16:34:35,10.594,1219.146,1076.354,1238.098,1235.870,0.142,9.858
15.11.2021 16:34:36,10.692,1219.787,1076.141,1238.800,1236.175,0.168,9.915
15.11.2021 16:34:37,10.795,1221.069,1075.836,1238.983,1237.396,0.101,10.020
15.11.2021 16:34:38,10.895,1222.473,1075.347,1240.051,1237.609,0.156,10.147
15.11.2021 16:34:39,10.996,1222.931,1075.317,1239.929,1237.915,0.128,10.178
15.11.2021 16:34:40,11.094,1224.060,1074.462,1240.936,1239.166,0.113,10.314
15.11.2021 16:34:41,11.194,1224.700,1073.303,1240.966,1239.624,0.085,10.440
15.11.2021 16:34:42,11.297,1225.677,1072.967,1242.553,1239.868,0.171,10.528
15.11.2021 16:34:43,11.400,1226.989,1072.448,1242.950,1240.722,0.142,10.651
15.11.2021 16:34:44,11.498,1227.478,1071.441,1243.041,1241.088,0.124,10.756
15.11.2021 16:34:45,11.596,1228.851,1071.441,1243.774,1241.363,0.153,10.844
15.11.2021 16:34:46,11.694,1229.400,1070.373,1244.690,1242.187,0.159,10.958
15.11.2021 16:34:47,11.800,1229.919,1068.695,1245.239,1242.431,0.178,11.115
15.11.2021 16:34:48,11.893,1231.079,1068.939,1245.819,1243.377,0.155,11.171
15.11.2021 16:34:49,11.993,1232.391,1068.115,1246.551,1244.018,0.161,11.316
15.11.2021 16:34:50,12.096,1233.123,1067.321,1247.253,1244.049,0.203,11.422
15.11.2021 16:34:51,12.194,1233.886,1066.375,1247.406,1244.720,0.170,11.540
15.11.2021 16:34:52,12.295,1235.809,1065.277,1247.619,1245.239,0.151,11.744
15.11.2021 16:34:53,12.395,1235.961,1064.331,1247.711,1245.605,0.133,11.824
15.11.2021 16:34:54,12.496,1237.121,1063.476,1248.474,1245.941,0.160,11.961
15.11.2021 16:34:55,12.596,1238.281,1062.316,1249.114,1246.337,0.176,12.121
15.11.2021 16:34:56,12.692,1239.196,1061.279,1249.847,1246.978,0.182,12.256
15.11.2021 16:34:57,12.792,1239.715,1060.791,1249.664,1247.283,0.151,12.325
15.11.2021 16:34:58,12.893,1240.722,1059.417,1250.396,1247.497,0.183,12.491
15.11.2021 16:34:59,12.993,1241.821,1058.441,1250.579,1248.474,0.133,12.634
15.11.2021 16:35:00,13.096,1243.438,1058.135,1251.434,1249.114,0.146,12.759
15.11.2021 16:35:01,13.192,1244.659,1056.182,1252.166,1249.053,0.197,12.981
15.11.2021 16:35:02,13.295,1245.910,1055.358,1252.746,1249.847,0.183,13.122
15.11.2021 16:35:03,13.395,1247.406,1054.534,1252.838,1250.274,0.162,13.278
15.11.2021 16:35:04,13.493,1248.291,1053.192,1253.173,1250.701,0.156,13.434
15.11.2021 16:35:05,13.594,1248.870,1052.062,1253.662,1250.610,0.193,13.555
15.11.2021 16:35:06,13.699,1250.610,1050.384,1254.272,1252.014,0.142,13.790
15.11.2021 16:35:07,13.792,1251.312,1049.377,1254.486,1251.708,0.175,13.909
15.11.2021 16:35:08,13.903,1252.807,1048.278,1254.852,1252.716,0.135,14.086
15.11.2021 16:35:09,13.996,1253.204,1046.844,1255.218,1252.441,0.175,14.218
15.11.2021 16:35:10,14.094,1254.913,1045.715,1256.256,1252.960,0.208,14.410
15.11.2021 16:35:11,14.192,1255.157,1044.158,1255.828,1253.173,0.167,14.542
15.11.2021 16:35:12,14.295,1256.347,1042.785,1256.469,1254.089,0.150,14.720
15.11.2021 16:35:13,14.393,1257.232,1042.266,1257.202,1254.577,0.165,14.815
15.11.2021 16:35:14,14.501,1258.056,1040.405,1257.659,1254.730,0.184,15.007
15.11.2021 16:35:15,14.594,1259.033,1039.184,1258.544,1255.371,0.200,15.160
15.11.2021 16:35:16,14.692,1258.941,1037.750,1258.361,1255.279,0.194,15.262
15.11.2021 16:35:17,14.792,1259.887,1036.132,1259.094,1256.042,0.192,15.444
15.11.2021 16:35:18,14.895,1260.558,1035.003,1259.002,1256.408,0.163,15.571
15.11.2021 16:35:19,14.996,1261.199,1033.416,1259.521,1256.591,0.184,15.731
15.11.2021 16:35:20,15.094,1262.084,1032.958,1259.979,1257.385,0.163,15.821
15.11.2021 16:35:21,15.194,1262.390,1031.432,1259.735,1256.988,0.172,15.956
15.11.2021 16:35:22,15.292,1263.183,1030.303,1260.742,1257.202,0.222,16.091
15.11.2021 16:35:23,15.398,1264.099,1029.754,1261.413,1258.514,0.182,16.190
15.11.2021 16:35:24,15.503,1264.953,1028.503,1261.474,1258.514,0.186,16.338
15.11.2021 16:35:25,15.594,1265.380,1027.587,1262.115,1259.124,0.187,16.435
15.11.2021 16:35:26,15.697,1266.174,1026.672,1262.664,1259.552,0.195,16.554
15.11.2021 16:35:27,15.797,1266.693,1025.146,1263.152,1259.796,0.210,16.702
15.11.2021 16:35:28,15.895,1267.364,1024.932,1263.153,1260.528,0.164,16.760
15.11.2021 16:35:29,16.001,1268.035,1023.254,1263.732,1261.047,0.168,16.930
15.11.2021 16:35:30,16.094,1268.707,1022.522,1264.739,1261.261,0.218,17.028
15.11.2021 16:35:31,16.202,1269.104,1021.606,1264.282,1261.413,0.179,17.122
15.11.2021 16:35:32,16.292,1270.202,1020.446,1264.862,1261.718,0.197,17.279
15.11.2021 16:35:33,16.398,1270.202,1019.439,1265.472,1261.505,0.248,17.356
15.11.2021 16:35:34,16.498,1270.599,1018.676,1265.502,1262.207,0.206,17.439
15.11.2021 16:35:35,16.596,1271.148,1017.089,1265.716,1262.267,0.216,17.595
15.11.2021 16:35:36,16.697,1271.759,1015.991,1265.563,1262.115,0.216,17.717
15.11.2021 16:35:37,16.792,1272.186,1015.319,1265.807,1262.603,0.200,17.795
15.11.2021 16:35:38,16.893,1273.529,1014.068,1265.868,1262.237,0.227,17.974
15.11.2021 16:35:39,16.998,1273.651,1012.695,1266.387,1262.878,0.219,18.088
15.11.2021 16:35:40,17.094,1274.841,1012.054,1266.357,1262.939,0.214,18.210
15.11.2021 16:35:41,17.197,1276.000,1010.772,1266.784,1262.848,0.246,18.380
15.11.2021 16:35:42,17.292,1275.909,1009.826,1267.089,1263.153,0.246,18.448
15.11.2021 16:35:43,17.393,1277.099,1008.605,1266.662,1263.519,0.196,18.615
15.11.2021 16:35:44,17.496,1277.465,1006.835,1267.120,1263.641,0.217,18.775
15.11.2021 16:35:45,17.594,1277.953,1006.134,1267.333,1263.397,0.246,18.859
15.11.2021 16:35:46,17.692,1278.777,1005.554,1267.303,1263.641,0.229,18.955
15.11.2021 16:35:47,17.792,1279.662,1003.295,1267.822,1263.397,0.277,19.184
15.11.2021 16:35:48,17.898,1280.212,1002.288,1268.280,1263.763,0.282,19.296
15.11.2021 16:35:49,17.993,1281.067,1000.549,1268.310,1264.373,0.246,19.484
15.11.2021 16:35:50,18.094,1281.707,999.420,1267.944,1263.916,0.252,19.611
15.11.2021 16:35:51,18.194,1282.104,997.863,1268.127,1264.495,0.227,19.757
15.11.2021 16:35:52,18.297,1283.355,996.398,1268.066,1263.793,0.267,19.947
15.11.2021 16:35:53,18.393,1283.996,994.750,1268.310,1264.098,0.263,20.115
15.11.2021 16:35:54,18.508,1284.698,993.499,1267.883,1264.160,0.233,20.256
15.11.2021 16:35:55,18.596,1285.644,991.790,1268.127,1264.038,0.255,20.448
15.11.2021 16:35:56,18.699,1286.316,990.875,1267.791,1263.916,0.242,20.560
15.11.2021 16:35:57,18.792,1286.560,988.861,1267.883,1263.976,0.244,20.734
15.11.2021 16:35:58,18.900,1287.506,987.335,1267.578,1263.214,0.273,20.911
15.11.2021 16:35:59,18.996,1288.299,986.114,1267.425,1263.488,0.246,21.055
15.11.2021 16:36:00,19.099,1289.245,984.344,1267.211,1262.847,0.273,21.252
15.11.2021 16:36:01,19.204,1289.489,982.574,1267.059,1262.420,0.290,21.407
15.11.2021 16:36:02,19.305,1290.740,981.262,1267.364,1262.939,0.277,21.587
15.11.2021 16:36:03,19.395,1291.076,980.041,1267.455,1263.183,0.267,21.704
15.11.2021 16:36:04,19.496,1292.236,978.057,1267.303,1262.847,0.279,21.931
15.11.2021 16:36:05,19.596,1291.991,976.684,1266.662,1262.481,0.261,22.025
15.11.2021 16:36:06,19.697,1293.762,974.883,1267.272,1262.054,0.326,22.275
15.11.2021 16:36:07,19.792,1293.640,973.358,1266.418,1261.718,0.294,22.389
15.11.2021 16:36:08,19.893,1294.616,971.984,1266.509,1261.627,0.306,22.558
15.11.2021 16:36:09,19.993,1295.104,970.001,1266.601,1261.596,0.313,22.745
15.11.2021 16:36:10,20.099,1295.654,968.475,1266.510,1261.322,0.325,22.901
15.11.2021 16:36:11,20.192,1296.874,966.949,1266.601,1261.962,0.290,23.096
15.11.2021 16:36:12,20.292,1296.783,965.484,1266.540,1261.169,0.336,23.208
15.11.2021 16:36:13,20.398,1298.004,963.775,1266.418,1260.955,0.342,23.418
15.11.2021 16:36:14,20.493,1298.400,961.608,1265.869,1260.589,0.331,23.616
15.11.2021 16:36:15,20.594,1298.309,960.998,1265.197,1260.192,0.314,23.660
15.11.2021 16:36:16,20.694,1298.584,959.045,1265.258,1260.314,0.310,23.834
15.11.2021 16:36:17,20.792,1299.316,957.580,1264.617,1259.734,0.306,23.996
15.11.2021 16:36:18,20.893,1299.194,956.085,1263.977,1259.246,0.297,24.110
15.11.2021 16:36:20,20.996,1300.201,954.498,1264.587,1258.850,0.360,24.298
15.11.2021 16:36:21,21.096,1300.201,952.667,1264.038,1258.727,0.333,24.447
15.11.2021 16:36:22,21.194,1300.994,951.751,1263.244,1258.697,0.285,24.568
15.11.2021 16:36:23,21.292,1300.750,949.554,1262.542,1257.507,0.316,24.733
15.11.2021 16:36:24,21.393,1301.483,948.821,1262.878,1257.934,0.310,24.836
15.11.2021 16:36:25,21.493,1301.544,946.929,1262.390,1257.415,0.312,24.994
15.11.2021 16:36:26,21.594,1301.422,945.587,1262.664,1256.866,0.364,25.096
15.11.2021 16:36:27,21.692,1301.574,944.122,1262.328,1256.835,0.345,25.225
15.11.2021 16:36:28,21.792,1301.849,942.962,1261.383,1255.889,0.345,25.336
15.11.2021 16:36:29,21.893,1301.910,941.741,1261.322,1256.347,0.313,25.440
15.11.2021 16:36:30,22.001,1301.849,940.063,1261.016,1255.279,0.361,25.574
15.11.2021 16:36:31,22.094,1302.184,938.476,1260.497,1255.096,0.340,25.724
15.11.2021 16:36:32,22.192,1302.154,937.652,1260.650,1254.974,0.357,25.790
15.11.2021 16:36:33,22.292,1302.307,936.035,1260.437,1254.119,0.398,25.932
15.11.2021 16:36:34,22.395,1301.696,934.570,1259.796,1254.272,0.348,26.017
15.11.2021 16:36:35,22.496,1302.520,933.959,1259.521,1253.845,0.357,26.116
15.11.2021 16:36:36,22.594,1301.819,932.190,1258.880,1253.478,0.340,26.221
15.11.2021 16:36:37,22.704,1301.788,931.274,1259.002,1252.899,0.385,26.295
15.11.2021 16:36:38,22.792,1302.276,930.480,1257.720,1252.685,0.317,26.389
15.11.2021 16:36:39,22.895,1302.703,927.917,1257.751,1252.502,0.331,26.627
15.11.2021 16:36:40,22.993,1301.879,927.062,1256.500,1251.403,0.322,26.649
15.11.2021 16:36:41,23.101,1302.459,926.116,1256.530,1251.220,0.335,26.762
15.11.2021 16:36:42,23.199,1302.520,925.262,1256.500,1250.244,0.395,26.837
15.11.2021 16:36:43,23.295,1302.612,923.644,1255.157,1249.664,0.347,26.977
15.11.2021 16:36:44,23.398,1302.795,922.821,1254.974,1249.786,0.328,27.056
15.11.2021 16:36:45,23.493,1303.131,921.508,1254.852,1248.901,0.376,27.185
15.11.2021 16:36:46,23.594,1302.581,920.562,1254.516,1248.382,0.388,27.232
15.11.2021 16:36:47,23.697,1303.314,919.219,1254.852,1248.230,0.419,27.387
15.11.2021 16:36:48,23.795,1303.253,917.236,1254.180,1247.924,0.396,27.550
15.11.2021 16:36:49,23.888,1302.795,917.175,1253.723,1247.650,0.384,27.528
15.11.2021 16:36:50,23.993,1303.802,915.313,1253.173,1247.222,0.377,27.743
15.11.2021 16:36:51,24.089,1303.832,913.604,1252.532,1246.429,0.387,27.889
15.11.2021 16:36:52,24.189,1303.314,913.238,1251.800,1246.063,0.364,27.889
15.11.2021 16:36:53,24.292,1304.534,911.468,1252.136,1245.544,0.418,28.110
15.11.2021 16:36:54,24.393,1304.504,910.095,1250.854,1244.995,0.372,28.224
15.11.2021 16:36:55,24.496,1304.931,908.843,1251.159,1244.781,0.404,28.354
15.11.2021 16:36:56,24.591,1305.023,907.836,1250.396,1244.171,0.395,28.445
15.11.2021 16:36:57,24.702,1306.121,906.402,1250.549,1243.621,0.440,28.631
15.11.2021 16:36:58,24.787,1306.274,904.876,1249.908,1243.408,0.413,28.769
15.11.2021 16:36:59,24.890,1306.732,903.625,1249.603,1243.103,0.413,28.902
15.11.2021 16:37:00,24.988,1306.335,901.947,1248.932,1242.462,0.411,29.021
15.11.2021 16:37:01,25.089,1307.220,900.390,1248.321,1242.401,0.376,29.205
15.11.2021 16:37:02,25.189,1306.823,898.986,1248.565,1242.034,0.415,29.301
15.11.2021 16:37:03,25.292,1307.006,897.705,1247.680,1241.638,0.384,29.421
15.11.2021 16:37:04,25.390,1307.647,896.362,1247.711,1240.875,0.435,29.573
15.11.2021 16:37:05,25.491,1307.556,895.294,1246.948,1240.631,0.402,29.659
15.11.2021 16:37:06,25.589,1308.258,893.158,1246.978,1240.539,0.410,29.882
15.11.2021 16:37:07,25.689,1308.196,891.937,1246.582,1239.502,0.451,29.983
15.11.2021 16:37:08,25.792,1308.410,891.052,1245.819,1239.685,0.391,30.072
15.11.2021 16:37:09,25.888,1308.715,889.038,1245.697,1239.074,0.422,30.262
15.11.2021 16:37:10,25.988,1309.082,888.488,1244.873,1238.891,0.381,30.331
15.11.2021 16:37:11,26.091,1309.570,887.054,1245.178,1238.464,0.428,30.483
15.11.2021 16:37:12,26.187,1309.448,885.711,1244.567,1238.494,0.387,30.591
15.11.2021 16:37:13,26.290,1309.356,884.002,1244.476,1237.640,0.436,30.733
15.11.2021 16:37:14,26.388,1309.387,883.117,1244.171,1237.762,0.409,30.811
15.11.2021 16:37:15,26.488,1310.119,881.469,1243.041,1236.877,0.393,30.996
15.11.2021 16:37:16,26.591,1309.905,880.615,1243.469,1236.907,0.419,31.058
15.11.2021 16:37:17,26.694,1309.844,879.577,1243.225,1236.755,0.413,31.144
15.11.2021 16:37:18,26.790,1309.661,878.448,1242.950,1235.687,0.464,31.231
15.11.2021 16:37:19,26.888,1309.142,877.136,1242.431,1235.839,0.421,31.315
15.11.2021 16:37:20,26.988,1309.631,876.007,1242.095,1235.504,0.421,31.441
15.11.2021 16:37:21,27.089,1309.265,875.000,1242.736,1235.351,0.472,31.507
15.11.2021 16:37:22,27.187,1309.142,873.291,1242.004,1235.412,0.421,31.649
15.11.2021 16:37:23,27.287,1308.990,872.039,1241.638,1234.893,0.431,31.749
15.11.2021 16:37:24,27.390,1308.807,871.337,1241.577,1234.863,0.429,31.800
15.11.2021 16:37:25,27.488,1309.112,869.812,1241.180,1234.619,0.419,31.951
15.11.2021 16:37:26,27.589,1308.593,868.652,1241.210,1234.069,0.457,32.022
15.11.2021 16:37:27,27.694,1308.136,867.614,1240.325,1233.672,0.426,32.086
15.11.2021 16:37:28,27.787,1308.563,865.936,1240.356,1233.489,0.439,32.258
15.11.2021 16:37:29,27.888,1307.891,864.898,1239.959,1232.513,0.477,32.310
15.11.2021 16:37:30,27.988,1307.495,863.983,1239.501,1232.360,0.457,32.368
15.11.2021 16:37:31,28.091,1307.373,862.884,1239.593,1232.543,0.451,32.457
15.11.2021 16:37:32,28.187,1307.312,861.999,1239.593,1231.872,0.495,32.532
15.11.2021 16:37:33,28.300,1306.915,860.656,1239.196,1232.299,0.442,32.627
15.11.2021 16:37:34,28.390,1306.854,859.954,1239.013,1232.299,0.430,32.685
15.11.2021 16:37:35,28.493,1306.732,858.917,1238.220,1231.933,0.403,32.770
15.11.2021 16:37:36,28.589,1306.335,857.482,1238.555,1231.536,0.450,32.874
15.11.2021 16:37:37,28.689,1305.786,856.353,1237.792,1230.743,0.452,32.942
15.11.2021 16:37:38,28.802,1305.206,855.377,1237.732,1230.316,0.476,32.994
15.11.2021 16:37:39,28.898,1305.176,853.973,1237.426,1230.651,0.435,33.117
15.11.2021 16:37:41,28.993,1304.626,853.637,1237.518,1230.194,0.470,33.115
15.11.2021 16:37:42,29.091,1304.504,852.478,1237.396,1230.193,0.462,33.211
15.11.2021 16:37:44,29.194,1304.321,851.013,1236.602,1229.339,0.466,33.331
15.11.2021 16:37:45,29.292,1303.833,850.433,1236.785,1229.400,0.474,33.354
15.11.2021 16:37:47,29.398,1303.344,849.365,1236.633,1229.370,0.466,33.421
15.11.2021 16:37:48,29.488,1302.429,848.571,1236.877,1229.248,0.490,33.438
15.11.2021 16:37:49,29.604,1302.276,847.992,1236.297,1228.729,0.486,33.481
15.11.2021 16:37:50,29.687,1301.910,846.405,1235.931,1228.729,0.463,33.602
15.11.2021 16:37:51,29.790,1301.421,845.825,1235.839,1228.302,0.484,33.625
15.11.2021 16:37:52,29.888,1301.178,844.757,1235.412,1228.088,0.471,33.706
15.11.2021 16:37:53,29.991,1300.720,843.933,1235.443,1227.722,0.496,33.754
15.11.2021 16:37:54,30.089,1300.353,842.925,1235.015,1227.722,0.469,33.823
15.11.2021 16:37:55,30.187,1300.018,841.552,1234.283,1227.233,0.453,33.926
15.11.2021 16:37:56,30.287,1299.835,840.301,1233.917,1226.898,0.452,34.028
15.11.2021 16:37:57,30.390,1299.499,839.325,1233.856,1226.318,0.485,34.097
15.11.2021 16:37:58,30.488,1299.194,838.043,1233.795,1225.616,0.527,34.194
15.11.2021 16:37:59,30.589,1298.858,836.914,1233.184,1225.189,0.515,34.277
15.11.2021 16:38:00,30.687,1298.492,836.334,1232.971,1225.463,0.483,34.308
15.11.2021 16:38:01,30.787,1298.645,835.449,1233.032,1225.036,0.515,34.397
15.11.2021 16:38:02,30.890,1298.889,834.075,1232.727,1224.487,0.531,34.535
15.11.2021 16:38:03,30.993,1298.522,833.374,1232.421,1224.365,0.519,34.577
15.11.2021 16:38:05,31.094,1298.553,831.604,1232.269,1223.907,0.539,34.739
15.11.2021 16:38:06,31.187,1298.675,830.658,1231.964,1223.815,0.525,34.832
15.11.2021 16:38:07,31.290,1298.309,829.284,1231.414,1222.686,0.563,34.936
15.11.2021 16:38:08,31.393,1298.645,827.850,1231.048,1222.869,0.528,35.086
15.11.2021 16:38:09,31.491,1298.217,826.660,1231.353,1222.625,0.563,35.169
15.11.2021 16:38:10,31.589,1298.065,824.859,1230.316,1222.290,0.518,35.325
15.11.2021 16:38:11,31.692,1297.668,823.425,1230.194,1221.801,0.542,35.433
15.11.2021 16:38:12,31.790,1297.393,822.296,1229.766,1221.222,0.552,35.520
15.11.2021 16:38:13,31.890,1297.210,820.739,1229.126,1220.428,0.562,35.652
15.11.2021 16:38:14,31.991,1297.180,819.732,1228.485,1219.787,0.562,35.743
15.11.2021 16:38:15,32.091,1296.691,818.847,1228.088,1219.635,0.547,35.796
15.11.2021 16:38:16,32.187,1296.386,817.291,1228.332,1218.963,0.606,35.921
15.11.2021 16:38:17,32.287,1296.539,816.253,1227.172,1218.780,0.543,36.025
15.11.2021 16:38:18,32.390,1296.264,814.300,1226.654,1218.475,0.530,36.189
15.11.2021 16:38:19,32.488,1296.081,813.262,1227.386,1217.437,0.644,36.274
15.11.2021 16:38:20,32.591,1295.257,812.500,1225.677,1216.644,0.586,36.297
15.11.2021 16:38:21,32.689,1295.318,810.638,1225.494,1216.003,0.616,36.473
15.11.2021 16:38:22,32.792,1293.823,809.753,1224.548,1215.118,0.612,36.468
15.11.2021 16:38:23,32.890,1293.670,808.074,1224.060,1214.599,0.614,36.615
15.11.2021 16:38:24,32.988,1292.602,806.884,1223.388,1214.141,0.601,36.664
15.11.2021 16:38:25,33.089,1292.388,805.572,1222.473,1212.890,0.623,36.773
15.11.2021 16:38:26,33.187,1292.205,804.718,1222.320,1212.615,0.631,36.842
15.11.2021 16:38:27,33.287,1291.320,803.192,1221.710,1211.761,0.647,36.933
15.11.2021 16:38:28,33.390,1289.886,801.635,1220.336,1211.364,0.584,36.995
15.11.2021 16:38:29,33.488,1289.367,800.323,1220.001,1210.022,0.650,37.088
15.11.2021 16:38:30,33.591,1288.055,798.797,1219.055,1209.503,0.623,37.154
15.11.2021 16:38:31,33.689,1287.536,797.760,1218.170,1209.167,0.587,37.222
15.11.2021 16:38:32,33.787,1286.651,796.081,1217.346,1207.946,0.614,37.328
15.11.2021 16:38:33,33.888,1285.614,794.982,1216.857,1206.848,0.654,37.371
15.11.2021 16:38:34,33.988,1284.637,793.548,1215.515,1206.237,0.607,37.449
15.11.2021 16:38:35,34.089,1283.905,791.931,1214.477,1204.986,0.621,37.559
15.11.2021 16:38:36,34.189,1282.776,790.557,1213.470,1204.071,0.616,37.623
15.11.2021 16:38:37,34.287,1281.860,788.970,1211.944,1203.460,0.556,37.720
15.11.2021 16:38:38,34.388,1280.944,787.231,1211.425,1201.690,0.639,37.831
15.11.2021 16:38:39,34.488,1279.480,786.651,1209.594,1200.378,0.606,37.801
15.11.2021 16:38:40,34.604,1278.320,785.247,1208.618,1199.737,0.584,37.867
15.11.2021 16:38:41,34.699,1278.076,783.538,1208.648,1198.547,0.665,38.015
15.11.2021 16:38:42,34.787,1276.367,782.470,1206.512,1196.868,0.635,38.017
15.11.2021 16:38:43,34.890,1275.543,780.731,1206.054,1195.892,0.670,38.135
15.11.2021 16:38:44,34.988,1274.169,780.242,1204.437,1194.549,0.653,38.101
15.11.2021 16:38:45,35.089,1272.949,778.320,1203.552,1193.664,0.653,38.214
15.11.2021 16:38:46,35.187,1271.301,776.763,1202.362,1192.382,0.660,38.267
15.11.2021 16:38:47,35.287,1270.141,775.756,1200.927,1191.589,0.618,38.295
15.11.2021 16:38:48,35.388,1269.043,774.200,1199.493,1190.338,0.607,38.381
15.11.2021 16:38:49,35.488,1267.486,772.766,1198.425,1188.415,0.664,38.427
15.11.2021 16:38:50,35.589,1265.960,771.514,1197.052,1187.713,0.620,38.458
15.11.2021 16:38:51,35.687,1264.587,770.324,1195.739,1185.546,0.678,38.493
15.11.2021 16:38:52,35.792,1263.519,769.317,1194.274,1184.997,0.617,38.527
15.11.2021 16:38:53,35.893,1262.298,767.791,1192.870,1183.502,0.624,38.603
15.11.2021 16:38:54,35.993,1261.566,766.693,1191.619,1182.464,0.611,38.667
15.11.2021 16:38:55,36.089,1259.704,765.350,1190.185,1180.419,0.652,38.687
15.11.2021 16:38:56,36.187,1258.728,763.641,1188.964,1179.290,0.647,38.796
15.11.2021 16:38:57,36.290,1257.263,762.939,1187.255,1178.008,0.619,38.778
15.11.2021 16:38:58,36.388,1256.377,761.138,1185.882,1176.330,0.640,38.901
15.11.2021 16:38:59,36.491,1255.554,759.948,1185.180,1175.354,0.659,38.969
15.11.2021 16:39:00,36.589,1253.662,759.033,1183.502,1173.766,0.654,38.946
15.11.2021 16:39:01,36.692,1252.807,758.148,1182.647,1172.882,0.657,38.982
15.11.2021 16:39:02,36.787,1252.319,756.195,1180.938,1171.539,0.633,39.145
15.11.2021 16:39:03,36.890,1251.312,755.065,1179.229,1170.135,0.613,39.197
15.11.2021 16:39:04,36.988,1250.183,753.479,1178.222,1168.975,0.624,39.286
15.11.2021 16:39:05,37.091,1249.298,752.258,1177.245,1167.236,0.676,39.354
15.11.2021 16:39:06,37.187,1248.199,750.396,1175.414,1165.710,0.656,39.473
15.11.2021 16:39:07,37.290,1247.131,748.657,1174.194,1165.100,0.616,39.582
15.11.2021 16:39:08,37.390,1245.605,747.222,1172.241,1162.750,0.644,39.633
15.11.2021 16:39:09,37.491,1244.811,745.910,1171.295,1161.956,0.634,39.716
15.11.2021 16:39:10,37.591,1244.537,744.049,1169.464,1160.217,0.629,39.885
15.11.2021 16:39:11,37.687,1242.706,742.950,1167.510,1158.203,0.634,39.886
15.11.2021 16:39:12,37.790,1241.912,740.753,1166.381,1157.379,0.613,40.058
15.11.2021 16:39:13,37.888,1241.272,739.471,1165.222,1155.426,0.668,40.148
15.11.2021 16:39:14,37.988,1239.959,738.067,1163.818,1154.418,0.642,40.211
15.11.2021 16:39:15,38.089,1238.983,736.083,1161.987,1152.679,0.637,40.352
15.11.2021 16:39:16,38.189,1237.792,734.344,1160.614,1151.092,0.652,40.456
15.11.2021 16:39:17,38.292,1236.694,733.154,1158.660,1149.230,0.647,40.510
15.11.2021 16:39:18,38.390,1235.626,731.140,1157.715,1147.735,0.686,40.650
15.11.2021 16:39:19,38.493,1234.069,729.400,1155.975,1146.484,0.653,40.733
15.11.2021 16:39:20,38.594,1232.818,727.905,1154.022,1145.355,0.597,40.810
15.11.2021 16:39:21,38.687,1231.536,726.287,1152.648,1143.280,0.646,40.898
15.11.2021 16:39:22,38.792,1229.675,724.548,1151.275,1142.273,0.622,40.963
15.11.2021 16:39:23,38.895,1228.698,722.961,1149.566,1140.563,0.623,41.066
15.11.2021 16:39:24,38.993,1226.898,721.008,1147.918,1138.763,0.634,41.158
15.11.2021 16:39:25,39.104,1224.945,718.811,1145.904,1136.932,0.622,41.266
15.11.2021 16:39:26,39.189,1223.602,717.376,1144.409,1135.406,0.625,41.332
15.11.2021 16:39:27,39.297,1221.801,715.393,1142.608,1133.178,0.656,41.428
15.11.2021 16:39:28,39.400,1220.916,713.562,1141.418,1132.904,0.593,41.564
15.11.2021 16:39:29,39.503,1218.566,711.639,1139.251,1130.310,0.624,41.621
15.11.2021 16:39:30,39.594,1216.919,710.235,1137.329,1129.058,0.578,41.666
15.11.2021 16:39:31,39.692,1215.576,708.190,1135.711,1127.044,0.607,41.798
15.11.2021 16:39:32,39.787,1213.653,706.420,1134.430,1125.213,0.646,41.865
15.11.2021 16:39:33,39.895,1211.639,704.589,1132.354,1124.053,0.583,41.934
15.11.2021 16:39:34,40.001,1209.899,703.491,1131.774,1122.650,0.641,41.943
15.11.2021 16:39:35,40.101,1207.702,700.744,1129.638,1120.330,0.655,42.098
15.11.2021 16:39:36,40.189,1205.841,699.249,1128.112,1119.201,0.628,42.141
15.11.2021 16:39:37,40.287,1204.406,697.692,1126.281,1117.645,0.609,42.218
15.11.2021 16:39:38,40.388,1202.178,695.770,1124.481,1115.814,0.613,42.285
15.11.2021 16:39:39,40.491,1200.103,693.939,1122.344,1113.983,0.592,42.351
15.11.2021 16:39:40,40.594,1198.730,692.199,1120.635,1112.152,0.602,42.452
15.11.2021 16:39:41,40.687,1196.807,690.338,1119.049,1110.931,0.576,42.532
15.11.2021 16:39:42,40.787,1195.068,688.446,1117.309,1109.344,0.566,42.627
15.11.2021 16:39:43,40.888,1192.932,686.767,1116.088,1107.574,0.606,42.675
15.11.2021 16:39:44,40.991,1191.070,684.997,1113.861,1105.743,0.579,42.749
15.11.2021 16:39:45,41.089,1188.781,683.624,1112.640,1104.370,0.591,42.756
15.11.2021 16:39:46,41.187,1187.500,682.525,1110.748,1102.539,0.587,42.794
15.11.2021 16:39:47,41.287,1185.302,680.572,1109.252,1101.257,0.573,42.869
15.11.2021 16:39:48,41.388,1183.563,678.924,1108.001,1099.304,0.624,42.939
15.11.2021 16:39:50,41.491,1181.579,677.154,1106.750,1097.930,0.633,43.008
15.11.2021 16:39:51,41.589,1179.504,675.933,1104.949,1096.954,0.575,43.011
15.11.2021 16:39:52,41.687,1177.947,674.407,1103.668,1095.489,0.589,43.080
15.11.2021 16:39:53,41.787,1175.994,672.912,1101.745,1093.932,0.563,43.121
15.11.2021 16:39:54,41.888,1174.194,671.112,1100.219,1092.041,0.591,43.205
15.11.2021 16:39:55,41.988,1172.454,670.013,1098.907,1090.606,0.600,43.217
15.11.2021 16:39:56,42.089,1170.593,668.548,1096.832,1089.508,0.530,43.261
15.11.2021 16:39:57,42.187,1169.311,667.205,1096.008,1088.317,0.557,43.328
15.11.2021 16:39:58,42.287,1167.327,665.771,1094.207,1086.517,0.558,43.361
15.11.2021 16:39:59,42.390,1165.557,663.787,1092.315,1084.991,0.533,43.468
15.11.2021 16:40:00,42.496,1164.093,662.872,1090.606,1083.312,0.531,43.477
15.11.2021 16:40:01,42.594,1161.621,661.376,1089.599,1081.726,0.574,43.487
15.11.2021 16:40:02,42.694,1160.705,659.606,1087.951,1080.108,0.573,43.626
15.11.2021 16:40:03,42.787,1158.782,658.050,1086.242,1078.765,0.547,43.677
15.11.2021 16:40:04,42.895,1156.860,657.196,1085.052,1077.087,0.583,43.651
15.11.2021 16:40:05,42.991,1155.456,655.853,1083.251,1075.439,0.573,43.712
15.11.2021 16:40:06,43.089,1153.808,654.388,1081.848,1073.547,0.610,43.771
15.11.2021 16:40:07,43.187,1151.794,652.465,1080.444,1072.235,0.604,43.858
15.11.2021 16:40:08,43.287,1150.604,651.123,1078.704,1070.770,0.585,43.933
15.11.2021 16:40:09,43.390,1148.834,649.841,1076.995,1069.396,0.561,43.965
15.11.2021 16:40:10,43.488,1147.216,647.766,1075.408,1067.749,0.566,44.096
15.11.2021 16:40:11,43.589,1145.782,646.514,1074.005,1066.100,0.585,44.146
15.11.2021 16:40:12,43.687,1144.592,645.141,1072.570,1064.269,0.615,44.225
15.11.2021 16:40:13,43.790,1143.463,642.913,1071.075,1063.323,0.575,44.406
15.11.2021 16:40:14,43.888,1141.510,641.754,1069.061,1061.676,0.549,44.413
15.11.2021 16:40:15,43.988,1140.289,639.739,1067.260,1060.028,0.538,44.564
15.11.2021 16:40:16,44.089,1138.610,638.458,1065.704,1057.891,0.583,44.603
15.11.2021 16:40:17,44.187,1137.207,636.901,1064.178,1055.847,0.622,44.691
15.11.2021 16:40:18,44.287,1136.016,635.131,1062.530,1054.809,0.577,44.818
15.11.2021 16:40:19,44.388,1134.185,632.934,1059.906,1052.673,0.542,44.953
15.11.2021 16:40:20,44.488,1133.117,632.019,1058.349,1050.842,0.564,44.989
15.11.2021 16:40:21,44.589,1131.103,630.157,1056.487,1049.407,0.532,45.075
15.11.2021 16:40:22,44.689,1129.364,628.570,1054.809,1046.997,0.589,45.146
15.11.2021 16:40:23,44.787,1127.929,627.136,1052.764,1045.745,0.530,45.220
15.11.2021 16:40:24,44.893,1125.854,625.305,1051.422,1043.670,0.586,45.299
15.11.2021 16:40:25,44.988,1124.267,623.565,1050.048,1041.809,0.624,45.399
15.11.2021 16:40:26,45.091,1122.070,621.612,1047.760,1039.947,0.593,45.485
15.11.2021 16:40:27,45.187,1120.056,620.056,1046.295,1038.574,0.586,45.536
15.11.2021 16:40:28,45.287,1118.103,618.591,1043.762,1036.743,0.534,45.581
15.11.2021 16:40:29,45.388,1116.546,616.729,1042.083,1034.576,0.572,45.699
15.11.2021 16:40:30,45.491,1114.349,615.295,1039.977,1032.623,0.562,45.725
15.11.2021 16:40:31,45.589,1112.243,613.830,1037.963,1030.975,0.535,45.761
15.11.2021 16:40:32,45.687,1110.687,612.274,1036.590,1029.235,0.564,45.844
15.11.2021 16:40:33,45.790,1108.001,610.260,1033.935,1026.733,0.553,45.907
15.11.2021 16:40:34,45.893,1106.750,608.520,1032.226,1025.146,0.545,46.032
15.11.2021 16:40:35,45.993,1104.461,606.964,1030.364,1022.674,0.593,46.068
15.11.2021 16:40:36,46.094,1102.233,605.957,1028.411,1021.179,0.559,46.042
15.11.2021 16:40:37,46.187,1100.524,604.431,1026.824,1019.958,0.531,46.112
15.11.2021 16:40:38,46.290,1098.358,602.447,1024.444,1017.852,0.511,46.208
15.11.2021 16:40:39,46.390,1096.130,601.470,1022.521,1015.991,0.507,46.178
15.11.2021 16:40:40,46.493,1094.146,599.639,1020.904,1014.038,0.534,46.268
15.11.2021 16:40:41,46.591,1091.522,598.785,1019.348,1012.329,0.547,46.197
15.11.2021 16:40:42,46.687,1089.935,597.381,1017.059,1010.772,0.491,46.262
15.11.2021 16:40:43,46.787,1087.890,595.520,1015.533,1008.117,0.580,46.352
15.11.2021 16:40:44,46.888,1085.571,594.055,1013.610,1006.195,0.581,46.376
15.11.2021 16:40:45,46.991,1083.923,592.590,1011.322,1004.516,0.535,46.445
15.11.2021 16:40:46,47.089,1080.749,590.789,1009.338,1002.410,0.545,46.453
15.11.2021 16:40:47,47.187,1079.589,589.996,1007.324,1000.976,0.500,46.472
15.11.2021 16:40:48,47.292,1077.117,588.287,1005.859,999.054,0.537,46.516
15.11.2021 16:40:49,47.388,1074.828,587.158,1003.540,996.826,0.531,46.501
15.11.2021 16:40:50,47.488,1073.120,585.906,1001.159,994.873,0.499,46.541
15.11.2021 16:40:51,47.589,1071.075,584.442,999.725,992.706,0.558,46.584
15.11.2021 16:40:52,47.689,1068.420,583.435,997.070,990.356,0.535,46.529
15.11.2021 16:40:53,47.790,1066.162,581.695,995.483,988.586,0.550,46.592
15.11.2021 16:40:54,47.890,1063.934,581.207,993.560,986.328,0.578,46.501
15.11.2021 16:40:55,47.991,1062.042,579.742,991.333,984.497,0.548,46.555
15.11.2021 16:40:56,48.089,1058.990,577.880,989.227,982.421,0.547,46.580
15.11.2021 16:40:57,48.189,1057.128,577.514,987.091,980.132,0.560,46.498
15.11.2021 16:40:58,48.290,1054.626,575.866,984.649,977.752,0.556,46.533
15.11.2021 16:40:59,48.388,1052.307,574.951,982.757,976.409,0.513,46.489
15.11.2021 16:41:00,48.503,1049.316,573.364,980.529,973.754,0.549,46.483
15.11.2021 16:41:01,48.589,1047.485,572.143,978.942,971.923,0.570,46.511
15.11.2021 16:41:02,48.687,1045.013,571.319,975.952,969.451,0.529,46.444
15.11.2021 16:41:03,48.797,1042.663,569.366,973.754,967.346,0.523,46.529
15.11.2021 16:41:04,48.888,1040.283,568.511,971.526,965.393,0.501,46.473
15.11.2021 16:41:05,48.993,1038.238,567.016,969.421,962.768,0.545,46.521
15.11.2021 16:41:06,49.094,1036.254,565.704,967.437,960.784,0.546,46.550
15.11.2021 16:41:07,49.189,1034.454,564.453,964.477,958.068,0.528,46.585
15.11.2021 16:41:08,49.290,1031.372,563.232,963.043,955.993,0.582,46.525
15.11.2021 16:41:09,49.393,1029.998,562.133,960.327,954.071,0.517,46.570
15.11.2021 16:41:10,49.488,1027.862,560.363,957.580,951.843,0.476,46.648
15.11.2021 16:41:11,49.604,1024.963,559.204,955.230,949.127,0.507,46.594
15.11.2021 16:41:12,49.687,1023.559,558.166,953.216,947.082,0.511,46.629
15.11.2021 16:41:13,49.802,1021.423,556.732,950.683,944.458,0.520,46.664
15.11.2021 16:41:14,49.900,1019.683,555.114,948.455,942.291,0.516,46.751
15.11.2021 16:41:15,49.996,1017.395,553.833,945.800,939.636,0.518,46.756
15.11.2021 16:41:16,50.091,1015.808,553.039,944.122,937.957,0.519,46.746
15.11.2021 16:41:17,50.189,1013.976,551.666,941.314,935.668,0.476,46.796
15.11.2021 16:41:18,50.295,1012.054,550.323,939.422,933.563,0.495,46.835
15.11.2021 16:41:19,50.390,1009.887,548.828,936.645,931.243,0.458,46.877
15.11.2021 16:41:20,50.488,1008.117,547.424,934.692,929.199,0.467,46.935
15.11.2021 16:41:21,50.591,1005.676,546.051,931.793,926.818,0.424,46.941
15.11.2021 16:41:22,50.687,1003.021,544.677,929.717,924.560,0.440,46.932
15.11.2021 16:41:23,50.790,1000.762,543.395,927.337,922.119,0.447,46.940
15.11.2021 16:41:24,50.890,999.450,541.717,925.048,919.555,0.471,47.068
15.11.2021 16:41:25,50.993,996.917,539.825,922.363,917.327,0.433,47.138
15.11.2021 16:41:26,51.091,994.873,539.093,920.074,915.649,0.382,47.087
15.11.2021 16:41:27,51.194,993.164,537.750,917.663,912.872,0.414,47.143
15.11.2021 16:41:28,51.295,990.539,535.980,915.405,910.614,0.415,47.190
15.11.2021 16:41:29,51.390,988.586,534.759,913.268,908.996,0.371,47.213
15.11.2021 16:41:30,51.493,986.663,533.630,911.346,906.707,0.404,47.225
15.11.2021 16:41:31,51.589,984.161,532.592,909.515,904.571,0.431,47.182
15.11.2021 16:41:32,51.687,982.055,531.127,906.616,902.374,0.371,47.226
15.11.2021 16:41:33,51.787,980.255,529.602,904.358,899.902,0.391,47.301
15.11.2021 16:41:35,51.890,976.989,528.015,901.550,897.552,0.352,47.277
15.11.2021 16:41:36,51.991,974.884,527.038,899.475,895.843,0.320,47.255
15.11.2021 16:41:37,52.089,972.778,525.390,897.827,893.524,0.380,47.325
15.11.2021 16:41:38,52.187,970.398,524.230,895.904,891.815,0.362,47.308
15.11.2021 16:41:39,52.287,968.322,522.674,893.310,888.916,0.390,47.368
15.11.2021 16:41:40,52.388,965.728,521.301,890.686,887.359,0.296,47.364
15.11.2021 16:41:41,52.488,963.684,519.775,889.251,884.948,0.384,47.422
15.11.2021 16:41:42,52.589,961.212,519.165,886.718,882.995,0.333,47.322
15.11.2021 16:41:43,52.692,959.228,517.364,884.551,880.767,0.339,47.424
15.11.2021 16:41:44,52.787,957.031,516.052,882.354,879.058,0.296,47.441
15.11.2021 16:41:45,52.893,954.651,514.739,879.943,876.892,0.275,47.445
15.11.2021 16:41:46,52.988,952.606,513.305,878.051,874.603,0.311,47.492
15.11.2021 16:41:47,53.089,950.866,512.207,876.098,872.741,0.304,47.515
15.11.2021 16:41:48,53.189,948.059,510.650,874.572,870.757,0.346,47.521
15.11.2021 16:41:49,53.290,945.220,509.613,871.887,868.988,0.263,47.451
15.11.2021 16:41:50,53.388,943.603,508.026,869.964,866.516,0.314,47.553
15.11.2021 16:41:51,53.488,941.162,507.476,868.377,864.685,0.337,47.444
15.11.2021 16:41:52,53.591,938.354,505.615,866.302,863.250,0.279,47.494
15.11.2021 16:41:53,53.687,936.004,504.882,863.891,861.755,0.196,47.417
15.11.2021 16:41:54,53.790,933.746,503.112,862.396,859.222,0.292,47.496
15.11.2021 16:41:55,53.893,931.701,502.166,859.985,857.330,0.245,47.474
15.11.2021 16:41:56,53.991,929.229,500.885,857.910,855.804,0.194,47.467
15.11.2021 16:41:57,54.091,926.910,499.328,856.079,853.241,0.263,47.511
15.11.2021 16:41:58,54.192,924.804,498.657,854.156,851.592,0.238,47.444
15.11.2021 16:41:59,54.290,921.966,496.826,851.959,849.823,0.198,47.488
15.11.2021 16:42:00,54.388,919.891,495.666,849.761,847.808,0.182,47.494
15.11.2021 16:42:01,54.491,917.877,494.415,848.358,845.825,0.236,47.518
15.11.2021 16:42:02,54.589,915.191,493.286,845.855,844.177,0.157,47.471
15.11.2021 16:42:03,54.687,912.689,492.370,844.512,841.796,0.255,47.408
15.11.2021 16:42:04,54.790,910.156,490.905,842.224,840.270,0.183,47.422
15.11.2021 16:42:05,54.888,908.142,489.318,840.270,838.439,0.172,47.496
15.11.2021 16:42:06,54.991,905.761,488.037,838.897,836.273,0.248,47.496
15.11.2021 16:42:07,55.089,903.533,487.091,836.212,834.320,0.179,47.458
15.11.2021 16:42:08,55.187,900.970,485.778,833.984,832.672,0.124,47.448
15.11.2021 16:42:09,55.287,898.590,484.497,832.305,830.383,0.183,47.448
15.11.2021 16:42:10,55.393,896.240,483.032,830.230,828.949,0.122,47.477
15.11.2021 16:42:11,55.488,893.981,481.475,828.063,826.538,0.146,47.528
15.11.2021 16:42:12,55.594,892.150,480.041,826.354,824.920,0.137,47.595
15.11.2021 16:42:13,55.697,889.617,478.515,823.516,822.326,0.114,47.620
15.11.2021 16:42:14,55.790,887.298,477.081,821.533,820.495,0.100,47.648
15.11.2021 16:42:15,55.890,885.315,475.891,819.854,818.298,0.150,47.667
15.11.2021 16:42:16,55.988,883.849,474.639,818.023,816.925,0.106,47.737
15.11.2021 16:42:17,56.091,881.622,472.961,815.948,814.514,0.139,47.810
15.11.2021 16:42:18,56.192,879.577,471.954,814.270,812.835,0.139,47.797
15.11.2021 16:42:19,56.292,877.502,470.397,812.133,810.760,0.134,47.865
15.11.2021 16:42:20,56.388,875.549,469.512,810.424,808.624,0.176,47.840
15.11.2021 16:42:21,56.488,873.657,467.926,808.502,806.976,0.149,47.928
15.11.2021 16:42:22,56.589,871.093,466.552,806.060,804.534,0.150,47.928
15.11.2021 16:42:23,56.689,869.567,464.660,803.985,803.192,0.078,48.094
15.11.2021 16:42:24,56.787,867.828,463.378,801.757,800.994,0.075,48.149
15.11.2021 16:42:25,56.890,865.875,462.066,800.506,799.499,0.099,48.191
15.11.2021 16:42:26,56.988,864.105,460.418,798.034,797.241,0.078,48.300
15.11.2021 16:42:27,57.091,862.457,458.892,795.959,795.898,0.006,48.402
15.11.2021 16:42:28,57.189,860.504,457.580,794.250,793.426,0.082,48.445
15.11.2021 16:42:29,57.287,859.039,456.085,791.900,791.198,0.070,48.557
15.11.2021 16:42:30,57.388,856.536,453.979,789.825,789.001,0.082,48.680
15.11.2021 16:42:31,57.488,855.010,453.399,787.963,787.597,0.036,48.644
15.11.2021 16:42:32,57.591,852.935,451.812,786.010,785.522,0.049,48.721
15.11.2021 16:42:33,57.689,851.257,450.073,784.606,783.294,0.132,48.856
15.11.2021 16:42:34,57.787,849.304,448.883,782.775,781.921,0.086,48.882
15.11.2021 16:42:35,57.888,847.106,447.723,780.609,779.907,0.071,48.881
15.11.2021 16:42:36,57.988,844.818,445.770,778.594,777.770,0.083,49.001
15.11.2021 16:42:37,58.089,842.468,444.091,776.550,776.092,0.046,49.072
15.11.2021 16:42:38,58.189,840.484,442.443,774.566,773.925,0.065,49.169
15.11.2021 16:42:39,58.287,837.982,441.253,772.766,771.453,0.134,49.148
15.11.2021 16:42:40,58.390,836.303,439.453,770.294,770.019,0.028,49.298
15.11.2021 16:42:41,58.493,833.709,437.561,768.188,767.761,0.044,49.384
15.11.2021 16:42:42,58.594,831.359,436.248,765.930,765.502,0.044,49.397
15.11.2021 16:42:43,58.689,829.589,434.722,763.977,763.610,0.037,49.495
15.11.2021 16:42:44,58.790,827.117,432.647,761.688,762.145,-0.047,49.624
15.11.2021 16:42:45,58.888,825.195,431.457,760.131,760.009,0.012,49.654
15.11.2021 16:42:46,58.991,822.448,429.901,757.537,757.232,0.031,49.674
15.11.2021 16:42:47,59.089,820.556,428.466,755.706,755.279,0.044,49.749
15.11.2021 16:42:48,59.187,818.054,426.971,753.265,752.990,0.028,49.780
15.11.2021 16:42:49,59.287,816.070,425.201,751.037,751.037,0.000,49.903
15.11.2021 16:42:50,59.390,813.598,423.675,748.901,748.657,0.025,49.944
15.11.2021 16:42:51,59.498,810.974,422.088,746.063,746.429,-0.038,49.981
15.11.2021 16:42:52,59.591,808.471,420.410,744.781,743.835,0.100,50.045
15.11.2021 16:42:54,59.699,806.060,418.853,742.309,741.851,0.048,50.096
15.11.2021 16:42:55,59.800,803.375,417.846,740.478,740.020,0.049,50.030
15.11.2021 16:42:56,59.900,801.025,415.832,737.670,737.609,0.006,50.165
15.11.2021 16:42:57,59.993,798.614,414.855,735.778,735.198,0.062,50.118
