# Sensor: ADPD2140, Rotationstage: ELL18M
Datetime,Stage Angle,xL,xR,yL,yR,X,Y
17.11.2021 19:55:34,-59.993,319.274,606.048,556.610,557.861,-0.177,-49.115
17.11.2021 19:55:35,-59.908,320.648,607.971,558.227,559.875,-0.233,-49.034
17.11.2021 19:55:36,-59.807,321.380,610.015,559.478,561.279,-0.254,-49.111
17.11.2021 19:55:37,-59.707,322.570,610.778,560.791,562.896,-0.296,-48.936
17.11.2021 19:55:38,-59.599,323.455,613.128,562.835,564.086,-0.175,-49.015
17.11.2021 19:55:39,-59.503,324.462,614.501,563.720,565.948,-0.312,-48.952
17.11.2021 19:55:40,-59.408,325.775,615.814,565.216,566.925,-0.239,-48.816
17.11.2021 19:55:41,-59.289,326.507,617.736,566.833,568.084,-0.174,-48.878
17.11.2021 19:55:42,-59.207,327.728,619.140,568.298,570.007,-0.237,-48.774
17.11.2021 19:55:43,-59.093,328.613,620.849,569.396,571.411,-0.279,-48.778
17.11.2021 19:55:44,-59.003,329.864,621.978,570.831,572.967,-0.295,-48.636
17.11.2021 19:55:45,-58.903,330.841,623.992,572.479,573.944,-0.202,-48.655
17.11.2021 19:55:46,-58.792,331.909,625.488,573.852,575.897,-0.281,-48.596
17.11.2021 19:55:47,-58.707,333.312,626.770,575.531,577.178,-0.226,-48.440
17.11.2021 19:55:48,-58.609,334.197,628.631,576.873,578.521,-0.226,-48.462
17.11.2021 19:55:49,-58.498,334.716,630.126,577.972,580.017,-0.279,-48.522
17.11.2021 19:55:50,-58.403,336.151,631.195,579.650,581.054,-0.191,-48.336
17.11.2021 19:55:51,-58.292,336.456,632.904,580.871,582.550,-0.228,-48.465
17.11.2021 19:55:52,-58.202,338.134,635.223,582.183,584.014,-0.248,-48.370
17.11.2021 19:55:53,-58.109,338.714,636.199,583.709,585.266,-0.211,-48.358
17.11.2021 19:55:54,-58.008,340.515,638.488,585.021,587.249,-0.301,-48.235
17.11.2021 19:55:55,-57.892,341.094,639.678,586.608,588.134,-0.205,-48.246
17.11.2021 19:55:56,-57.794,341.827,640.960,587.493,589.324,-0.246,-48.236
17.11.2021 19:55:57,-57.707,343.353,642.639,589.660,591.186,-0.204,-48.104
17.11.2021 19:55:58,-57.606,344.055,644.195,590.667,592.529,-0.249,-48.131
17.11.2021 19:55:59,-57.506,345.245,645.294,591.827,594.268,-0.326,-48.005
17.11.2021 19:56:00,-57.403,346.221,647.186,593.841,595.367,-0.203,-48.012
17.11.2021 19:56:01,-57.292,347.106,648.681,594.635,596.588,-0.259,-47.995
17.11.2021 19:56:02,-57.194,347.930,649.932,596.282,598.114,-0.242,-47.963
17.11.2021 19:56:03,-57.109,349.060,652.496,597.747,599.578,-0.242,-48.013
17.11.2021 19:56:04,-57.001,350.006,653.289,599.548,601.196,-0.217,-47.906
17.11.2021 19:56:05,-56.898,350.708,655.029,600.311,602.264,-0.257,-47.953
17.11.2021 19:56:06,-56.802,351.745,656.188,601.440,603.088,-0.216,-47.867
17.11.2021 19:56:07,-56.704,352.630,657.653,603.424,604.736,-0.172,-47.847
17.11.2021 19:56:08,-56.599,353.454,658.905,604.095,606.170,-0.271,-47.816
17.11.2021 19:56:09,-56.503,354.370,659.790,605.285,607.116,-0.239,-47.726
17.11.2021 19:56:10,-56.395,355.285,661.743,606.506,608.306,-0.234,-47.753
17.11.2021 19:56:11,-56.307,356.018,662.719,607.910,609.588,-0.218,-47.711
17.11.2021 19:56:12,-56.202,356.567,664.367,609.222,611.114,-0.245,-47.779
17.11.2021 19:56:13,-56.109,357.879,665.679,610.931,612.976,-0.264,-47.656
17.11.2021 19:56:14,-56.003,358.734,667.327,612.396,614.501,-0.271,-47.663
17.11.2021 19:56:15,-55.905,359.832,669.097,613.677,615.966,-0.294,-47.633
17.11.2021 19:56:16,-55.805,360.565,670.074,614.898,616.607,-0.219,-47.592
17.11.2021 19:56:17,-55.704,361.083,671.508,616.058,617.797,-0.223,-47.642
17.11.2021 19:56:18,-55.611,362.304,672.912,617.767,620.086,-0.296,-47.550
17.11.2021 19:56:19,-55.498,363.311,674.407,619.354,621.063,-0.218,-47.510
17.11.2021 19:56:20,-55.403,363.616,675.933,620.239,622.283,-0.260,-47.612
17.11.2021 19:56:21,-55.292,365.081,677.490,621.978,623.687,-0.217,-47.488
17.11.2021 19:56:22,-55.202,365.722,679.138,623.626,625.701,-0.263,-47.537
17.11.2021 19:56:23,-55.099,366.882,679.901,625.152,626.525,-0.173,-47.389
17.11.2021 19:56:24,-54.993,367.767,681.915,626.373,628.387,-0.254,-47.429
17.11.2021 19:56:25,-54.903,368.682,682.983,627.502,629.394,-0.238,-47.362
17.11.2021 19:56:26,-54.802,369.659,684.020,629.119,630.645,-0.191,-47.281
17.11.2021 19:56:27,-54.696,370.269,686.004,630.645,632.415,-0.222,-47.371
17.11.2021 19:56:28,-54.601,371.185,687.316,632.080,634.155,-0.259,-47.331
17.11.2021 19:56:29,-54.493,371.948,688.415,633.056,635.192,-0.266,-47.298
17.11.2021 19:56:30,-54.392,372.985,690.063,635.101,637.054,-0.243,-47.269
17.11.2021 19:56:31,-54.300,373.931,691.741,636.413,638.031,-0.201,-47.262
17.11.2021 19:56:33,-54.194,374.633,693.450,637.878,640.258,-0.295,-47.304
17.11.2021 19:56:34,-54.109,375.885,694.824,639.587,641.296,-0.211,-47.207
17.11.2021 19:56:35,-53.995,376.403,696.319,640.960,642.913,-0.241,-47.262
17.11.2021 19:56:36,-53.898,377.380,697.753,642.517,644.287,-0.217,-47.224
17.11.2021 19:56:37,-53.794,377.838,699.157,644.134,645.904,-0.217,-47.281
17.11.2021 19:56:38,-53.696,379.211,701.080,645.751,647.644,-0.231,-47.218
17.11.2021 19:56:39,-53.593,379.760,702.484,647.094,648.986,-0.231,-47.258
17.11.2021 19:56:40,-53.501,381.134,703.826,648.681,650.848,-0.264,-47.135
17.11.2021 19:56:41,-53.403,381.683,705.444,650.634,652.770,-0.259,-47.197
17.11.2021 19:56:42,-53.294,382.812,706.817,651.916,653.747,-0.222,-47.124
17.11.2021 19:56:43,-53.199,383.331,708.190,653.320,655.609,-0.277,-47.166
17.11.2021 19:56:44,-53.099,383.850,710.021,655.181,657.226,-0.246,-47.255
17.11.2021 19:56:45,-53.008,385.498,711.975,657.104,659.332,-0.268,-47.144
17.11.2021 19:56:46,-52.900,386.108,713.500,658.966,660.400,-0.172,-47.184
17.11.2021 19:56:47,-52.800,386.566,714.965,659.637,661.865,-0.267,-47.247
17.11.2021 19:56:48,-52.691,387.695,716.461,661.590,663.940,-0.280,-47.187
17.11.2021 19:56:49,-52.596,388.732,718.475,663.482,665.679,-0.261,-47.197
17.11.2021 19:56:50,-52.493,389.282,720.397,664.581,667.327,-0.326,-47.288
17.11.2021 19:56:51,-52.398,390.441,721.557,665.985,669.158,-0.376,-47.189
17.11.2021 19:56:52,-52.300,390.899,723.602,667.480,670.288,-0.332,-47.309
17.11.2021 19:56:53,-52.204,392.089,725.341,669.830,672.729,-0.342,-47.263
17.11.2021 19:56:54,-52.109,392.944,727.172,671.783,673.675,-0.222,-47.287
17.11.2021 19:56:55,-51.995,393.737,728.881,672.943,675.079,-0.251,-47.311
17.11.2021 19:56:56,-51.892,394.958,730.834,674.987,676.910,-0.225,-47.281
17.11.2021 19:56:57,-51.800,395.202,731.964,675.933,678.466,-0.296,-47.348
17.11.2021 19:56:58,-51.696,396.057,733.734,677.856,680.084,-0.259,-47.366
17.11.2021 19:56:59,-51.596,396.697,735.382,678.497,681.671,-0.369,-47.411
17.11.2021 19:57:00,-51.508,397.949,736.938,680.786,683.044,-0.262,-47.337
17.11.2021 19:57:01,-51.403,398.773,738.006,682.525,684.844,-0.268,-47.292
17.11.2021 19:57:02,-51.302,399.505,739.898,683.868,685.974,-0.243,-47.344
17.11.2021 19:57:03,-51.202,400.726,741.027,685.058,687.591,-0.292,-47.234
17.11.2021 19:57:04,-51.106,401.214,742.889,687.011,689.086,-0.238,-47.327
17.11.2021 19:57:05,-50.998,402.526,744.232,688.385,691.070,-0.308,-47.222
17.11.2021 19:57:06,-50.903,403.350,746.063,689.910,692.474,-0.293,-47.252
17.11.2021 19:57:07,-50.800,404.144,747.406,691.284,694.030,-0.314,-47.240
17.11.2021 19:57:08,-50.704,405.059,748.504,692.871,695.129,-0.257,-47.183
17.11.2021 19:57:09,-50.599,406.097,750.671,694.427,697.113,-0.305,-47.207
17.11.2021 19:57:10,-50.498,406.890,751.281,695.556,698.638,-0.350,-47.124
17.11.2021 19:57:11,-50.405,407.958,753.326,697.662,699.798,-0.242,-47.131
17.11.2021 19:57:12,-50.305,409.240,754.791,699.279,701.477,-0.248,-47.045
17.11.2021 19:57:13,-50.194,409.851,755.493,700.469,702.911,-0.275,-47.004
17.11.2021 19:57:14,-50.109,410.491,757.598,702.148,704.437,-0.257,-47.093
17.11.2021 19:57:15,-49.998,411.590,758.605,703.277,705.535,-0.254,-46.995
17.11.2021 19:57:16,-49.892,412.780,760.070,704.803,707.397,-0.291,-46.926
17.11.2021 19:57:17,-49.797,413.757,761.291,706.024,708.526,-0.280,-46.871
17.11.2021 19:57:18,-49.694,414.794,763.122,707.458,709.869,-0.269,-46.864
17.11.2021 19:57:19,-49.596,415.466,764.068,708.587,711.791,-0.357,-46.837
17.11.2021 19:57:20,-49.503,416.748,765.625,710.540,712.860,-0.258,-46.761
17.11.2021 19:57:21,-49.400,417.572,767.028,711.303,714.416,-0.346,-46.751
17.11.2021 19:57:22,-49.300,418.273,767.944,713.287,715.911,-0.291,-46.715
17.11.2021 19:57:23,-49.207,419.311,769.775,714.263,717.407,-0.347,-46.708
17.11.2021 19:57:24,-49.106,420.471,771.331,715.820,718.994,-0.350,-46.655
17.11.2021 19:57:25,-48.998,421.356,772.521,717.376,720.550,-0.349,-46.614
17.11.2021 19:57:26,-48.892,422.149,773.834,718.444,721.557,-0.342,-46.601
17.11.2021 19:57:27,-48.792,423.706,774.963,720.428,723.144,-0.298,-46.440
17.11.2021 19:57:28,-48.696,424.377,776.916,721.588,724.700,-0.341,-46.508
17.11.2021 19:57:29,-48.604,425.445,777.160,722.717,725.372,-0.290,-46.348
17.11.2021 19:57:30,-48.501,426.147,778.106,724.029,726.959,-0.319,-46.317
17.11.2021 19:57:31,-48.392,427.185,779.449,725.219,728.637,-0.372,-46.266
17.11.2021 19:57:32,-48.302,428.314,780.944,727.325,730.102,-0.301,-46.213
17.11.2021 19:57:33,-48.202,429.565,782.104,728.057,731.689,-0.394,-46.109
17.11.2021 19:57:34,-48.106,430.084,783.447,729.949,733.306,-0.363,-46.146
17.11.2021 19:57:35,-47.998,431.091,784.942,730.590,734.008,-0.369,-46.115
17.11.2021 19:57:36,-47.895,432.586,786.163,732.452,735.717,-0.352,-45.976
17.11.2021 19:57:37,-47.805,433.441,786.834,733.703,736.785,-0.332,-45.895
17.11.2021 19:57:38,-47.702,434.204,788.055,735.443,737.884,-0.262,-45.880
17.11.2021 19:57:39,-47.604,435.760,789.245,736.480,739.562,-0.330,-45.730
17.11.2021 19:57:40,-47.498,436.370,789.978,737.182,740.661,-0.373,-45.695
17.11.2021 19:57:41,-47.395,438.049,792.266,739.074,742.553,-0.372,-45.627
17.11.2021 19:57:42,-47.302,438.690,793.334,740.020,742.919,-0.309,-45.618
17.11.2021 19:57:43,-47.202,439.727,794.647,741.302,744.873,-0.380,-45.567
17.11.2021 19:57:44,-47.106,440.948,795.562,742.431,746.154,-0.396,-45.449
17.11.2021 19:57:45,-47.003,441.314,796.875,743.072,746.887,-0.405,-45.508
17.11.2021 19:57:46,-46.892,442.810,798.400,744.934,748.291,-0.356,-45.402
17.11.2021 19:57:47,-46.805,443.145,799.133,745.819,749.237,-0.362,-45.413
17.11.2021 19:57:48,-46.707,444.610,800.415,747.039,750.549,-0.371,-45.290
17.11.2021 19:57:49,-46.606,445.343,801.788,748.107,751.342,-0.341,-45.295
17.11.2021 19:57:50,-46.503,446.685,803.497,749.755,753.021,-0.344,-45.230
17.11.2021 19:57:51,-46.403,447.601,804.626,750.762,754.211,-0.363,-45.184
17.11.2021 19:57:52,-46.300,448.608,806.152,752.105,755.432,-0.349,-45.158
17.11.2021 19:57:53,-46.207,449.096,808.197,753.051,756.835,-0.397,-45.263
17.11.2021 19:57:54,-46.104,450.500,809.020,754.577,757.751,-0.332,-45.110
17.11.2021 19:57:55,-46.003,451.232,810.516,755.157,759.002,-0.402,-45.126
17.11.2021 19:57:56,-45.905,452.178,812.194,756.713,760.009,-0.344,-45.124
17.11.2021 19:57:57,-45.805,452.911,812.896,757.507,760.986,-0.363,-45.070
17.11.2021 19:57:58,-45.707,454.162,813.934,758.758,761.962,-0.333,-44.961
17.11.2021 19:57:59,-45.606,455.261,816.009,760.101,763.305,-0.333,-44.971
17.11.2021 19:58:00,-45.503,456.298,816.864,760.437,763.916,-0.361,-44.881
17.11.2021 19:58:01,-45.400,457.427,818.237,761.352,764.739,-0.351,-44.824
17.11.2021 19:58:02,-45.307,458.312,819.427,762.725,766.265,-0.366,-44.789
17.11.2021 19:58:03,-45.204,459.594,821.044,763.793,767.822,-0.416,-44.729
17.11.2021 19:58:04,-45.109,460.662,821.960,765.228,768.371,-0.324,-44.641
17.11.2021 19:58:05,-44.995,461.730,823.608,766.082,769.714,-0.374,-44.618
17.11.2021 19:58:06,-44.895,463.195,824.890,767.608,770.874,-0.336,-44.500
17.11.2021 19:58:07,-44.797,463.928,826.141,768.188,771.881,-0.379,-44.496
17.11.2021 19:58:08,-44.702,465.301,827.026,769.073,772.857,-0.388,-44.358
17.11.2021 19:58:09,-44.606,466.186,828.918,770.141,774.139,-0.410,-44.386
17.11.2021 19:58:10,-44.495,467.651,830.139,771.392,775.329,-0.403,-44.264
17.11.2021 19:58:11,-44.405,468.872,831.451,772.918,776.611,-0.377,-44.189
17.11.2021 19:58:12,-44.292,469.848,833.007,773.895,777.404,-0.358,-44.174
17.11.2021 19:58:13,-44.207,470.703,833.465,774.932,778.076,-0.320,-44.081
17.11.2021 19:58:14,-44.093,472.015,835.021,775.817,779.022,-0.326,-44.014
17.11.2021 19:58:15,-44.003,473.419,836.212,776.947,780.242,-0.335,-43.901
17.11.2021 19:58:16,-43.908,474.731,837.310,778.106,781.585,-0.353,-43.795
17.11.2021 19:58:19,-43.792,475.830,839.233,779.632,782.775,-0.318,-43.793
17.11.2021 19:58:20,-43.696,476.745,840.240,780.212,783.538,-0.337,-43.740
17.11.2021 19:58:21,-43.606,478.332,841.216,781.311,784.820,-0.355,-43.582
17.11.2021 19:58:22,-43.508,479.217,842.895,782.196,785.736,-0.357,-43.593
17.11.2021 19:58:24,-43.392,480.712,843.811,783.325,787.048,-0.375,-43.444
17.11.2021 19:58:25,-43.307,481.597,844.879,784.332,788.024,-0.372,-43.402
17.11.2021 19:58:26,-43.194,482.971,846.252,785.919,789.154,-0.325,-43.312
17.11.2021 19:58:27,-43.109,483.764,847.320,786.682,789.611,-0.294,-43.284
17.11.2021 19:58:28,-43.006,485.748,848.937,787.841,791.412,-0.358,-43.124
17.11.2021 19:58:29,-42.900,486.328,849.883,788.818,792.205,-0.339,-43.118
17.11.2021 19:58:30,-42.800,487.884,851.043,789.916,793.670,-0.375,-42.984
17.11.2021 19:58:31,-42.707,489.227,852.111,791.229,794.342,-0.311,-42.874
17.11.2021 19:58:32,-42.601,489.990,853.332,791.656,795.745,-0.408,-42.865
17.11.2021 19:58:33,-42.493,491.638,854.492,793.243,796.691,-0.343,-42.718
17.11.2021 19:58:34,-42.400,492.767,855.407,794.372,797.485,-0.309,-42.628
17.11.2021 19:58:35,-42.292,493.774,856.414,795.715,798.553,-0.282,-42.564
17.11.2021 19:58:36,-42.207,494.995,857.452,796.112,800.079,-0.393,-42.472
17.11.2021 19:58:37,-42.109,496.032,858.184,797.241,801.239,-0.396,-42.381
17.11.2021 19:58:38,-41.993,497.528,859.069,798.522,801.879,-0.332,-42.235
17.11.2021 19:58:39,-41.892,498.229,860.259,799.652,803.253,-0.356,-42.233
17.11.2021 19:58:40,-41.800,499.633,860.870,800.598,803.924,-0.328,-42.078
17.11.2021 19:58:41,-41.702,500.915,861.633,801.574,804.687,-0.307,-41.955
17.11.2021 19:58:42,-41.596,502.014,863.098,802.673,806.396,-0.366,-41.918
17.11.2021 19:58:43,-41.506,503.295,863.433,803.985,807.373,-0.333,-41.759
17.11.2021 19:58:44,-41.405,504.089,864.440,804.779,808.593,-0.374,-41.729
17.11.2021 19:58:45,-41.294,505.187,864.868,805.755,809.661,-0.383,-41.605
17.11.2021 19:58:46,-41.202,506.439,865.966,806.823,810.333,-0.343,-41.516
17.11.2021 19:58:47,-41.096,507.324,866.882,807.464,811.096,-0.355,-41.465
17.11.2021 19:58:48,-40.993,508.453,867.004,808.410,812.072,-0.358,-41.311
17.11.2021 19:58:49,-40.895,509.094,868.499,809.875,813.354,-0.339,-41.346
17.11.2021 19:58:50,-40.805,509.979,869.049,810.699,814.270,-0.348,-41.264
17.11.2021 19:58:51,-40.696,510.894,870.208,811.401,815.155,-0.365,-41.230
17.11.2021 19:58:52,-40.596,512.329,871.032,812.438,816.070,-0.353,-41.093
17.11.2021 19:58:53,-40.495,513.336,872.100,813.995,817.138,-0.305,-41.038
17.11.2021 19:58:54,-40.400,514.617,873.352,814.453,818.389,-0.382,-40.960
17.11.2021 19:58:55,-40.300,515.441,874.450,815.979,819.366,-0.328,-40.934
17.11.2021 19:58:56,-40.196,516.052,875.366,816.802,820.159,-0.324,-40.924
17.11.2021 19:58:57,-40.104,517.028,876.312,817.596,821.380,-0.365,-40.864
17.11.2021 19:58:58,-40.008,518.371,876.922,818.817,821.868,-0.294,-40.724
17.11.2021 19:58:59,-39.908,518.920,878.387,819.763,823.028,-0.315,-40.769
17.11.2021 19:59:00,-39.805,519.958,879.333,820.983,824.096,-0.299,-40.701
17.11.2021 19:59:01,-39.707,520.690,880.401,821.746,825.500,-0.361,-40.687
17.11.2021 19:59:02,-39.609,521.942,881.591,822.723,826.141,-0.328,-40.609
17.11.2021 19:59:03,-39.508,522.369,882.232,823.882,827.240,-0.322,-40.602
17.11.2021 19:59:04,-39.392,523.498,883.850,824.615,828.430,-0.365,-40.578
17.11.2021 19:59:05,-39.300,524.597,884.735,825.775,828.949,-0.303,-40.497
17.11.2021 19:59:06,-39.202,525.604,886.077,826.721,830.169,-0.329,-40.467
17.11.2021 19:59:07,-39.099,526.733,886.627,827.423,831.115,-0.352,-40.354
17.11.2021 19:59:08,-39.008,527.557,887.664,829.101,831.787,-0.256,-40.325
17.11.2021 19:59:09,-38.905,528.472,888.946,829.925,832.855,-0.279,-40.303
17.11.2021 19:59:10,-38.807,529.724,889.343,831.481,834.106,-0.249,-40.161
17.11.2021 19:59:11,-38.704,530.151,890.899,832.367,835.266,-0.275,-40.231
17.11.2021 19:59:12,-38.611,531.433,891.143,832.916,836.242,-0.315,-40.072
17.11.2021 19:59:13,-38.495,532.379,892.883,833.618,837.188,-0.338,-40.085
17.11.2021 19:59:14,-38.405,533.721,893.005,834.564,838.470,-0.370,-39.908
17.11.2021 19:59:15,-38.294,534.271,894.287,835.723,839.050,-0.314,-39.938
17.11.2021 19:59:16,-38.191,535.736,895.080,836.578,840.270,-0.348,-39.801
17.11.2021 19:59:17,-38.096,537.200,895.690,837.799,841.400,-0.339,-39.649
17.11.2021 19:59:18,-37.998,537.963,896.789,838.867,841.979,-0.293,-39.634
17.11.2021 19:59:19,-37.900,538.879,897.216,839.447,842.925,-0.327,-39.543
17.11.2021 19:59:20,-37.805,539.489,898.406,840.545,843.872,-0.312,-39.558
17.11.2021 19:59:21,-37.704,541.259,899.414,841.705,845.581,-0.364,-39.398
17.11.2021 19:59:22,-37.606,541.961,900.115,842.193,845.672,-0.326,-39.359
17.11.2021 19:59:23,-37.508,542.877,900.543,842.651,847.290,-0.435,-39.269
17.11.2021 19:59:24,-37.392,543.945,901.763,844.085,848.083,-0.374,-39.224
17.11.2021 19:59:25,-37.305,544.921,902.404,844.634,848.419,-0.354,-39.143
17.11.2021 19:59:26,-37.204,546.600,902.801,846.099,849.883,-0.353,-38.947
17.11.2021 19:59:27,-37.106,547.424,904.418,846.984,850.585,-0.336,-38.968
17.11.2021 19:59:28,-36.995,548.187,904.846,847.229,851.318,-0.381,-38.899
17.11.2021 19:59:29,-36.905,549.621,905.853,848.693,852.325,-0.338,-38.788
17.11.2021 19:59:30,-36.797,550.445,906.524,849.365,853.118,-0.349,-38.731
17.11.2021 19:59:31,-36.707,551.116,907.104,849.670,853.790,-0.383,-38.688
17.11.2021 19:59:32,-36.606,552.276,908.111,850.891,854.644,-0.348,-38.614
17.11.2021 19:59:33,-36.506,553.497,909.088,851.165,855.529,-0.405,-38.530
17.11.2021 19:59:34,-36.405,554.016,909.118,852.447,856.109,-0.339,-38.462
17.11.2021 19:59:35,-36.292,555.389,909.729,853.363,856.811,-0.319,-38.328
17.11.2021 19:59:36,-36.199,555.694,910.217,853.759,857.818,-0.375,-38.327
17.11.2021 19:59:37,-36.106,556.518,910.461,854.644,857.910,-0.302,-38.236
17.11.2021 19:59:38,-36.003,557.739,911.224,855.285,858.703,-0.316,-38.135
17.11.2021 19:59:39,-35.903,558.746,911.529,855.957,859.649,-0.341,-38.025
17.11.2021 19:59:40,-35.794,559.326,911.621,856.292,860.168,-0.357,-37.955
17.11.2021 19:59:41,-35.691,560.516,911.437,856.903,860.626,-0.343,-37.782
17.11.2021 19:59:42,-35.601,561.096,912.170,858.062,861.389,-0.306,-37.764
17.11.2021 19:59:43,-35.503,562.377,912.689,858.306,862.396,-0.376,-37.636
17.11.2021 19:59:44,-35.403,562.957,912.719,859.039,862.548,-0.323,-37.562
17.11.2021 19:59:45,-35.307,563.781,913.208,859.161,862.823,-0.337,-37.492
17.11.2021 19:59:46,-35.202,564.849,913.604,859.893,863.311,-0.314,-37.383
17.11.2021 19:59:47,-35.093,565.490,914.398,860.412,864.105,-0.339,-37.363
17.11.2021 19:59:48,-35.003,566.497,913.909,860.656,864.013,-0.308,-37.190
17.11.2021 19:59:49,-34.898,567.230,914.764,861.785,865.112,-0.305,-37.163
17.11.2021 19:59:50,-34.800,568.054,915.344,862.243,865.387,-0.288,-37.102
17.11.2021 19:59:51,-34.704,568.634,915.313,862.731,865.936,-0.293,-37.023
17.11.2021 19:59:52,-34.593,569.580,916.046,863.311,866.668,-0.307,-36.959
17.11.2021 19:59:53,-34.495,570.220,915.679,863.647,867.126,-0.318,-36.844
17.11.2021 19:59:54,-34.395,571.136,916.778,864.196,867.523,-0.304,-36.814
17.11.2021 19:59:55,-34.307,571.777,916.839,863.922,868.103,-0.382,-36.735
17.11.2021 19:59:56,-34.196,572.875,917.571,864.990,867.797,-0.256,-36.651
17.11.2021 19:59:57,-34.106,572.845,917.541,864.898,868.560,-0.334,-36.652
17.11.2021 19:59:58,-34.008,574.584,918.609,865.173,869.140,-0.362,-36.512
17.11.2021 19:59:59,-33.895,574.401,919.311,865.875,869.781,-0.356,-36.593
17.11.2021 20:00:00,-33.800,575.317,919.830,866.363,869.781,-0.311,-36.516
17.11.2021 20:00:01,-33.696,575.958,920.379,867.523,870.300,-0.253,-36.478
17.11.2021 20:00:02,-33.606,576.385,920.745,867.370,870.727,-0.306,-36.452
17.11.2021 20:00:06,-33.495,577.484,921.417,867.340,871.399,-0.369,-36.363
17.11.2021 20:00:07,-33.400,578.338,921.783,868.164,871.429,-0.297,-36.282
17.11.2021 20:00:09,-33.294,578.918,922.759,868.224,871.826,-0.327,-36.287
17.11.2021 20:00:10,-33.202,579.376,923.278,868.652,871.520,-0.261,-36.269
17.11.2021 20:00:12,-33.096,580.017,923.461,868.896,872.589,-0.336,-36.201
17.11.2021 20:00:13,-33.006,580.352,923.522,869.110,872.680,-0.324,-36.163
17.11.2021 20:00:14,-32.892,581.756,924.041,869.842,873.535,-0.335,-36.024
17.11.2021 20:00:15,-32.805,582.397,925.079,870.086,873.260,-0.288,-36.025
17.11.2021 20:00:16,-32.704,583.343,925.262,870.300,873.870,-0.324,-35.918
17.11.2021 20:00:17,-32.596,584.014,925.415,870.788,873.962,-0.288,-35.844
17.11.2021 20:00:18,-32.495,584.625,925.750,870.605,873.931,-0.302,-35.793
17.11.2021 20:00:19,-32.405,585.327,925.598,871.002,874.450,-0.313,-35.690
17.11.2021 20:00:20,-32.305,586.120,925.689,871.337,874.694,-0.304,-35.596
17.11.2021 20:00:21,-32.199,587.036,926.544,871.215,875.305,-0.371,-35.548
17.11.2021 20:00:22,-32.104,587.799,926.971,871.856,875.610,-0.340,-35.484
17.11.2021 20:00:23,-32.001,588.806,927.032,871.795,875.671,-0.351,-35.361
17.11.2021 20:00:24,-31.900,589.843,927.459,872.466,875.579,-0.282,-35.263
17.11.2021 20:00:25,-31.807,590.087,926.971,872.344,875.610,-0.296,-35.192
17.11.2021 20:00:26,-31.707,591.125,927.276,872.772,876.037,-0.295,-35.084
17.11.2021 20:00:27,-31.609,591.766,927.581,873.107,876.098,-0.270,-35.027
17.11.2021 20:00:28,-31.508,592.620,928.192,873.199,876.892,-0.334,-34.968
17.11.2021 20:00:29,-31.395,593.627,928.009,874.084,876.739,-0.240,-34.825
17.11.2021 20:00:30,-31.305,594.238,927.703,873.443,876.861,-0.309,-34.723
17.11.2021 20:00:31,-31.191,595.031,927.978,873.779,877.227,-0.312,-34.645
17.11.2021 20:00:32,-31.106,595.733,928.802,873.962,877.349,-0.306,-34.623
17.11.2021 20:00:33,-30.998,596.954,928.802,874.175,877.685,-0.317,-34.468
17.11.2021 20:00:34,-30.905,597.473,928.253,874.450,877.624,-0.287,-34.358
17.11.2021 20:00:35,-30.797,598.083,928.924,874.481,877.990,-0.317,-34.335
17.11.2021 20:00:36,-30.696,598.693,928.558,874.877,878.112,-0.292,-34.229
17.11.2021 20:00:37,-30.596,599.853,928.619,875.244,878.112,-0.259,-34.087
17.11.2021 20:00:38,-30.503,600.189,929.138,875.549,878.387,-0.256,-34.087
17.11.2021 20:00:39,-30.408,601.135,928.619,875.091,877.990,-0.262,-33.926
17.11.2021 20:00:40,-30.297,602.050,929.046,874.725,878.356,-0.328,-33.846
17.11.2021 20:00:41,-30.196,602.722,929.015,875.946,878.997,-0.275,-33.759
17.11.2021 20:00:42,-30.101,602.935,929.168,875.976,878.906,-0.264,-33.745
17.11.2021 20:00:43,-30.003,604.217,928.802,876.037,879.150,-0.281,-33.554
17.11.2021 20:00:44,-29.908,604.583,928.161,875.976,878.723,-0.248,-33.456
17.11.2021 20:00:45,-29.807,605.590,928.466,876.464,879.669,-0.289,-33.355
17.11.2021 20:00:46,-29.704,606.384,928.375,876.922,879.272,-0.212,-33.248
17.11.2021 20:00:47,-29.601,607.177,928.405,876.708,879.821,-0.280,-33.152
17.11.2021 20:00:48,-29.498,607.757,928.039,877.380,880.279,-0.261,-33.049
17.11.2021 20:00:49,-29.395,608.398,927.612,877.288,879.882,-0.233,-32.935
17.11.2021 20:00:50,-29.297,609.008,927.337,877.410,880.126,-0.244,-32.836
17.11.2021 20:00:51,-29.204,610.260,926.880,877.929,880.249,-0.209,-32.643
17.11.2021 20:00:52,-29.101,610.931,927.368,877.746,880.340,-0.233,-32.599
17.11.2021 20:00:53,-28.995,611.450,927.185,878.326,880.676,-0.211,-32.520
17.11.2021 20:00:54,-28.892,611.846,926.177,878.540,880.584,-0.184,-32.388
17.11.2021 20:00:55,-28.807,613.311,926.299,878.326,881.225,-0.261,-32.217
17.11.2021 20:00:56,-28.707,613.891,926.544,878.509,880.737,-0.200,-32.165
17.11.2021 20:00:57,-28.593,614.715,926.513,878.753,881.317,-0.230,-32.060
17.11.2021 20:00:58,-28.495,615.295,926.544,879.028,882.110,-0.277,-31.991
17.11.2021 20:00:59,-28.400,615.844,926.177,879.058,881.683,-0.236,-31.893
17.11.2021 20:01:00,-28.292,617.248,926.666,879.516,882.385,-0.258,-31.760
17.11.2021 20:01:01,-28.194,616.973,925.933,879.547,881.713,-0.194,-31.734
17.11.2021 20:01:02,-28.096,617.980,925.689,879.394,882.141,-0.247,-31.590
17.11.2021 20:01:03,-27.998,619.079,926.574,879.974,882.324,-0.211,-31.527
17.11.2021 20:01:04,-27.895,619.323,926.483,880.584,882.659,-0.186,-31.490
17.11.2021 20:01:05,-27.794,620.178,926.116,880.584,882.995,-0.216,-31.355
17.11.2021 20:01:06,-27.696,620.666,926.422,880.981,882.751,-0.159,-31.320
17.11.2021 20:01:07,-27.604,621.856,926.788,880.767,883.148,-0.213,-31.204
17.11.2021 20:01:08,-27.508,622.985,926.788,881.195,883.392,-0.197,-31.066
17.11.2021 20:01:09,-27.405,623.504,927.459,881.469,883.758,-0.205,-31.058
17.11.2021 20:01:10,-27.307,624.237,927.062,882.049,884.063,-0.180,-30.936
17.11.2021 20:01:11,-27.191,624.481,927.337,882.141,884.704,-0.229,-30.929
17.11.2021 20:01:12,-27.101,625.579,927.581,882.232,884.552,-0.208,-30.815
17.11.2021 20:01:13,-26.995,626.464,927.276,882.720,884.857,-0.191,-30.682
17.11.2021 20:01:14,-26.900,627.288,927.886,882.659,884.979,-0.207,-30.632
17.11.2021 20:01:15,-26.800,628.021,927.459,883.270,885.162,-0.169,-30.507
17.11.2021 20:01:16,-26.691,628.601,928.039,883.483,885.711,-0.199,-30.485
17.11.2021 20:01:17,-26.604,628.997,927.825,883.972,886.016,-0.183,-30.419
17.11.2021 20:01:18,-26.498,630.157,927.612,884.368,886.322,-0.174,-30.261
17.11.2021 20:01:19,-26.395,631.011,928.009,884.063,886.474,-0.215,-30.190
17.11.2021 20:01:20,-26.305,632.324,928.039,884.490,886.596,-0.188,-30.034
17.11.2021 20:01:21,-26.207,632.934,927.734,885.070,887.054,-0.177,-29.935
17.11.2021 20:01:22,-26.101,633.911,927.520,885.620,887.817,-0.196,-29.800
17.11.2021 20:01:23,-26.006,634.490,927.154,885.528,887.329,-0.160,-29.700
17.11.2021 20:01:24,-25.898,635.406,927.184,885.437,887.420,-0.177,-29.592
17.11.2021 20:01:25,-25.802,636.657,927.398,886.077,888.000,-0.171,-29.459
17.11.2021 20:01:26,-25.694,637.847,927.551,886.352,888.214,-0.166,-29.329
17.11.2021 20:01:27,-25.593,638.427,927.184,886.535,888.610,-0.185,-29.229
17.11.2021 20:01:28,-25.508,639.373,926.513,886.749,888.854,-0.187,-29.060
17.11.2021 20:01:29,-25.395,640.594,927.001,886.718,888.855,-0.190,-28.954
17.11.2021 20:01:30,-25.294,641.510,926.605,887.359,888.916,-0.138,-28.812
17.11.2021 20:01:31,-25.204,642.608,926.513,887.481,889.556,-0.185,-28.673
17.11.2021 20:01:32,-25.109,644.256,926.696,888.275,889.739,-0.130,-28.492
17.11.2021 20:01:33,-24.995,644.866,926.696,888.122,890.228,-0.187,-28.420
17.11.2021 20:01:34,-24.900,645.874,926.330,888.153,890.228,-0.184,-28.270
17.11.2021 20:01:35,-24.792,646.759,925.628,888.580,890.411,-0.163,-28.106
17.11.2021 20:01:36,-24.704,648.071,925.659,888.702,890.747,-0.182,-27.953
17.11.2021 20:01:37,-24.596,649.261,925.323,889.221,890.747,-0.135,-27.785
17.11.2021 20:01:38,-24.506,650.512,925.476,889.526,891.082,-0.138,-27.649
17.11.2021 20:01:39,-24.392,651.519,925.475,890.075,891.723,-0.146,-27.530
17.11.2021 20:01:40,-24.307,652.740,924.804,890.258,892.028,-0.157,-27.331
17.11.2021 20:01:41,-24.207,653.259,924.438,889.740,892.150,-0.214,-27.239
17.11.2021 20:01:42,-24.104,654.693,923.950,890.380,891.967,-0.141,-27.030
17.11.2021 20:01:43,-23.995,655.792,924.072,890.686,892.211,-0.135,-26.911
17.11.2021 20:01:44,-23.905,656.097,923.980,890.960,892.852,-0.168,-26.868
17.11.2021 20:01:45,-23.792,657.073,923.126,891.296,893.035,-0.154,-26.682
17.11.2021 20:01:46,-23.696,657.897,922.820,891.174,893.402,-0.197,-26.560
17.11.2021 20:01:47,-23.609,659.210,922.302,891.723,893.493,-0.157,-26.363
17.11.2021 20:01:49,-23.493,660.461,922.637,892.028,893.646,-0.143,-26.245
17.11.2021 20:01:50,-23.408,661.102,922.302,892.272,893.737,-0.129,-26.142
17.11.2021 20:01:51,-23.305,662.017,921.783,892.578,894.287,-0.151,-25.992
17.11.2021 20:01:52,-23.194,662.994,921.569,892.272,894.561,-0.202,-25.861
17.11.2021 20:01:55,-23.104,664.123,920.379,892.822,894.775,-0.173,-25.630
17.11.2021 20:01:56,-23.001,665.222,920.623,893.341,894.836,-0.132,-25.523
17.11.2021 20:01:59,-22.892,665.863,919.799,893.096,895.019,-0.170,-25.379
17.11.2021 20:02:00,-22.807,666.992,919.219,893.158,895.324,-0.191,-25.200
17.11.2021 20:02:01,-22.704,667.999,919.799,893.646,895.202,-0.137,-25.132
17.11.2021 20:02:03,-22.599,669.708,919.219,893.554,895.233,-0.148,-24.886
17.11.2021 20:02:04,-22.498,670.013,918.609,893.402,895.538,-0.189,-24.799
17.11.2021 20:02:05,-22.395,671.295,917.938,893.615,895.660,-0.181,-24.595
17.11.2021 20:02:06,-22.307,672.241,917.907,893.737,895.385,-0.145,-24.483
17.11.2021 20:02:07,-22.207,673.217,918.121,893.432,895.935,-0.221,-24.389
17.11.2021 20:02:08,-22.109,674.194,917.907,894.317,895.843,-0.135,-24.259
17.11.2021 20:02:09,-22.008,675.598,917.694,894.683,896.026,-0.118,-24.080
17.11.2021 20:02:10,-21.895,676.483,917.358,894.714,896.514,-0.159,-23.950
17.11.2021 20:02:11,-21.807,677.825,917.144,894.744,896.301,-0.137,-23.779
17.11.2021 20:02:12,-21.691,678.833,916.809,894.531,895.935,-0.124,-23.635
17.11.2021 20:02:13,-21.606,679.290,916.992,894.561,896.514,-0.172,-23.598
17.11.2021 20:02:14,-21.506,680.786,916.992,895.111,896.667,-0.137,-23.428
17.11.2021 20:02:15,-21.395,681.488,915.771,895.172,896.911,-0.153,-23.245
17.11.2021 20:02:16,-21.297,682.220,915.924,895.049,896.850,-0.159,-23.175
17.11.2021 20:02:17,-21.207,683.288,915.710,895.049,897.094,-0.180,-23.035
17.11.2021 20:02:18,-21.109,685.089,916.259,895.263,896.820,-0.137,-22.877
17.11.2021 20:02:19,-20.995,685.699,915.710,894.836,896.972,-0.188,-22.762
17.11.2021 20:02:20,-20.903,686.218,915.344,895.690,896.850,-0.102,-22.672
17.11.2021 20:02:21,-20.797,687.438,914.733,895.324,897.216,-0.167,-22.482
17.11.2021 20:02:22,-20.704,688.354,914.550,895.019,897.033,-0.178,-22.363
17.11.2021 20:02:23,-20.606,689.270,914.245,894.927,896.881,-0.172,-22.234
17.11.2021 20:02:24,-20.493,689.849,913.055,894.836,896.881,-0.180,-22.068
17.11.2021 20:02:25,-20.403,691.040,913.574,894.836,896.942,-0.186,-21.978
17.11.2021 20:02:26,-20.292,691.925,913.085,895.202,896.911,-0.151,-21.837
17.11.2021 20:02:27,-20.199,693.145,912.780,895.721,897.125,-0.124,-21.674
17.11.2021 20:02:28,-20.099,694.305,911.987,894.989,897.094,-0.186,-21.476
17.11.2021 20:02:29,-19.993,695.159,911.651,895.111,896.545,-0.126,-21.352
17.11.2021 20:02:30,-19.895,696.014,911.163,894.317,896.453,-0.189,-21.215
17.11.2021 20:02:31,-19.797,697.357,910.858,894.989,896.362,-0.121,-21.039
17.11.2021 20:02:32,-19.691,698.181,910.736,894.989,895.935,-0.083,-20.936
17.11.2021 20:02:33,-19.593,699.340,910.156,894.500,896.453,-0.172,-20.757
17.11.2021 20:02:34,-19.493,700.378,909.790,894.775,896.179,-0.124,-20.611
17.11.2021 20:02:35,-19.392,701.873,909.393,894.195,896.087,-0.167,-20.410
17.11.2021 20:02:36,-19.297,702.697,908.599,894.134,896.301,-0.191,-20.251
17.11.2021 20:02:37,-19.196,703.247,908.233,894.805,895.904,-0.097,-20.159
17.11.2021 20:02:38,-19.104,704.833,907.806,894.256,895.935,-0.148,-19.946
17.11.2021 20:02:39,-19.003,705.596,906.982,893.707,895.446,-0.154,-19.791
17.11.2021 20:02:40,-18.905,707.092,906.890,893.280,895.538,-0.200,-19.618
17.11.2021 20:02:41,-18.794,707.855,906.250,894.073,895.294,-0.108,-19.479
17.11.2021 20:02:42,-18.707,708.801,905.853,893.798,895.202,-0.124,-19.340
17.11.2021 20:02:43,-18.593,710.052,905.365,893.707,895.538,-0.162,-19.160
17.11.2021 20:02:44,-18.495,711.120,904.815,893.615,894.927,-0.116,-18.996
17.11.2021 20:02:45,-18.392,712.249,904.418,892.791,895.294,-0.221,-18.837
17.11.2021 20:02:46,-18.292,713.745,903.503,893.035,894.867,-0.162,-18.594
17.11.2021 20:02:47,-18.207,714.080,902.862,893.218,894.744,-0.135,-18.502
17.11.2021 20:02:48,-18.096,715.362,902.099,893.127,894.805,-0.148,-18.296
17.11.2021 20:02:49,-17.993,716.217,901.733,893.188,894.256,-0.094,-18.171
17.11.2021 20:02:50,-17.905,716.705,900.512,892.089,894.470,-0.211,-18.012
17.11.2021 20:02:51,-17.797,718.109,899.475,892.089,893.676,-0.140,-17.768
17.11.2021 20:02:52,-17.704,718.658,899.291,891.967,893.524,-0.138,-17.693
17.11.2021 20:02:53,-17.601,719.604,898.193,891.967,893.218,-0.111,-17.494
17.11.2021 20:02:54,-17.506,720.031,897.888,891.571,892.669,-0.097,-17.421
17.11.2021 20:02:55,-17.395,721.374,896.820,891.357,892.578,-0.108,-17.182
17.11.2021 20:02:56,-17.297,721.984,895.721,890.869,892.547,-0.149,-17.020
17.11.2021 20:02:57,-17.191,722.717,894.989,890.655,892.120,-0.130,-16.876
17.11.2021 20:02:58,-17.096,723.297,894.073,890.380,891.449,-0.095,-16.733
17.11.2021 20:02:59,-17.001,724.548,893.920,890.014,891.235,-0.108,-16.584
17.11.2021 20:03:00,-16.892,724.853,893.096,889.709,891.387,-0.149,-16.479
17.11.2021 20:03:01,-16.797,724.853,892.303,889.556,890.991,-0.127,-16.409
17.11.2021 20:03:02,-16.699,725.646,891.510,888.916,891.082,-0.192,-16.254
17.11.2021 20:03:03,-16.606,726.959,890.838,889.160,890.380,-0.108,-16.053
17.11.2021 20:03:04,-16.493,727.508,890.655,888.671,890.350,-0.149,-15.978
17.11.2021 20:03:05,-16.405,728.576,889.587,888.488,889.709,-0.108,-15.768
17.11.2021 20:03:06,-16.307,729.064,889.007,888.458,889.007,-0.048,-15.665
17.11.2021 20:03:07,-16.204,729.400,888.976,887.573,889.465,-0.168,-15.626
17.11.2021 20:03:08,-16.104,729.614,887.786,887.207,888.732,-0.136,-15.498
17.11.2021 20:03:09,-15.993,730.651,887.664,886.810,887.817,-0.089,-15.375
17.11.2021 20:03:10,-15.903,731.750,886.230,886.322,887.908,-0.141,-15.131
17.11.2021 20:03:11,-15.800,732.513,886.444,886.657,887.786,-0.100,-15.068
17.11.2021 20:03:12,-15.694,732.849,886.321,885.955,887.145,-0.106,-15.021
17.11.2021 20:03:13,-15.601,733.123,885.559,885.650,887.237,-0.141,-14.924
17.11.2021 20:03:14,-15.508,733.489,884.460,884.796,886.505,-0.152,-14.787
17.11.2021 20:03:15,-15.398,734.497,884.216,884.582,886.047,-0.131,-14.658
17.11.2021 20:03:16,-15.302,734.985,884.246,884.429,885.681,-0.112,-14.608
17.11.2021 20:03:17,-15.199,735.809,883.300,884.277,885.375,-0.098,-14.436
17.11.2021 20:03:18,-15.109,735.900,882.598,883.758,885.192,-0.128,-14.364
17.11.2021 20:03:19,-14.995,736.236,881.744,883.453,884.643,-0.106,-14.252
17.11.2021 20:03:20,-14.900,737.487,881.011,882.354,883.850,-0.134,-14.053
17.11.2021 20:03:21,-14.805,737.823,880.767,881.958,883.605,-0.147,-13.995
17.11.2021 20:03:22,-14.704,738.830,880.371,882.049,883.422,-0.123,-13.853
17.11.2021 20:03:23,-14.593,738.830,880.004,882.232,882.659,-0.038,-13.820
17.11.2021 20:03:24,-14.501,739.257,879.180,881.286,882.385,-0.098,-13.701
17.11.2021 20:03:25,-14.403,740.356,878.540,881.286,882.141,-0.076,-13.527
17.11.2021 20:03:26,-14.294,740.600,878.356,880.645,881.927,-0.115,-13.484
17.11.2021 20:03:27,-14.196,741.241,877.197,880.066,881.652,-0.142,-13.312
17.11.2021 20:03:28,-14.106,742.187,877.105,879.455,880.981,-0.137,-13.204
17.11.2021 20:03:29,-13.998,742.279,876.464,879.638,881.317,-0.151,-13.137
17.11.2021 20:03:30,-13.898,742.370,875.824,879.455,880.737,-0.115,-13.069
17.11.2021 20:03:31,-13.797,742.889,874.725,878.967,879.669,-0.063,-12.916
17.11.2021 20:03:32,-13.694,744.079,874.328,878.295,879.089,-0.071,-12.754
17.11.2021 20:03:33,-13.593,744.781,874.328,877.960,879.119,-0.104,-12.680
17.11.2021 20:03:35,-13.503,745.178,873.657,877.960,879.150,-0.107,-12.577
17.11.2021 20:03:36,-13.398,746.246,872.833,877.502,878.540,-0.093,-12.390
17.11.2021 20:03:37,-13.307,746.429,872.192,876.647,877.716,-0.096,-12.313
17.11.2021 20:03:38,-13.207,747.283,871.734,877.014,877.685,-0.060,-12.181
17.11.2021 20:03:39,-13.106,748.107,871.337,876.098,877.502,-0.126,-12.059
17.11.2021 20:03:40,-13.003,748.992,870.422,876.007,876.708,-0.063,-11.883
17.11.2021 20:03:41,-12.892,749.572,870.178,875.640,876.190,-0.049,-11.800
17.11.2021 20:03:43,-12.800,750.335,869.293,875.213,876.312,-0.099,-11.639
17.11.2021 20:03:44,-12.702,750.915,868.408,874.511,876.220,-0.154,-11.498
17.11.2021 20:03:46,-12.609,751.983,868.011,874.145,875.427,-0.116,-11.350
17.11.2021 20:03:47,-12.495,752.349,866.912,874.542,874.664,-0.011,-11.212
17.11.2021 20:03:48,-12.405,752.807,866.607,873.474,874.633,-0.105,-11.136
17.11.2021 20:03:49,-12.294,753.906,865.325,872.833,874.206,-0.124,-10.904
17.11.2021 20:03:50,-12.204,755.126,864.654,872.711,873.992,-0.116,-10.716
17.11.2021 20:03:51,-12.109,755.096,864.349,872.314,873.291,-0.088,-10.691
17.11.2021 20:03:52,-12.008,756.225,863.433,871.765,872.802,-0.094,-10.489
17.11.2021 20:03:53,-11.900,756.896,863.037,871.917,872.711,-0.072,-10.383
17.11.2021 20:03:54,-11.797,757.507,861.968,871.185,872.070,-0.080,-10.222
17.11.2021 20:03:55,-11.707,757.598,861.236,870.971,871.765,-0.072,-10.145
17.11.2021 20:03:56,-11.599,758.422,860.321,870.300,871.215,-0.083,-9.976
17.11.2021 20:03:57,-11.503,759.094,859.375,869.903,871.032,-0.102,-9.819
17.11.2021 20:03:58,-11.403,759.857,859.008,869.689,870.635,-0.086,-9.706
17.11.2021 20:03:59,-11.300,760.253,858.093,869.506,869.781,-0.025,-9.581
17.11.2021 20:04:00,-11.204,760.711,858.032,869.079,869.964,-0.080,-9.527
17.11.2021 20:04:01,-11.093,760.986,856.689,868.804,869.354,-0.050,-9.375
17.11.2021 20:04:02,-10.993,760.681,856.048,868.041,869.354,-0.119,-9.348
17.11.2021 20:04:03,-10.892,761.199,855.224,867.797,868.988,-0.108,-9.218
17.11.2021 20:04:04,-10.807,761.535,854.431,867.248,868.103,-0.078,-9.110
17.11.2021 20:04:05,-10.702,762.573,853.820,867.126,868.621,-0.136,-8.946
17.11.2021 20:04:06,-10.596,762.847,853.576,866.760,867.675,-0.083,-8.895
17.11.2021 20:04:07,-10.495,762.695,852.539,866.424,866.882,-0.041,-8.815
17.11.2021 20:04:08,-10.395,763.183,852.050,866.394,866.699,-0.027,-8.719
17.11.2021 20:04:09,-10.292,763.427,851.287,865.966,866.943,-0.089,-8.623
17.11.2021 20:04:10,-10.194,763.580,850.830,865.936,866.638,-0.064,-8.564
17.11.2021 20:04:11,-10.096,763.610,850.158,864.929,866.027,-0.100,-8.499
17.11.2021 20:04:12,-9.995,764.221,849.426,864.593,865.325,-0.067,-8.368
17.11.2021 20:04:13,-9.898,764.831,848.480,864.318,865.203,-0.081,-8.216
17.11.2021 20:04:14,-9.794,764.404,848.999,864.318,864.990,-0.061,-8.309
17.11.2021 20:04:15,-9.699,764.923,847.992,864.501,864.593,-0.008,-8.162
17.11.2021 20:04:16,-9.596,765.258,847.351,863.983,864.715,-0.067,-8.067
17.11.2021 20:04:17,-9.493,765.686,846.679,863.372,864.013,-0.058,-7.960
17.11.2021 20:04:18,-9.400,765.960,846.679,863.098,863.952,-0.078,-7.932
17.11.2021 20:04:19,-9.305,766.601,845.825,862.731,863.617,-0.081,-7.786
17.11.2021 20:04:20,-9.191,766.876,845.825,862.152,863.250,-0.100,-7.758
17.11.2021 20:04:21,-9.106,766.937,845.001,862.274,862.762,-0.044,-7.674
17.11.2021 20:04:22,-8.993,767.303,844.299,862.182,862.670,-0.044,-7.571
17.11.2021 20:04:23,-8.895,768.035,844.116,861.297,862.487,-0.109,-7.478
17.11.2021 20:04:24,-8.794,767.974,843.078,861.328,861.816,-0.044,-7.387
17.11.2021 20:04:25,-8.691,768.402,842.865,860.595,861.663,-0.098,-7.323
17.11.2021 20:04:26,-8.604,768.981,842.559,860.717,861.267,-0.050,-7.235
17.11.2021 20:04:27,-8.498,768.951,841.949,860.229,860.931,-0.064,-7.181
17.11.2021 20:04:28,-8.398,769.500,841.247,860.199,860.900,-0.064,-7.059
17.11.2021 20:04:29,-8.307,769.531,840.026,860.046,860.229,-0.016,-6.941
17.11.2021 20:04:30,-8.196,769.958,840.515,859.588,860.412,-0.075,-6.943
17.11.2021 20:04:31,-8.099,770.965,839.599,859.741,859.619,0.011,-6.753
17.11.2021 20:04:32,-8.006,771.057,839.263,858.764,859.436,-0.061,-6.712
17.11.2021 20:04:33,-7.908,771.484,838.714,858.428,859.344,-0.084,-6.616
17.11.2021 20:04:34,-7.800,771.484,837.951,858.337,859.069,-0.067,-6.544
17.11.2021 20:04:35,-7.704,771.728,837.860,858.734,858.642,0.008,-6.511
17.11.2021 20:04:36,-7.599,771.911,837.371,857.879,858.123,-0.022,-6.446
17.11.2021 20:04:37,-7.498,772.613,836.669,857.666,857.910,-0.022,-6.308
17.11.2021 20:04:38,-7.405,772.857,835.845,857.177,857.543,-0.033,-6.205
17.11.2021 20:04:39,-7.305,773.620,835.540,856.567,857.574,-0.093,-6.098
17.11.2021 20:04:40,-7.204,773.651,835.144,856.994,857.238,-0.022,-6.057
17.11.2021 20:04:41,-7.104,773.925,834.808,856.597,857.055,-0.042,-5.997
17.11.2021 20:04:42,-6.998,774.139,833.862,856.445,856.536,-0.008,-5.886
17.11.2021 20:04:43,-6.903,774.383,833.068,855.529,856.292,-0.070,-5.785
17.11.2021 20:04:44,-6.794,775.024,831.756,855.438,856.048,-0.056,-5.595
17.11.2021 20:04:45,-6.704,775.329,832.367,854.980,855.438,-0.042,-5.622
17.11.2021 20:04:46,-6.606,776.489,832.275,854.980,855.743,-0.070,-5.495
17.11.2021 20:04:47,-6.506,776.611,831.512,854.888,855.194,-0.028,-5.410
17.11.2021 20:04:48,-6.405,776.855,830.993,854.888,855.163,-0.025,-5.336
17.11.2021 20:04:49,-6.297,777.923,830.261,854.553,854.766,-0.019,-5.157
17.11.2021 20:04:50,-6.202,778.015,829.071,854.003,854.888,-0.082,-5.034
17.11.2021 20:04:51,-6.106,779.174,828.674,853.241,854.522,-0.118,-4.878
17.11.2021 20:04:52,-6.008,779.235,828.277,853.332,853.790,-0.042,-4.834
17.11.2021 20:04:53,-5.892,780.303,827.117,852.935,853.210,-0.025,-4.615
17.11.2021 20:04:54,-5.789,780.731,827.178,852.539,853.057,-0.048,-4.577
17.11.2021 20:04:55,-5.691,780.670,826.416,852.752,852.935,-0.017,-4.511
17.11.2021 20:04:56,-5.593,781.372,825.347,852.844,853.027,-0.017,-4.337
17.11.2021 20:04:57,-5.495,781.463,825.042,852.600,852.600,0.000,-4.298
17.11.2021 20:04:58,-5.395,782.012,824.096,852.264,852.539,-0.025,-4.152
17.11.2021 20:04:59,-5.305,782.714,823.791,851.745,852.539,-0.073,-4.052
17.11.2021 20:05:00,-5.204,782.958,823.120,851.348,852.203,-0.079,-3.962
17.11.2021 20:05:01,-5.099,783.386,822.601,851.348,852.081,-0.068,-3.869
17.11.2021 20:05:02,-4.995,783.782,821.991,851.226,851.867,-0.059,-3.770
17.11.2021 20:05:03,-4.892,784.149,821.380,851.715,851.867,-0.014,-3.675
17.11.2021 20:05:04,-4.805,784.271,820.892,851.043,851.532,-0.045,-3.615
17.11.2021 20:05:05,-4.696,784.149,819.702,851.074,851.318,-0.022,-3.513
17.11.2021 20:05:06,-4.593,784.637,819.519,850.585,850.982,-0.036,-3.446
17.11.2021 20:05:07,-4.493,785.278,818.359,850.677,850.952,-0.025,-3.269
17.11.2021 20:05:08,-4.405,784.790,818.023,850.036,850.708,-0.062,-3.285
17.11.2021 20:05:09,-4.305,785.766,817.962,850.311,850.677,-0.034,-3.181
17.11.2021 20:05:10,-4.202,785.919,816.833,850.036,850.524,-0.045,-3.056
17.11.2021 20:05:11,-4.111,785.675,816.619,850.463,850.036,0.039,-3.060
17.11.2021 20:05:12,-4.006,786.041,816.162,849.761,849.792,-0.002,-2.979
17.11.2021 20:05:13,-3.905,785.949,815.399,849.456,850.097,-0.059,-2.914
17.11.2021 20:05:14,-3.797,786.102,814.636,849.304,849.761,-0.042,-2.824
17.11.2021 20:05:15,-3.704,786.956,814.727,849.121,849.365,-0.022,-2.747
17.11.2021 20:05:16,-3.601,787.078,814.331,849.182,849.212,-0.002,-2.696
17.11.2021 20:05:17,-3.495,787.139,813.934,848.815,849.151,-0.031,-2.652
17.11.2021 20:05:18,-3.395,787.750,813.354,848.968,849.365,-0.037,-2.534
17.11.2021 20:05:20,-3.302,787.628,813.476,848.785,849.212,-0.039,-2.558
17.11.2021 20:05:21,-3.199,788.421,812.530,848.937,849.273,-0.031,-2.386
17.11.2021 20:05:22,-3.106,788.726,812.500,848.724,848.968,-0.022,-2.352
17.11.2021 20:05:23,-3.003,788.269,812.011,848.632,849.029,-0.037,-2.351
17.11.2021 20:05:24,-2.900,789.245,811.706,848.297,848.297,0.000,-2.223
17.11.2021 20:05:25,-2.800,789.703,811.523,848.358,848.236,0.011,-2.159
17.11.2021 20:05:26,-2.707,790.313,811.340,848.663,848.754,-0.008,-2.080
17.11.2021 20:05:28,-2.596,790.252,810.821,848.205,848.754,-0.051,-2.035
17.11.2021 20:05:29,-2.506,790.740,810.821,848.388,848.297,0.008,-1.987
17.11.2021 20:05:30,-2.408,791.534,810.150,848.114,848.999,-0.082,-1.841
17.11.2021 20:05:31,-2.302,791.473,810.363,848.236,848.266,-0.002,-1.868
17.11.2021 20:05:32,-2.194,792.022,810.058,848.022,848.388,-0.034,-1.784
17.11.2021 20:05:33,-2.096,792.572,809.173,848.602,848.052,0.051,-1.642
17.11.2021 20:05:34,-2.006,792.907,809.539,847.992,848.449,-0.042,-1.644
17.11.2021 20:05:35,-1.908,793.334,808.715,847.778,848.541,-0.071,-1.521
17.11.2021 20:05:36,-1.805,793.395,808.624,847.381,848.174,-0.074,-1.506
17.11.2021 20:05:37,-1.707,793.823,807.495,847.564,848.052,-0.045,-1.353
17.11.2021 20:05:38,-1.601,794.952,807.617,847.473,847.595,-0.011,-1.252
17.11.2021 20:05:39,-1.493,794.952,807.159,847.442,847.564,-0.011,-1.207
17.11.2021 20:05:40,-1.398,795.135,806.365,847.717,847.869,-0.014,-1.111
17.11.2021 20:05:41,-1.300,795.349,805.938,847.595,847.473,0.011,-1.048
17.11.2021 20:05:42,-1.191,795.532,805.267,847.473,847.625,-0.014,-0.963
17.11.2021 20:05:43,-1.104,795.867,804.992,847.167,847.320,-0.014,-0.903
17.11.2021 20:05:44,-0.993,796.752,804.351,847.473,847.290,0.017,-0.752
17.11.2021 20:05:45,-0.898,796.722,804.351,846.893,847.351,-0.042,-0.755
17.11.2021 20:05:46,-0.805,797.729,804.016,847.076,847.229,-0.014,-0.622
17.11.2021 20:05:47,-0.696,798.004,804.016,847.595,847.167,0.039,-0.594
17.11.2021 20:05:48,-0.604,798.522,803.161,847.076,847.473,-0.037,-0.458
17.11.2021 20:05:49,-0.498,798.614,803.131,847.442,847.534,-0.008,-0.446
17.11.2021 20:05:50,-0.392,799.560,802.459,847.106,847.259,-0.014,-0.286
17.11.2021 20:05:51,-0.307,799.957,801.666,847.351,847.686,-0.031,-0.169
17.11.2021 20:05:52,-0.207,800.018,801.574,847.045,847.503,-0.042,-0.154
17.11.2021 20:05:53,-0.109,800.781,801.300,846.954,846.923,0.002,-0.051
17.11.2021 20:05:54,0.005,801.208,800.964,846.923,847.534,-0.057,0.024
17.11.2021 20:05:55,0.097,801.818,800.628,847.595,847.503,0.008,0.117
17.11.2021 20:05:56,0.198,802.154,800.354,847.320,847.320,0.000,0.178
17.11.2021 20:05:57,0.296,803.070,799.041,847.229,847.839,-0.057,0.398
17.11.2021 20:05:58,0.399,803.131,799.285,846.862,847.595,-0.068,0.380
17.11.2021 20:05:59,0.499,804.534,798.919,847.198,847.564,-0.034,0.554
17.11.2021 20:06:00,0.592,804.931,798.248,846.954,847.564,-0.057,0.660
17.11.2021 20:06:01,0.693,805.877,797.698,847.595,847.290,0.028,0.808
17.11.2021 20:06:02,0.806,805.999,797.760,847.473,847.747,-0.025,0.814
17.11.2021 20:06:03,0.907,806.732,796.539,848.327,848.083,0.022,1.007
17.11.2021 20:06:04,0.997,807.556,796.386,847.534,848.052,-0.048,1.103
17.11.2021 20:06:05,1.102,807.952,795.593,847.808,848.236,-0.039,1.221
17.11.2021 20:06:06,1.206,808.532,795.196,847.839,848.083,-0.022,1.317
17.11.2021 20:06:07,1.296,809.173,794.830,848.449,848.693,-0.022,1.417
17.11.2021 20:06:08,1.407,809.173,794.006,848.266,847.930,0.031,1.499
17.11.2021 20:06:09,1.497,809.448,793.884,848.052,848.388,-0.031,1.538
17.11.2021 20:06:10,1.602,809.936,793.029,848.327,848.449,-0.011,1.671
17.11.2021 20:06:11,1.708,810.485,792.907,848.449,848.449,0.000,1.737
17.11.2021 20:06:12,1.801,810.943,792.388,848.358,848.693,-0.031,1.834
17.11.2021 20:06:13,1.904,811.340,792.114,848.205,849.151,-0.088,1.900
17.11.2021 20:06:14,2.007,812.011,791.076,848.358,847.900,0.042,2.069
17.11.2021 20:06:15,2.102,812.133,790.985,848.785,848.724,0.005,2.090
17.11.2021 20:06:16,2.206,812.683,790.618,849.151,848.846,0.028,2.180
17.11.2021 20:06:17,2.301,812.896,790.191,849.365,849.029,0.031,2.244
17.11.2021 20:06:18,2.404,813.079,790.008,849.121,849.517,-0.037,2.280
17.11.2021 20:06:19,2.502,813.110,788.909,849.151,849.395,-0.022,2.394
17.11.2021 20:06:20,2.595,813.812,788.635,849.273,849.365,-0.008,2.489
17.11.2021 20:06:21,2.698,814.208,788.269,849.029,849.578,-0.051,2.565
17.11.2021 20:06:22,2.793,814.697,788.421,850.158,849.609,0.051,2.597
17.11.2021 20:06:23,2.904,814.910,788.146,849.914,849.853,0.005,2.645
17.11.2021 20:06:24,2.999,815.307,787.445,850.524,850.372,0.014,2.755
17.11.2021 20:06:25,3.102,815.612,787.414,850.463,850.738,-0.025,2.787
17.11.2021 20:06:26,3.206,816.589,787.445,850.769,850.524,0.022,2.879
17.11.2021 20:06:27,3.296,816.619,787.139,850.738,850.677,0.005,2.913
17.11.2021 20:06:28,3.391,817.474,786.712,851.074,850.708,0.034,3.038
17.11.2021 20:06:29,3.494,818.145,786.773,851.501,851.470,0.002,3.097
17.11.2021 20:06:30,3.602,818.359,786.468,851.776,851.470,0.028,3.149
17.11.2021 20:06:31,3.706,819.000,786.590,851.806,851.562,0.022,3.198
17.11.2021 20:06:32,3.793,819.641,786.285,852.355,852.233,0.011,3.291
17.11.2021 20:06:33,3.899,819.763,786.285,851.989,852.050,-0.005,3.303
17.11.2021 20:06:34,3.997,820.678,785.614,852.661,852.447,0.019,3.459
17.11.2021 20:06:35,4.095,821.166,785.705,852.752,852.569,0.017,3.497
17.11.2021 20:06:36,4.208,821.716,785.247,852.172,852.539,-0.034,3.596
17.11.2021 20:06:37,4.296,821.991,784.729,852.600,852.844,-0.022,3.675
17.11.2021 20:06:38,4.394,822.082,784.759,852.813,853.088,-0.025,3.681
17.11.2021 20:06:39,4.492,823.333,784.484,853.942,852.905,0.096,3.829
17.11.2021 20:06:40,4.597,823.516,784.179,853.912,853.241,0.062,3.877
17.11.2021 20:06:41,4.695,824.005,784.088,854.614,853.668,0.087,3.933
17.11.2021 20:06:42,4.796,825.073,783.416,854.064,854.248,-0.016,4.104
17.11.2021 20:06:43,4.896,825.378,783.050,854.644,855.041,-0.036,4.170
17.11.2021 20:06:44,4.999,825.866,782.745,854.766,854.370,0.036,4.248
17.11.2021 20:06:45,5.095,826.599,782.409,854.919,854.858,0.005,4.352
17.11.2021 20:06:46,5.203,827.117,782.470,854.858,854.583,0.025,4.395
17.11.2021 20:06:47,5.304,827.514,781.463,855.346,854.888,0.042,4.535
17.11.2021 20:06:48,5.396,827.850,781.768,855.987,856.231,-0.022,4.537
17.11.2021 20:06:49,5.505,828.704,781.188,855.834,855.773,0.005,4.677
17.11.2021 20:06:50,5.597,828.796,781.372,856.414,856.292,0.011,4.667
17.11.2021 20:06:51,5.700,829.650,780.639,856.719,856.445,0.025,4.823
17.11.2021 20:06:52,5.804,830.291,780.364,856.536,857.055,-0.047,4.912
17.11.2021 20:06:53,5.891,831.024,779.876,857.055,856.872,0.016,5.031
17.11.2021 20:06:54,5.994,831.481,779.846,857.116,856.994,0.011,5.078
17.11.2021 20:06:55,6.102,831.970,779.449,857.788,857.177,0.056,5.165
17.11.2021 20:06:56,6.208,833.190,779.296,857.971,857.543,0.039,5.296
17.11.2021 20:06:57,6.298,834.075,778.564,858.337,857.818,0.047,5.455
17.11.2021 20:06:58,6.401,834.106,778.686,858.642,858.917,-0.025,5.445
17.11.2021 20:06:59,6.499,834.991,777.496,858.520,858.398,0.011,5.650
17.11.2021 20:07:00,6.600,835.662,777.770,859.039,858.795,0.022,5.686
17.11.2021 20:07:01,6.693,836.914,777.343,859.191,859.558,-0.033,5.848
17.11.2021 20:07:02,6.793,837.402,776.763,859.008,859.680,-0.061,5.953
17.11.2021 20:07:03,6.891,838.500,776.245,859.863,860.076,-0.019,6.110
17.11.2021 20:07:04,7.005,839.080,775.817,860.626,860.259,0.033,6.208
17.11.2021 20:07:06,7.097,839.935,775.573,860.687,860.259,0.039,6.313
17.11.2021 20:07:07,7.200,840.545,774.658,861.389,861.083,0.028,6.464
17.11.2021 20:07:08,7.296,841.552,774.658,861.816,861.572,0.022,6.559
17.11.2021 20:07:09,7.404,842.163,773.895,862.182,861.602,0.053,6.694
17.11.2021 20:07:10,7.497,842.956,773.590,862.457,862.121,0.030,6.800
17.11.2021 20:07:12,7.602,843.780,772.827,862.274,862.335,-0.005,6.955
17.11.2021 20:07:13,7.698,844.787,772.186,863.067,862.701,0.033,7.115
17.11.2021 20:07:15,7.796,845.581,771.850,863.525,862.945,0.053,7.224
17.11.2021 20:07:16,7.894,845.916,771.331,863.952,863.555,0.036,7.308
17.11.2021 20:07:18,8.005,846.130,770.568,863.922,863.769,0.013,7.406
17.11.2021 20:07:19,8.092,846.679,769.653,863.922,863.739,0.016,7.552
17.11.2021 20:07:20,8.206,847.503,769.165,864.379,864.318,0.005,7.679
17.11.2021 20:07:21,8.293,848.449,768.829,864.471,864.654,-0.016,7.802
17.11.2021 20:07:22,8.391,848.602,768.554,865.081,865.112,-0.002,7.844
17.11.2021 20:07:23,8.507,849.761,767.974,865.966,865.448,0.047,8.012
17.11.2021 20:07:24,8.595,849.761,767.608,865.966,865.905,0.005,8.049
17.11.2021 20:07:25,8.698,849.761,766.876,866.760,865.997,0.069,8.125
17.11.2021 20:07:26,8.798,850.616,766.693,866.607,866.699,-0.008,8.223
17.11.2021 20:07:27,8.894,850.708,765.899,867.950,867.248,0.064,8.313
17.11.2021 20:07:28,9.002,851.196,765.441,867.614,867.065,0.050,8.406
17.11.2021 20:07:29,9.095,851.837,765.106,868.133,867.950,0.016,8.500
17.11.2021 20:07:30,9.198,852.630,764.862,868.621,867.614,0.091,8.599
17.11.2021 20:07:31,9.298,853.179,764.343,868.926,868.377,0.050,8.703
17.11.2021 20:07:32,9.394,853.546,764.434,869.110,868.713,0.036,8.728
17.11.2021 20:07:33,9.502,854.064,764.007,868.621,869.232,-0.055,8.820
17.11.2021 20:07:34,9.597,854.248,763.519,870.361,869.415,0.086,8.887
17.11.2021 20:07:35,9.700,855.010,763.397,870.452,870.269,0.016,8.971
17.11.2021 20:07:36,9.798,854.919,762.847,870.575,870.361,0.019,9.019
17.11.2021 20:07:37,9.891,855.255,762.176,870.880,870.849,0.002,9.119
17.11.2021 20:07:38,10.005,856.292,761.657,871.459,870.788,0.061,9.269
17.11.2021 20:07:39,10.097,857.116,761.627,871.765,871.399,0.033,9.348
17.11.2021 20:07:40,10.193,857.513,761.138,871.551,871.765,-0.019,9.435
17.11.2021 20:07:41,10.306,857.849,760.925,872.192,872.009,0.016,9.488
17.11.2021 20:07:42,10.401,859.222,760.498,872.436,871.917,0.047,9.659
17.11.2021 20:07:43,10.502,859.375,760.711,873.016,872.741,0.024,9.651
17.11.2021 20:07:44,10.605,860.656,760.375,873.321,872.772,0.049,9.803
17.11.2021 20:07:45,10.695,860.382,759.521,873.992,874.023,-0.002,9.867
17.11.2021 20:07:46,10.798,861.206,759.735,875.122,874.114,0.091,9.920
17.11.2021 20:07:47,10.896,861.572,759.155,875.061,874.725,0.030,10.014
17.11.2021 20:07:48,10.992,862.213,757.965,875.000,874.603,0.035,10.197
17.11.2021 20:07:49,11.108,863.128,757.873,875.122,875.274,-0.013,10.290
17.11.2021 20:07:50,11.195,863.647,757.202,875.579,875.305,0.024,10.407
17.11.2021 20:07:51,11.301,864.410,756.652,875.671,875.396,0.024,10.534
17.11.2021 20:07:52,11.396,864.684,756.134,876.190,876.068,0.011,10.613
17.11.2021 20:07:53,11.494,865.356,755.798,876.678,875.945,0.066,10.710
17.11.2021 20:07:54,11.597,866.027,755.279,876.922,876.770,0.013,10.825
17.11.2021 20:07:55,11.693,866.699,754.974,877.380,876.953,0.038,10.918
17.11.2021 20:07:56,11.801,867.614,754.272,877.441,877.471,-0.002,11.074
17.11.2021 20:07:57,11.899,867.980,753.448,878.784,877.777,0.090,11.194
17.11.2021 20:07:58,11.994,868.682,753.417,878.479,878.082,0.035,11.261
17.11.2021 20:07:59,12.097,869.842,752.014,879.089,878.417,0.060,11.513
17.11.2021 20:08:00,12.200,869.811,752.044,879.486,878.814,0.060,11.507
17.11.2021 20:08:01,12.301,870.391,750.671,879.852,879.333,0.046,11.704
17.11.2021 20:08:02,12.407,871.246,749.969,879.943,879.547,0.035,11.855
17.11.2021 20:08:03,12.497,872.344,749.542,880.340,879.882,0.041,11.999
17.11.2021 20:08:04,12.592,872.741,749.145,880.615,880.096,0.046,12.076
17.11.2021 20:08:05,12.706,873.962,748.413,880.371,880.584,-0.019,12.264
17.11.2021 20:08:06,12.793,874.847,747.833,881.225,880.126,0.098,12.404
17.11.2021 20:08:07,12.891,875.274,746.673,881.195,881.103,0.008,12.565
17.11.2021 20:08:08,12.997,876.098,746.490,882.080,881.317,0.068,12.658
17.11.2021 20:08:09,13.108,876.831,745.483,882.476,881.744,0.065,12.830
17.11.2021 20:08:10,13.193,877.441,744.445,882.537,882.263,0.024,12.995
17.11.2021 20:08:11,13.293,878.417,743.957,883.117,882.629,0.043,13.134
17.11.2021 20:08:12,13.394,879.486,743.133,882.873,883.239,-0.032,13.317
17.11.2021 20:08:13,13.497,880.187,742.156,883.575,883.087,0.043,13.483
17.11.2021 20:08:14,13.600,881.164,741.058,883.544,883.544,0.000,13.687
17.11.2021 20:08:15,13.693,881.927,740.295,883.911,883.453,0.041,13.836
17.11.2021 20:08:16,13.793,882.904,739.288,884.521,883.911,0.054,14.030
17.11.2021 20:08:17,13.899,883.636,738.250,885.223,884.216,0.090,14.206
17.11.2021 20:08:18,14.002,884.613,737.976,885.620,884.948,0.060,14.322
17.11.2021 20:08:19,14.092,885.131,736.389,885.650,885.101,0.049,14.537
17.11.2021 20:08:20,14.198,885.437,735.717,886.169,885.314,0.076,14.636
17.11.2021 20:08:21,14.298,886.260,735.015,886.016,885.559,0.040,14.784
17.11.2021 20:08:22,14.407,886.688,733.856,886.016,886.108,-0.008,14.945
17.11.2021 20:08:23,14.494,887.481,733.154,886.200,886.230,-0.002,15.091
17.11.2021 20:08:24,14.592,887.695,732.086,887.024,885.955,0.095,15.224
17.11.2021 20:08:25,14.703,888.610,731.292,887.451,886.321,0.100,15.390
17.11.2021 20:08:26,14.793,888.519,730.255,887.634,887.145,0.043,15.494
17.11.2021 20:08:27,14.899,889.282,729.492,888.122,887.481,0.057,15.643
17.11.2021 20:08:28,14.994,889.465,728.881,888.732,887.969,0.068,15.725
17.11.2021 20:08:29,15.095,889.434,728.149,888.305,887.725,0.051,15.801
17.11.2021 20:08:30,15.193,890.228,726.898,888.763,887.969,0.070,16.006
17.11.2021 20:08:31,15.293,891.204,726.715,888.916,888.549,0.032,16.112
17.11.2021 20:08:32,15.394,891.113,725.402,889.312,888.641,0.059,16.245
17.11.2021 20:08:33,15.492,891.510,724.548,889.251,888.305,0.084,16.373
17.11.2021 20:08:34,15.595,892.303,723.846,889.129,888.732,0.035,16.518
17.11.2021 20:08:35,15.693,892.303,723.358,890.197,888.946,0.111,16.571
17.11.2021 20:08:36,15.798,892.547,723.114,890.502,889.434,0.095,16.619
17.11.2021 20:08:37,15.896,892.364,721.893,890.533,889.709,0.073,16.735
17.11.2021 20:08:38,15.992,893.127,721.252,890.380,889.831,0.048,16.872
17.11.2021 20:08:39,16.095,893.432,720.428,890.716,889.770,0.084,16.988
17.11.2021 20:08:40,16.193,893.981,719.696,890.777,890.411,0.032,17.116
17.11.2021 20:08:41,16.296,893.890,718.536,891.174,890.136,0.092,17.234
17.11.2021 20:08:42,16.401,894.775,718.109,890.472,890.350,0.010,17.358
17.11.2021 20:08:43,16.497,895.416,716.705,891.449,890.502,0.084,17.568
17.11.2021 20:08:44,16.595,895.751,716.827,890.899,890.625,0.024,17.584
17.11.2021 20:08:45,16.698,895.965,715.698,890.930,890.594,0.029,17.726
17.11.2021 20:08:46,16.798,896.484,714.965,891.174,890.838,0.029,17.851
17.11.2021 20:08:47,16.899,896.545,714.691,891.784,890.777,0.089,17.886
17.11.2021 20:08:48,16.994,896.942,713.775,891.357,890.808,0.048,18.021
17.11.2021 20:08:49,17.097,897.552,713.043,891.906,890.869,0.092,18.155
17.11.2021 20:08:50,17.193,898.437,711.853,892.425,890.777,0.146,18.362
17.11.2021 20:08:52,17.296,898.284,710.693,891.967,891.235,0.065,18.477
17.11.2021 20:08:53,17.396,899.200,710.021,892.578,891.082,0.132,18.630
17.11.2021 20:08:54,17.492,899.414,708.862,892.089,890.960,0.100,18.776
17.11.2021 20:08:55,17.602,900.085,708.282,892.181,891.052,0.100,18.899
17.11.2021 20:08:56,17.695,899.871,707.580,891.937,891.418,0.046,18.957
17.11.2021 20:08:57,17.806,900.695,706.024,892.242,891.479,0.067,19.201
17.11.2021 20:08:58,17.891,901.031,705.566,892.333,891.113,0.108,19.281
17.11.2021 20:09:00,18.005,901.733,704.223,892.181,891.235,0.084,19.490
17.11.2021 20:09:01,18.097,902.496,703.796,892.028,890.930,0.097,19.603
17.11.2021 20:09:03,18.195,903.259,702.728,891.967,891.143,0.073,19.788
17.11.2021 20:09:04,18.293,903.991,701.751,892.394,890.960,0.127,19.960
17.11.2021 20:09:06,18.394,904.327,700.775,892.028,891.174,0.075,20.097
17.11.2021 20:09:07,18.497,904.479,699.798,892.181,890.564,0.143,20.219
17.11.2021 20:09:08,18.602,905.242,698.272,892.242,890.411,0.162,20.455
17.11.2021 20:09:09,18.700,905.700,697.723,891.998,891.052,0.084,20.555
17.11.2021 20:09:10,18.809,906.799,696.716,891.967,890.991,0.086,20.762
17.11.2021 20:09:11,18.894,907.073,695.465,892.883,890.502,0.211,20.926
17.11.2021 20:09:12,18.994,907.318,694.396,892.700,890.991,0.151,21.067
17.11.2021 20:09:13,19.102,908.081,693.115,892.425,891.052,0.122,21.276
17.11.2021 20:09:14,19.206,908.447,691.955,892.151,890.930,0.108,21.437
17.11.2021 20:09:15,19.301,908.843,689.941,892.059,890.594,0.130,21.698
17.11.2021 20:09:16,19.401,909.393,688.842,891.662,890.502,0.103,21.869
17.11.2021 20:09:17,19.492,910.156,688.751,891.662,890.533,0.100,21.944
17.11.2021 20:09:18,19.595,910.522,687.286,891.204,889.800,0.124,22.141
17.11.2021 20:09:19,19.700,911.193,685.943,891.143,890.502,0.057,22.350
17.11.2021 20:09:20,19.793,911.621,685.089,891.235,889.923,0.116,22.484
17.11.2021 20:09:21,19.894,912.231,684.051,890.655,889.861,0.070,22.653
17.11.2021 20:09:22,19.992,912.139,683.197,890.807,889.648,0.103,22.742
17.11.2021 20:09:23,20.100,912.750,681.976,891.082,888.977,0.187,22.933
17.11.2021 20:09:24,20.200,913.086,680.877,891.052,889.404,0.146,23.087
17.11.2021 20:09:25,20.293,913.055,680.175,890.167,889.129,0.092,23.164
17.11.2021 20:09:26,20.399,913.421,678.436,890.502,888.763,0.154,23.394
17.11.2021 20:09:27,20.494,913.665,677.520,890.442,888.916,0.135,23.519
17.11.2021 20:09:28,20.605,914.276,675.903,890.045,888.458,0.141,23.756
17.11.2021 20:09:29,20.698,914.184,674.804,889.373,887.542,0.163,23.874
17.11.2021 20:09:30,20.798,914.215,673.828,889.160,888.183,0.087,23.989
17.11.2021 20:09:31,20.894,914.367,672.821,889.404,887.329,0.185,24.118
17.11.2021 20:09:32,20.994,914.977,672.027,888.671,887.695,0.087,24.261
17.11.2021 20:09:33,21.092,914.947,670.562,888.458,887.084,0.122,24.427
17.11.2021 20:09:34,21.195,915.435,670.135,888.610,887.268,0.119,24.517
17.11.2021 20:09:35,21.298,915.252,668.334,888.702,886.413,0.204,24.710
17.11.2021 20:09:36,21.396,915.649,667.602,887.939,886.627,0.117,24.828
17.11.2021 20:09:37,21.497,915.984,666.595,888.214,886.138,0.185,24.973
17.11.2021 20:09:38,21.595,915.649,665.832,888.183,886.108,0.185,25.033
17.11.2021 20:09:39,21.698,916.015,664.764,887.634,885.620,0.180,25.188
17.11.2021 20:09:40,21.793,916.381,663.818,887.725,885.864,0.166,25.329
17.11.2021 20:09:41,21.891,916.534,662.719,887.237,885.284,0.174,25.470
17.11.2021 20:09:42,21.994,916.290,661.987,886.901,884.826,0.185,25.535
17.11.2021 20:09:43,22.095,915.924,661.010,886.383,884.857,0.136,25.618
17.11.2021 20:09:44,22.195,916.259,659.667,886.688,884.307,0.213,25.803
17.11.2021 20:09:45,22.298,915.741,659.210,886.413,884.491,0.172,25.813
17.11.2021 20:09:46,22.396,915.679,658.020,886.444,884.002,0.218,25.947
17.11.2021 20:09:47,22.505,915.893,656.921,885.558,883.880,0.150,26.094
17.11.2021 20:09:48,22.597,916.107,656.066,885.314,884.002,0.117,26.212
17.11.2021 20:09:49,22.698,915.771,655.334,885.223,883.026,0.196,26.270
17.11.2021 20:09:50,22.798,916.168,654.693,885.162,883.026,0.191,26.379
17.11.2021 20:09:51,22.907,916.534,654.235,884.765,882.446,0.207,26.463
17.11.2021 20:09:52,23.007,916.168,652.618,884.429,882.263,0.194,26.623
17.11.2021 20:09:53,23.105,916.625,651.519,884.185,882.110,0.186,26.791
17.11.2021 20:09:54,23.203,916.900,651.000,883.697,881.591,0.189,26.876
17.11.2021 20:09:55,23.304,916.931,650.390,884.002,881.133,0.257,26.951
17.11.2021 20:09:56,23.399,916.778,649.688,883.422,880.981,0.219,27.021
17.11.2021 20:09:57,23.497,917.053,648.986,882.873,880.859,0.180,27.127
17.11.2021 20:09:58,23.600,916.747,647.918,883.087,880.554,0.227,27.228
17.11.2021 20:09:59,23.690,916.808,647.125,882.629,879.669,0.266,27.327
17.11.2021 20:10:00,23.788,916.900,646.392,882.476,880.035,0.219,27.422
17.11.2021 20:10:01,23.896,916.870,645.263,881.591,879.608,0.178,27.554
17.11.2021 20:10:02,23.999,917.053,644.714,881.927,879.303,0.236,27.635
17.11.2021 20:10:03,24.090,917.236,643.585,881.012,878.967,0.184,27.785
17.11.2021 20:10:04,24.188,917.632,642.364,880.889,878.875,0.181,27.964
17.11.2021 20:10:05,24.288,917.236,641.906,880.645,878.479,0.195,27.985
17.11.2021 20:10:06,24.386,918.151,641.082,881.073,878.570,0.225,28.160
17.11.2021 20:10:07,24.489,917.877,639.892,880.279,877.868,0.217,28.280
17.11.2021 20:10:08,24.595,918.457,638.671,879.791,878.173,0.145,28.475
17.11.2021 20:10:09,24.690,918.762,638.061,880.462,877.380,0.277,28.574
17.11.2021 20:10:10,24.791,918.945,637.207,879.791,877.563,0.200,28.692
17.11.2021 20:10:11,24.891,919.281,636.077,879.394,877.105,0.206,28.856
17.11.2021 20:10:12,24.987,919.250,635.284,879.089,876.556,0.228,28.949
17.11.2021 20:10:13,25.090,920.074,633.819,878.936,875.884,0.275,29.194
17.11.2021 20:10:14,25.193,920.043,633.422,878.723,876.525,0.198,29.239
17.11.2021 20:10:15,25.291,920.135,632.415,878.479,876.068,0.217,29.369
17.11.2021 20:10:16,25.391,920.623,631.744,878.540,875.854,0.242,29.491
17.11.2021 20:10:17,25.487,921.051,630.828,878.326,875.915,0.217,29.637
17.11.2021 20:10:18,25.592,920.654,629.394,878.417,875.335,0.278,29.778
17.11.2021 20:10:19,25.693,921.447,628.662,878.021,875.518,0.226,29.933
17.11.2021 20:10:20,25.801,920.654,627.258,877.990,874.877,0.281,30.038
17.11.2021 20:10:21,25.889,921.295,626.800,877.319,874.847,0.223,30.147
17.11.2021 20:10:22,25.987,921.783,625.549,877.441,874.694,0.248,30.340
17.11.2021 20:10:23,26.092,921.417,624.725,877.166,874.725,0.220,30.410
17.11.2021 20:10:24,26.193,921.813,623.931,876.861,874.175,0.243,30.540
17.11.2021 20:10:25,26.293,921.569,622.985,876.312,873.901,0.218,30.636
17.11.2021 20:10:26,26.401,921.905,621.734,876.312,874.145,0.196,30.817
17.11.2021 20:10:27,26.497,921.752,621.093,875.945,873.657,0.207,30.883
17.11.2021 20:10:28,26.587,921.997,620.452,875.610,873.565,0.185,30.982
17.11.2021 20:10:29,26.700,922.088,619.201,876.007,873.046,0.268,31.143
17.11.2021 20:10:30,26.788,922.027,618.743,875.427,873.077,0.212,31.194
17.11.2021 20:10:31,26.889,921.783,618.103,875.671,872.802,0.259,31.253
17.11.2021 20:10:32,27.002,921.508,616.760,875.152,872.619,0.229,31.396
17.11.2021 20:10:33,27.102,921.722,615.844,875.274,872.619,0.240,31.527
17.11.2021 20:10:34,27.203,921.539,615.356,875.244,872.314,0.265,31.572
17.11.2021 20:10:35,27.304,921.752,614.288,875.213,872.589,0.237,31.722
17.11.2021 20:10:36,27.401,921.905,613.647,875.396,872.528,0.260,31.814
17.11.2021 20:10:38,27.487,921.142,613.006,874.877,872.283,0.235,31.830
17.11.2021 20:10:39,27.592,921.264,611.755,875.152,872.070,0.279,31.996
17.11.2021 20:10:40,27.700,920.898,610.900,874.633,872.467,0.196,32.072
17.11.2021 20:10:41,27.801,920.959,610.473,874.725,871.521,0.290,32.130
17.11.2021 20:10:42,27.901,920.776,609.161,874.298,871.795,0.227,32.278
17.11.2021 20:10:43,27.997,920.837,608.276,874.359,871.154,0.290,32.394
17.11.2021 20:10:45,28.090,920.623,607.727,874.267,870.910,0.304,32.445
17.11.2021 20:10:46,28.200,920.410,606.994,873.962,870.819,0.285,32.518
17.11.2021 20:10:48,28.304,920.257,606.353,874.328,870.788,0.321,32.586
17.11.2021 20:10:49,28.394,920.104,605.773,873.626,870.941,0.243,32.646
17.11.2021 20:10:51,28.494,919.677,604.431,873.504,870.880,0.238,32.779
17.11.2021 20:10:52,28.592,919.281,603.759,873.596,870.300,0.299,32.831
17.11.2021 20:10:54,28.700,919.464,602.264,873.473,870.513,0.268,33.034
17.11.2021 20:10:55,28.793,918.304,602.416,872.833,869.995,0.258,32.919
17.11.2021 20:10:56,28.889,918.487,601.623,872.619,870.117,0.227,33.034
17.11.2021 20:10:57,28.989,918.304,600.738,872.528,869.873,0.241,33.131
17.11.2021 20:10:58,29.090,918.212,600.280,872.589,869.262,0.302,33.181
17.11.2021 20:10:59,29.198,917.846,599.426,872.192,869.140,0.277,33.258
17.11.2021 20:11:00,29.293,917.175,598.754,872.161,869.384,0.252,33.288
17.11.2021 20:11:01,29.396,917.297,597.930,872.253,868.743,0.319,33.402
17.11.2021 20:11:02,29.502,916.534,597.564,872.131,868.682,0.313,33.386
17.11.2021 20:11:03,29.600,916.687,596.649,872.192,868.774,0.311,33.514
17.11.2021 20:11:04,29.690,915.832,596.038,871.673,868.957,0.247,33.521
17.11.2021 20:11:05,29.804,915.161,595.184,871.643,868.286,0.305,33.574
17.11.2021 20:11:06,29.901,915.161,594.787,871.215,868.469,0.250,33.625
17.11.2021 20:11:07,29.989,914.886,593.933,871.307,868.255,0.278,33.711
17.11.2021 20:11:08,30.092,914.550,592.895,871.185,867.889,0.300,33.815
17.11.2021 20:11:09,30.193,914.672,592.163,870.636,867.614,0.275,33.919
17.11.2021 20:11:10,30.298,914.550,591.613,870.788,867.645,0.286,33.979
17.11.2021 20:11:11,30.401,914.642,590.728,870.422,866.912,0.320,34.100
17.11.2021 20:11:12,30.494,914.703,589.965,870.178,867.218,0.270,34.202
17.11.2021 20:11:13,30.600,914.428,589.385,870.239,866.668,0.325,34.254
17.11.2021 20:11:14,30.690,914.550,588.409,870.941,866.882,0.370,34.389
17.11.2021 20:11:15,30.791,914.398,587.768,869.598,866.393,0.292,34.459
17.11.2021 20:11:16,30.886,914.154,586.669,869.903,866.241,0.334,34.580
17.11.2021 20:11:17,30.999,914.184,586.181,869.506,865.478,0.367,34.645
17.11.2021 20:11:18,31.102,914.184,585.266,869.049,865.478,0.326,34.763
17.11.2021 20:11:19,31.200,914.550,584.655,869.293,865.020,0.390,34.872
17.11.2021 20:11:20,31.304,914.032,583.801,869.110,865.661,0.315,34.940
17.11.2021 20:11:21,31.394,914.794,582.763,868.926,864.990,0.359,35.137
17.11.2021 20:11:22,31.487,914.123,581.634,868.255,864.715,0.323,35.227
17.11.2021 20:11:23,31.597,913.879,580.383,868.347,864.349,0.365,35.369
17.11.2021 20:11:24,31.698,913.848,579.986,867.370,863.738,0.332,35.418
17.11.2021 20:11:25,31.804,913.665,578.430,867.614,863.799,0.349,35.606
17.11.2021 20:11:26,31.896,913.299,577.819,867.187,863.769,0.312,35.655
17.11.2021 20:11:27,32.002,913.421,576.690,866.668,863.006,0.335,35.812
17.11.2021 20:11:28,32.100,913.024,575.622,866.363,862.304,0.372,35.919
17.11.2021 20:11:29,32.206,913.421,574.951,865.966,862.640,0.304,36.039
17.11.2021 20:11:30,32.301,912.872,573.577,865.722,861.999,0.341,36.174
17.11.2021 20:11:31,32.399,912.658,572.662,864.990,861.175,0.350,36.276
17.11.2021 20:11:32,32.499,912.139,571.807,864.898,860.809,0.375,36.345
17.11.2021 20:11:33,32.597,911.682,571.014,864.135,860.351,0.347,36.412
17.11.2021 20:11:34,32.688,911.895,570.220,863.830,860.259,0.328,36.534
17.11.2021 20:11:35,32.793,910.980,568.908,863.372,859.344,0.370,36.631
17.11.2021 20:11:36,32.896,910.949,568.695,863.098,859.649,0.317,36.657
17.11.2021 20:11:37,32.994,910.186,567.199,862.548,858.734,0.351,36.792
17.11.2021 20:11:38,33.100,909.667,566.528,861.816,858.276,0.326,36.838
17.11.2021 20:11:39,33.193,909.088,565.460,861.816,857.269,0.419,36.931
17.11.2021 20:11:40,33.298,908.904,564.880,860.961,856.689,0.394,36.993
17.11.2021 20:11:41,33.399,908.142,563.629,860.412,856.079,0.400,37.096
17.11.2021 20:11:42,33.499,908.050,562.530,859.497,855.621,0.358,37.235
17.11.2021 20:11:43,33.595,906.768,561.431,859.619,855.072,0.420,37.275
17.11.2021 20:11:44,33.695,906.036,560.699,858.703,854.278,0.409,37.313
17.11.2021 20:11:45,33.801,905.700,559.875,858.581,853.759,0.446,37.395
17.11.2021 20:11:46,33.891,904.968,559.051,857.421,852.966,0.412,37.445
17.11.2021 20:11:47,33.992,904.266,557.617,856.658,851.959,0.435,37.579
17.11.2021 20:11:48,34.097,902.923,556.579,856.201,851.532,0.433,37.607
17.11.2021 20:11:49,34.198,902.618,555.633,855.194,850.738,0.413,37.709
17.11.2021 20:11:50,34.296,901.825,554.840,854.766,849.792,0.462,37.750
17.11.2021 20:11:51,34.396,900.909,553.894,853.759,848.907,0.451,37.802
17.11.2021 20:11:52,34.502,900.329,552.490,853.179,848.602,0.426,37.943
17.11.2021 20:11:53,34.600,899.749,551.818,852.325,847.930,0.409,37.986
17.11.2021 20:11:54,34.698,898.315,550.659,851.226,846.771,0.415,38.024
17.11.2021 20:11:55,34.798,898.010,550.476,850.097,845.794,0.402,38.023
17.11.2021 20:11:56,34.896,897.155,548.767,849.731,845.214,0.422,38.184
17.11.2021 20:11:57,34.994,896.270,548.583,848.999,843.902,0.477,38.135
17.11.2021 20:11:58,35.102,895.202,547.668,848.083,843.444,0.434,38.171
17.11.2021 20:11:59,35.203,894.714,546.783,847.656,842.590,0.474,38.251
17.11.2021 20:12:00,35.301,893.676,545.928,846.527,842.041,0.421,38.281
17.11.2021 20:12:01,35.396,892.974,544.952,845.947,840.942,0.470,38.356
17.11.2021 20:12:02,35.489,891.754,544.250,844.634,839.965,0.439,38.350
17.11.2021 20:12:03,35.592,891.357,543.518,844.085,839.202,0.459,38.418
17.11.2021 20:12:04,35.695,890.136,542.480,843.048,838.500,0.428,38.458
17.11.2021 20:12:05,35.801,889.556,541.625,841.918,837.432,0.423,38.527
17.11.2021 20:12:06,35.899,888.305,540.740,841.186,836.578,0.435,38.544
17.11.2021 20:12:07,35.999,887.725,540.008,840.332,836.273,0.383,38.596
17.11.2021 20:12:08,36.095,886.291,538.818,839.294,835.327,0.375,38.640
17.11.2021 20:12:09,36.195,885.681,538.543,838.653,833.923,0.448,38.627
17.11.2021 20:12:10,36.293,884.460,537.261,837.554,832.946,0.437,38.702
17.11.2021 20:12:11,36.389,883.819,536.712,836.700,832.153,0.431,38.724
17.11.2021 20:12:12,36.502,883.880,535.339,835.601,831.298,0.409,38.920
17.11.2021 20:12:13,36.595,882.446,534.667,834.381,829.925,0.424,38.892
17.11.2021 20:12:14,36.703,881.866,533.447,833.526,829.315,0.401,39.013
17.11.2021 20:12:15,36.791,880.889,532.562,832.367,828.247,0.393,39.055
17.11.2021 20:12:16,36.891,879.638,531.250,831.085,827.209,0.370,39.132
17.11.2021 20:12:17,36.999,879.699,530.578,830.658,825.805,0.464,39.232
17.11.2021 20:12:18,37.092,878.784,529.602,829.406,825.378,0.385,39.291
17.11.2021 20:12:19,37.203,878.265,528.289,828.521,824.157,0.418,39.432
17.11.2021 20:12:20,37.304,877.349,527.404,826.995,823.394,0.345,39.479
17.11.2021 20:12:21,37.396,877.136,526.092,826.293,822.143,0.399,39.646
17.11.2021 20:12:22,37.489,876.129,525.573,825.683,821.014,0.449,39.634
17.11.2021 20:12:24,37.592,875.152,524.047,824.523,820.190,0.417,39.767
17.11.2021 20:12:25,37.700,875.000,523.071,822.998,819.030,0.382,39.892
17.11.2021 20:12:26,37.793,874.267,521.453,822.204,817.749,0.430,40.060
17.11.2021 20:12:27,37.896,873.718,520.751,820.739,816.467,0.413,40.113
17.11.2021 20:12:28,37.989,873.077,519.134,819.946,815.948,0.387,40.290
17.11.2021 20:12:29,38.100,871.917,517.944,818.664,814.605,0.393,40.361
17.11.2021 20:12:30,38.195,870.849,517.120,817.230,813.720,0.341,40.388
17.11.2021 20:12:31,38.288,870.361,515.777,816.528,812.225,0.418,40.539
17.11.2021 20:12:32,38.386,869.354,514.770,815.185,811.492,0.359,40.598
17.11.2021 20:12:33,38.494,868.316,513.214,814.300,810.180,0.401,40.734
17.11.2021 20:12:35,38.602,867.431,511.932,813.110,808.654,0.435,40.844
17.11.2021 20:12:36,38.688,866.363,510.772,811.340,807.830,0.343,40.920
17.11.2021 20:12:37,38.801,865.356,509.643,811.004,806.793,0.412,40.998
17.11.2021 20:12:38,38.896,864.135,508.178,809.387,805.450,0.386,41.106
17.11.2021 20:12:39,38.999,862.884,506.805,807.586,804.016,0.351,41.199
17.11.2021 20:12:40,39.102,861.999,505.615,807.312,803.100,0.414,41.297
17.11.2021 20:12:41,39.200,860.900,504.302,805.633,802.185,0.339,41.395
17.11.2021 20:12:42,39.291,859.527,502.960,804.962,801.055,0.385,41.474
17.11.2021 20:12:43,39.391,858.703,502.105,803.588,800.140,0.340,41.529
17.11.2021 20:12:44,39.492,857.452,500.488,802.520,798.858,0.362,41.659
17.11.2021 20:12:45,39.592,856.262,499.298,801.116,797.485,0.360,41.732
17.11.2021 20:12:46,39.703,855.316,497.894,799.896,796.752,0.311,41.858
17.11.2021 20:12:47,39.796,852.935,496.917,798.370,795.471,0.288,41.798
17.11.2021 20:12:48,39.901,852.294,494.964,797.760,794.403,0.334,42.032
17.11.2021 20:12:49,40.002,850.982,494.110,796.569,793.273,0.328,42.046
17.11.2021 20:12:50,40.102,849.670,492.767,795.379,792.236,0.313,42.133
17.11.2021 20:12:51,40.195,848.022,491.516,794.525,790.710,0.381,42.177
17.11.2021 20:12:52,40.291,847.259,490.264,792.938,790.039,0.290,42.299
17.11.2021 20:12:53,40.399,845.489,489.257,792.297,788.299,0.400,42.296
17.11.2021 20:12:54,40.502,844.482,488.464,790.649,787.353,0.331,42.328
17.11.2021 20:12:55,40.600,843.353,486.541,789.855,786.560,0.331,42.519
17.11.2021 20:12:56,40.700,842.193,485.534,788.452,785.461,0.301,42.571
17.11.2021 20:12:57,40.788,840.484,484.100,787.353,784.362,0.301,42.639
17.11.2021 20:12:58,40.896,839.141,483.184,786.804,783.081,0.375,42.660
17.11.2021 20:12:59,40.992,838.012,482.147,785.308,782.318,0.302,42.719
17.11.2021 20:13:00,41.090,836.730,480.895,784.606,781.524,0.311,42.798
17.11.2021 20:13:01,41.188,834.991,480.010,782.836,780.151,0.272,42.780
17.11.2021 20:13:02,41.288,834.533,478.820,782.897,779.388,0.356,42.922
17.11.2021 20:13:03,41.391,832.549,477.844,781.036,778.167,0.291,42.897
17.11.2021 20:13:04,41.489,831.970,476.440,780.578,777.160,0.347,43.062
17.11.2021 20:13:05,41.595,829.803,475.646,778.839,776.397,0.248,42.993
17.11.2021 20:13:06,41.690,828.765,474.426,778.472,775.268,0.326,43.090
17.11.2021 20:13:07,41.788,827.514,474.121,776.885,774.322,0.261,43.026
17.11.2021 20:13:08,41.899,826.110,472.778,775.909,772.979,0.299,43.110
17.11.2021 20:13:09,41.989,824.920,471.954,774.993,771.728,0.334,43.132
17.11.2021 20:13:10,42.100,823.577,470.489,773.498,770.507,0.306,43.241
17.11.2021 20:13:11,42.190,822.082,469.879,772.735,769.531,0.329,43.203
17.11.2021 20:13:12,42.293,821.044,468.994,771.636,768.768,0.295,43.248
17.11.2021 20:13:13,42.399,819.671,468.353,770.782,767.669,0.320,43.226
17.11.2021 20:13:14,42.497,818.267,466.735,769.226,766.387,0.292,43.354
17.11.2021 20:13:15,42.602,817.230,466.003,768.218,765.197,0.312,43.376
17.11.2021 20:13:16,42.700,816.162,464.874,767.242,764.312,0.303,43.458
17.11.2021 20:13:17,42.788,814.544,463.989,765.655,763.092,0.265,43.452
17.11.2021 20:13:18,42.894,813.385,462.860,764.770,762.115,0.275,43.526
17.11.2021 20:13:19,42.997,812.408,461.639,763.458,760.955,0.260,43.632
17.11.2021 20:13:20,43.095,811.706,460.754,763.183,759.796,0.352,43.709
17.11.2021 20:13:21,43.200,810.852,459.899,761.413,758.850,0.267,43.768
17.11.2021 20:13:22,43.296,809.326,458.465,761.138,757.720,0.356,43.858
17.11.2021 20:13:23,43.399,808.563,457.672,759.399,757.080,0.242,43.916
17.11.2021 20:13:24,43.487,807.495,456.359,758.392,755.340,0.319,44.029
17.11.2021 20:13:25,43.600,806.121,455.413,756.927,754.699,0.233,44.057
17.11.2021 20:13:26,43.698,805.664,454.284,756.042,753.326,0.285,44.197
17.11.2021 20:13:27,43.791,804.656,453.094,754.669,751.983,0.282,44.297
17.11.2021 20:13:28,43.891,803.649,452.026,753.570,751.098,0.260,44.378
17.11.2021 20:13:29,43.994,802.795,450.775,752.655,749.847,0.296,44.503
17.11.2021 20:13:30,44.090,801.544,449.554,751.159,748.352,0.296,44.587
17.11.2021 20:13:31,44.193,800.872,448.822,750.183,747.283,0.306,44.644
17.11.2021 20:13:32,44.293,799.926,447.174,748.931,745.819,0.330,44.826
17.11.2021 20:13:33,44.389,798.950,446.289,747.802,744.445,0.356,44.882
17.11.2021 20:13:34,44.494,797.332,445.129,746.337,743.865,0.262,44.924
17.11.2021 20:13:35,44.595,796.508,443.756,745.086,742.614,0.263,45.074
17.11.2021 20:13:36,44.700,795.349,442.779,743.316,740.112,0.342,45.128
17.11.2021 20:13:37,44.804,793.731,441.314,742.218,739.440,0.297,45.221
17.11.2021 20:13:38,44.889,792.633,440.551,741.546,738.037,0.375,45.246
17.11.2021 20:13:39,44.994,791.442,439.483,739.685,736.724,0.317,45.313
17.11.2021 20:13:40,45.097,790.100,437.927,739.135,735.595,0.380,45.448
17.11.2021 20:13:41,45.188,788.726,437.133,737.304,734.588,0.292,45.453
17.11.2021 20:13:42,45.288,787.384,435.791,736.083,733.001,0.332,45.553
17.11.2021 20:13:43,45.394,785.766,434.692,734.802,731.842,0.319,45.587
17.11.2021 20:13:44,45.489,784.759,433.349,733.612,730.682,0.317,45.719
17.11.2021 20:13:45,45.600,782.958,432.586,731.811,729.431,0.258,45.680
17.11.2021 20:13:46,45.688,781.799,431.243,730.804,727.722,0.334,45.798
17.11.2021 20:13:47,45.804,780.426,430.389,729.248,726.776,0.269,45.814
17.11.2021 20:13:48,45.886,779.113,428.649,728.363,725.402,0.322,45.986
17.11.2021 20:13:49,45.987,777.679,428.039,727.172,724.334,0.309,45.956
17.11.2021 20:13:50,46.102,776.153,426.879,725.372,722.534,0.310,46.010
17.11.2021 20:13:51,46.200,774.932,425.445,724.029,721.313,0.297,46.140
17.11.2021 20:13:52,46.296,773.437,425.048,722.900,720.306,0.284,46.068
17.11.2021 20:13:53,46.391,772.644,424.194,721.740,718.750,0.329,46.139
17.11.2021 20:13:54,46.502,770.477,422.821,719.940,717.651,0.252,46.171
17.11.2021 20:13:55,46.592,768.890,421.569,718.627,716.125,0.276,46.236
17.11.2021 20:13:56,46.703,767.395,420.898,717.102,714.019,0.341,46.211
17.11.2021 20:13:57,46.796,766.113,419.799,716.003,712.921,0.341,46.279
17.11.2021 20:13:58,46.901,764.221,418.853,714.416,711.517,0.322,46.263
17.11.2021 20:13:59,46.994,763.031,417.968,713.470,710.601,0.319,46.303
17.11.2021 20:14:00,47.092,761.199,416.900,712.036,709.228,0.313,46.315
17.11.2021 20:14:01,47.198,759.521,415.924,710.327,707.763,0.286,46.325
17.11.2021 20:14:02,47.296,758.392,414.794,708.923,706.115,0.314,46.414
17.11.2021 20:14:03,47.389,756.286,413.970,707.458,704.895,0.287,46.357
17.11.2021 20:14:04,47.487,754.821,413.024,706.329,703.887,0.274,46.382
17.11.2021 20:14:05,47.590,753.143,412.109,704.681,702.423,0.254,46.381
17.11.2021 20:14:06,47.690,752.288,411.285,703.186,700.775,0.272,46.444
17.11.2021 20:14:07,47.788,750.396,410.461,701.843,699.035,0.317,46.407
17.11.2021 20:14:08,47.899,748.077,409.332,700.225,697.692,0.287,46.382
17.11.2021 20:14:10,47.999,747.039,408.630,698.638,696.136,0.284,46.406
17.11.2021 20:14:11,48.097,745.178,407.989,697.265,694.671,0.295,46.339
17.11.2021 20:14:12,48.200,743.682,407.135,695.495,693.237,0.257,46.345
17.11.2021 20:14:13,48.293,742.065,406.219,694.213,691.833,0.272,46.351
17.11.2021 20:14:14,48.389,740.509,405.456,693.328,690.185,0.360,46.335
17.11.2021 20:14:15,48.492,738.372,404.754,691.436,688.873,0.294,46.251
17.11.2021 20:14:16,48.587,736.999,403.594,690.093,687.011,0.354,46.324
17.11.2021 20:14:17,48.703,734.954,402.770,687.591,685.089,0.288,46.271
17.11.2021 20:14:18,48.796,733.215,402.069,686.401,684.509,0.218,46.225
17.11.2021 20:14:19,48.894,731.811,401.184,684.814,681.976,0.329,46.246
17.11.2021 20:14:21,48.997,729.858,399.810,682.556,680.145,0.280,46.301
17.11.2021 20:14:22,49.092,728.637,398.956,681.335,678.894,0.284,46.335
17.11.2021 20:14:23,49.188,727.264,398.071,679.718,677.276,0.285,46.359
17.11.2021 20:14:24,49.304,725.219,397.155,677.703,675.842,0.217,46.322
17.11.2021 20:14:25,49.399,724.060,396.087,675.842,674.072,0.207,46.401
17.11.2021 20:14:26,49.497,723.022,396.026,674.560,672.454,0.247,46.308
17.11.2021 20:14:27,49.595,721.343,395.080,673.400,670.593,0.331,46.313
17.11.2021 20:14:28,49.700,719.329,393.920,671.264,668.823,0.288,46.324
17.11.2021 20:14:29,49.801,718.170,392.944,669.464,667.175,0.271,46.387
17.11.2021 20:14:30,49.896,717.193,391.998,668.304,665.527,0.329,46.463
17.11.2021 20:14:31,50.002,715.179,390.960,665.954,663.726,0.265,46.451
17.11.2021 20:14:32,50.102,714.324,389.892,664.642,662.689,0.233,46.562
17.11.2021 20:14:33,50.193,713.226,389.099,662.628,661.407,0.146,46.598
17.11.2021 20:14:34,50.304,711.883,388.092,661.437,659.240,0.263,46.650
17.11.2021 20:14:35,50.399,710.266,387.420,659.301,657.989,0.157,46.610
17.11.2021 20:14:36,50.489,708.862,385.925,658.264,656.585,0.202,46.747
17.11.2021 20:14:37,50.600,707.885,385.101,656.433,654.663,0.213,46.802
17.11.2021 20:14:38,50.703,706.237,384.307,654.541,653.137,0.170,46.783
17.11.2021 20:14:39,50.801,705.139,383.544,653.045,651.031,0.244,46.814
17.11.2021 20:14:40,50.901,703.979,382.843,651.489,649.780,0.208,46.827
17.11.2021 20:14:41,50.992,702.423,381.317,649.688,648.376,0.160,46.956
17.11.2021 20:14:42,51.092,701.049,380.645,648.681,646.911,0.216,46.942
17.11.2021 20:14:43,51.200,699.584,379.608,647.460,645.263,0.269,46.988
17.11.2021 20:14:44,51.304,697.875,378.753,645.141,643.859,0.157,46.974
17.11.2021 20:14:45,51.394,696.777,377.899,644.134,642.578,0.191,47.023
17.11.2021 20:14:46,51.489,694.915,377.105,642.730,641.448,0.158,46.982
17.11.2021 20:14:47,51.600,693.908,375.946,641.204,639.831,0.169,47.100
17.11.2021 20:14:48,51.703,691.986,375.213,639.465,638.244,0.151,47.040
17.11.2021 20:14:49,51.804,690.490,373.992,637.634,636.535,0.136,47.119
17.11.2021 20:14:50,51.896,688.507,373.809,636.199,635.192,0.125,46.947
17.11.2021 20:14:51,52.002,687.652,372.467,634.338,634.002,0.041,47.117
17.11.2021 20:14:52,52.102,685.272,371.459,633.453,631.988,0.183,47.062
17.11.2021 20:14:53,52.200,684.204,370.513,631.896,630.706,0.149,47.134
17.11.2021 20:14:54,52.296,682.983,369.750,630.462,629.425,0.130,47.153
17.11.2021 20:14:55,52.394,680.877,368.499,629.058,627.899,0.146,47.175
17.11.2021 20:14:56,52.489,679.351,367.614,627.288,626.220,0.135,47.187
17.11.2021 20:14:57,52.597,677.612,366.760,625.823,625.030,0.100,47.170
17.11.2021 20:14:58,52.703,676.361,365.692,624.389,623.596,0.100,47.247
17.11.2021 20:14:59,52.801,674.865,365.203,623.138,622.283,0.108,47.184
17.11.2021 20:15:00,52.894,673.217,363.769,621.246,621.154,0.011,47.291
17.11.2021 20:15:01,52.994,671.173,362.640,620.056,619.262,0.101,47.296
17.11.2021 20:15:02,53.087,669.555,362.396,618.408,617.797,0.078,47.170
17.11.2021 20:15:03,53.200,667.846,361.083,616.943,616.699,0.031,47.248
17.11.2021 20:15:04,53.304,666.229,360.290,615.386,614.959,0.055,47.232
17.11.2021 20:15:05,53.399,664.886,359.313,614.746,614.013,0.094,47.282
17.11.2021 20:15:06,53.502,663.177,358.703,612.640,612.487,0.019,47.219
17.11.2021 20:15:07,53.595,661.437,357.452,611.175,611.297,-0.015,47.282
17.11.2021 20:15:08,53.690,660.034,357.025,610.229,610.290,-0.007,47.214
17.11.2021 20:15:09,53.796,658.630,355.255,608.337,608.215,0.015,47.420
17.11.2021 20:15:10,53.901,656.738,354.370,607.116,607.086,0.003,47.392
17.11.2021 20:15:11,53.999,655.120,353.729,605.560,605.529,0.003,47.345
17.11.2021 20:15:12,54.097,653.411,352.630,604.309,604.217,0.012,47.381
17.11.2021 20:15:13,54.195,651.367,352.264,602.661,603.302,-0.084,47.229
17.11.2021 20:15:14,54.304,649.749,351.135,601.623,601.928,-0.040,47.282
17.11.2021 20:15:15,54.399,647.583,350.463,599.792,600.341,-0.072,47.179
17.11.2021 20:15:16,54.487,646.667,349.182,598.388,598.785,-0.052,47.341
17.11.2021 20:15:17,54.587,644.744,348.693,597.442,597.534,-0.012,47.227
17.11.2021 20:15:18,54.698,642.883,347.686,595.611,596.740,-0.150,47.227
17.11.2021 20:15:19,54.788,641.632,346.862,594.024,595.001,-0.130,47.258
17.11.2021 20:15:20,54.886,639.984,345.733,592.956,593.353,-0.052,47.308
17.11.2021 20:15:21,54.999,638.366,345.092,591.430,592.041,-0.081,47.259
17.11.2021 20:15:22,55.095,636.352,344.055,589.843,590.698,-0.114,47.248
17.11.2021 20:15:23,55.200,634.857,343.200,588.531,588.958,-0.057,47.258
17.11.2021 20:15:24,55.288,633.239,342.285,586.883,587.982,-0.148,47.266
17.11.2021 20:15:25,55.391,632.141,341.369,586.090,586.883,-0.107,47.334
17.11.2021 20:15:26,55.494,629.943,340.301,584.472,585.174,-0.095,47.309
17.11.2021 20:15:27,55.602,628.662,339.324,583.129,583.984,-0.116,47.370
17.11.2021 20:15:28,55.703,627.563,338.409,581.451,582.702,-0.170,47.438
17.11.2021 20:15:29,55.796,625.732,337.219,579.925,581.207,-0.174,47.482
17.11.2021 20:15:30,55.889,624.542,336.120,578.704,580.017,-0.179,47.580
17.11.2021 20:15:31,55.999,623.443,335.479,577.606,578.796,-0.163,47.590
17.11.2021 20:15:32,56.102,621.856,334.167,575.988,577.117,-0.155,47.689
17.11.2021 20:15:33,56.188,620.330,333.404,574.401,575.317,-0.126,47.677
17.11.2021 20:15:34,56.291,619.750,332.122,573.486,574.645,-0.160,47.887
17.11.2021 20:15:35,56.394,618.286,331.665,572.204,572.967,-0.105,47.816
17.11.2021 20:15:36,56.489,616.668,330.749,570.068,572.021,-0.271,47.826
17.11.2021 20:15:37,56.590,615.295,329.559,569.152,570.404,-0.174,47.925
17.11.2021 20:15:38,56.703,613.891,328.979,567.932,568.969,-0.144,47.888
17.11.2021 20:15:39,56.796,613.037,327.697,567.077,568.115,-0.144,48.068
17.11.2021 20:15:40,56.894,611.114,326.751,565.216,566.467,-0.175,48.051
17.11.2021 20:15:41,56.987,610.595,325.836,564.178,565.551,-0.192,48.191
17.11.2021 20:15:42,57.092,608.764,324.432,562.500,563.781,-0.180,48.286
17.11.2021 20:15:43,57.188,607.574,323.394,561.065,562.103,-0.146,48.375
17.11.2021 20:15:44,57.293,606.414,322.753,559.692,560.729,-0.146,48.381
17.11.2021 20:15:45,57.399,604.095,320.983,558.013,559.448,-0.203,48.500
17.11.2021 20:15:46,57.497,604.095,320.495,557.373,558.105,-0.104,48.610
17.11.2021 20:15:47,57.597,602.081,319.213,555.389,556.671,-0.182,48.658
17.11.2021 20:15:48,57.698,601.196,317.840,553.955,555.511,-0.222,48.861
17.11.2021 20:15:49,57.791,599.426,316.864,552.215,553.649,-0.205,48.871
17.11.2021 20:15:50,57.894,597.961,316.680,551.605,552.490,-0.127,48.737
17.11.2021 20:15:51,57.997,596.405,315.032,550.262,550.964,-0.101,48.924
17.11.2021 20:15:52,58.102,595.214,313.568,548.858,550.811,-0.281,49.115
17.11.2021 20:15:53,58.190,593.383,312.591,547.210,547.668,-0.066,49.117
17.11.2021 20:15:55,58.288,592.071,311.462,546.020,547.271,-0.181,49.218
17.11.2021 20:15:56,58.396,590.423,310.760,544.464,545.867,-0.204,49.180
17.11.2021 20:15:57,58.492,588.592,309.814,543.121,544.067,-0.137,49.176
17.11.2021 20:15:58,58.592,587.310,308.868,540.954,542.846,-0.276,49.239
17.11.2021 20:15:59,58.688,585.693,307.434,540.313,541.564,-0.183,49.374
17.11.2021 20:16:00,58.788,584.075,306.152,538.177,540.069,-0.278,49.476
17.11.2021 20:16:01,58.899,582.183,304.962,537.231,537.780,-0.080,49.522
17.11.2021 20:16:02,59.002,580.932,304.016,535.034,536.315,-0.189,49.590
17.11.2021 20:16:03,59.092,579.223,302.856,533.874,535.156,-0.190,49.653
17.11.2021 20:16:05,59.200,576.965,301.422,532.012,533.569,-0.231,49.713
17.11.2021 20:16:06,59.288,575.347,300.750,531.250,531.921,-0.100,49.672
17.11.2021 20:16:08,59.401,573.883,299.316,529.113,530.578,-0.219,49.831
17.11.2021 20:16:09,59.497,571.716,298.095,527.130,528.991,-0.279,49.853
17.11.2021 20:16:10,59.592,570.526,296.752,526.153,527.557,-0.211,50.026
17.11.2021 20:16:11,59.698,568.206,295.684,523.681,525.726,-0.308,49.993
17.11.2021 20:16:12,59.791,566.955,294.433,522.583,524.139,-0.235,50.138
17.11.2021 20:16:13,59.889,564.575,293.548,520.629,522.186,-0.236,50.053
17.11.2021 20:16:14,60.002,563.079,292.907,519.256,520.751,-0.227,50.020
