# Sensor: ADPD2140, Rotationstage: ELL18M
Datetime,Stage Angle,xL,xR,yL,yR,X,Y
17.11.2021 19:21:03,-59.998,397.705,754.974,692.962,695.068,-0.240,-49.119
17.11.2021 19:21:04,-59.908,398.651,757.415,695.129,696.929,-0.204,-49.180
17.11.2021 19:21:05,-59.805,400.421,759.094,696.533,699.157,-0.298,-49.022
17.11.2021 19:21:06,-59.707,401.367,761.688,698.699,700.653,-0.221,-49.097
17.11.2021 19:21:07,-59.609,402.496,763.305,700.073,702.575,-0.282,-49.048
17.11.2021 19:21:08,-59.503,404.144,764.984,702.423,704.315,-0.213,-48.912
17.11.2021 19:21:09,-59.405,404.632,766.357,702.758,705.352,-0.291,-48.954
17.11.2021 19:21:10,-59.305,406.250,768.737,705.261,707.702,-0.273,-48.891
17.11.2021 19:21:11,-59.207,407.501,770.568,707.092,709.228,-0.239,-48.841
17.11.2021 19:21:12,-59.106,409.118,772.705,708.099,710.632,-0.282,-48.755
17.11.2021 19:21:13,-59.006,409.942,774.230,710.479,712.646,-0.241,-48.752
17.11.2021 19:21:14,-58.908,411.102,776.733,711.608,714.447,-0.315,-48.781
17.11.2021 19:21:15,-58.792,412.445,778.259,713.836,716.064,-0.246,-48.688
17.11.2021 19:21:16,-58.704,413.604,780.975,715.393,717.864,-0.273,-48.737
17.11.2021 19:21:17,-58.609,414.703,781.799,716.308,719.421,-0.343,-48.622
17.11.2021 19:21:19,-58.506,416.320,784.149,718.963,721.221,-0.248,-48.558
17.11.2021 19:21:20,-58.393,417.358,786.254,720.458,722.961,-0.274,-48.572
17.11.2021 19:21:21,-58.305,419.006,788.330,722.198,724.700,-0.274,-48.478
17.11.2021 19:21:22,-58.204,420.318,790.466,723.449,726.470,-0.330,-48.448
17.11.2021 19:21:23,-58.104,421.051,791.503,725.097,727.996,-0.316,-48.417
17.11.2021 19:21:24,-58.001,422.851,794.219,727.416,729.949,-0.275,-48.357
17.11.2021 19:21:25,-57.908,424.285,796.264,729.125,732.421,-0.357,-48.298
17.11.2021 19:21:26,-57.795,424.804,797.332,730.895,732.971,-0.224,-48.306
17.11.2021 19:21:27,-57.697,426.788,799.682,732.177,734.924,-0.296,-48.183
17.11.2021 19:21:28,-57.594,428.131,801.696,734.680,736.999,-0.249,-48.138
17.11.2021 19:21:29,-57.508,429.290,803.894,736.053,738.281,-0.239,-48.140
17.11.2021 19:21:30,-57.405,430.511,805.694,737.945,740.692,-0.294,-48.097
17.11.2021 19:21:31,-57.305,431.884,808.227,739.990,742.309,-0.247,-48.094
17.11.2021 19:21:32,-57.199,433.013,809.753,741.546,743.957,-0.257,-48.042
17.11.2021 19:21:33,-57.101,434.020,811.645,743.225,745.697,-0.263,-48.042
17.11.2021 19:21:34,-56.993,435.028,813.201,744.506,747.497,-0.317,-48.013
17.11.2021 19:21:35,-56.908,436.462,814.849,746.002,748.718,-0.287,-47.922
17.11.2021 19:21:36,-56.795,436.920,816.711,748.229,750.183,-0.206,-48.011
17.11.2021 19:21:37,-56.704,438.781,818.420,749.725,752.258,-0.267,-47.855
17.11.2021 19:21:38,-56.601,439.422,820.282,751.647,753.814,-0.228,-47.914
17.11.2021 19:21:39,-56.501,440.582,822.540,753.356,755.737,-0.249,-47.922
17.11.2021 19:21:40,-56.393,442.047,823.486,754.882,757.049,-0.227,-47.766
17.11.2021 19:21:41,-56.302,442.687,825.714,756.500,759.033,-0.264,-47.856
17.11.2021 19:21:42,-56.194,444.366,827.392,757.781,761.077,-0.343,-47.730
17.11.2021 19:21:43,-56.109,444.854,829.589,760.040,762.176,-0.222,-47.842
17.11.2021 19:21:44,-56.006,446.044,830.352,761.291,763.885,-0.269,-47.715
17.11.2021 19:21:45,-55.908,447.662,832.855,763.549,765.716,-0.224,-47.672
17.11.2021 19:21:46,-55.800,448.120,834.655,765.319,767.486,-0.224,-47.753
17.11.2021 19:21:47,-55.699,449.279,836.029,766.326,768.890,-0.264,-47.686
17.11.2021 19:21:48,-55.606,450.103,837.219,767.791,770.477,-0.276,-47.656
17.11.2021 19:21:49,-55.506,451.477,839.263,770.385,772.888,-0.256,-47.612
17.11.2021 19:21:50,-55.395,452.819,840.972,772.003,774.536,-0.259,-47.545
17.11.2021 19:21:51,-55.297,453.521,842.071,772.705,775.848,-0.321,-47.527
17.11.2021 19:21:52,-55.194,454.376,844.116,775.177,777.954,-0.283,-47.567
17.11.2021 19:21:53,-55.106,455.688,846.527,776.763,779.144,-0.242,-47.564
17.11.2021 19:21:54,-55.008,456.787,847.564,778.503,781.372,-0.291,-47.479
17.11.2021 19:21:55,-54.908,457.611,849.517,780.548,782.714,-0.219,-47.515
17.11.2021 19:21:56,-54.805,458.984,851.562,782.073,784.881,-0.283,-47.472
17.11.2021 19:21:57,-54.699,460.540,853.210,784.149,786.407,-0.227,-47.367
17.11.2021 19:21:58,-54.601,460.937,855.682,785.400,788.696,-0.331,-47.514
17.11.2021 19:21:59,-54.498,462.921,856.903,787.567,790.191,-0.263,-47.307
17.11.2021 19:22:00,-54.400,463.592,859.161,789.520,792.510,-0.299,-47.392
17.11.2021 19:22:01,-54.297,464.904,861.053,791.870,794.738,-0.286,-47.347
17.11.2021 19:22:02,-54.202,465.881,862.731,793.121,795.989,-0.286,-47.336
17.11.2021 19:22:03,-54.104,466.705,864.471,795.471,797.790,-0.230,-47.354
17.11.2021 19:22:04,-54.003,467.987,865.997,797.393,799.652,-0.224,-47.284
17.11.2021 19:22:05,-53.893,469.146,867.828,798.919,801.727,-0.277,-47.257
17.11.2021 19:22:06,-53.805,470.123,869.781,800.689,803.283,-0.256,-47.269
17.11.2021 19:22:07,-53.702,471.069,872.161,803.100,805.541,-0.240,-47.322
17.11.2021 19:22:08,-53.601,472.198,873.657,804.931,807.525,-0.254,-47.272
17.11.2021 19:22:09,-53.503,473.846,875.640,806.579,809.295,-0.266,-47.185
17.11.2021 19:22:11,-53.400,474.090,877.593,809.356,811.492,-0.208,-47.308
17.11.2021 19:22:12,-53.300,474.914,879.516,810.394,813.049,-0.259,-47.341
17.11.2021 19:22:13,-53.202,476.165,881.805,812.835,815.460,-0.255,-47.339
17.11.2021 19:22:14,-53.109,477.172,883.514,814.758,817.321,-0.248,-47.326
17.11.2021 19:22:15,-53.006,478.668,886.382,816.925,819.458,-0.245,-47.334
17.11.2021 19:22:16,-52.893,479.431,887.390,818.908,820.678,-0.171,-47.301
17.11.2021 19:22:17,-52.802,480.743,890.258,821.228,823.669,-0.235,-47.337
17.11.2021 19:22:18,-52.704,481.536,891.723,822.662,825.103,-0.234,-47.336
17.11.2021 19:22:19,-52.601,482.604,894.165,824.859,827.606,-0.263,-47.374
17.11.2021 19:22:20,-52.506,483.581,896.148,826.934,829.895,-0.283,-47.388
17.11.2021 19:22:21,-52.400,484.497,897.949,829.040,831.573,-0.241,-47.396
17.11.2021 19:22:22,-52.300,485.900,901.000,830.963,834.198,-0.307,-47.432
17.11.2021 19:22:23,-52.197,487.304,902.770,833.190,836.303,-0.295,-47.366
17.11.2021 19:22:24,-52.101,487.670,904.876,835.144,837.493,-0.222,-47.480
17.11.2021 19:22:25,-52.001,489.532,907.409,836.944,840.270,-0.314,-47.406
17.11.2021 19:22:26,-51.893,489.959,908.721,838.897,841.705,-0.264,-47.448
17.11.2021 19:22:27,-51.797,490.997,910.980,840.209,843.780,-0.336,-47.474
17.11.2021 19:22:28,-51.704,492.523,912.597,842.742,845.397,-0.249,-47.378
17.11.2021 19:22:29,-51.599,493.743,915.313,844.146,847.534,-0.317,-47.414
17.11.2021 19:22:30,-51.501,495.086,916.687,846.252,849.792,-0.330,-47.326
17.11.2021 19:22:31,-51.408,495.605,919.219,848.999,851.379,-0.221,-47.450
17.11.2021 19:22:32,-51.305,496.856,920.776,850.769,853.454,-0.249,-47.390
17.11.2021 19:22:33,-51.204,498.443,923.187,853.149,855.560,-0.223,-47.348
17.11.2021 19:22:34,-51.109,499.053,924.621,854.309,857.299,-0.276,-47.372
17.11.2021 19:22:35,-50.996,500.183,925.811,856.323,858.795,-0.228,-47.302
17.11.2021 19:22:36,-50.900,501.342,928.436,858.001,861.358,-0.309,-47.339
17.11.2021 19:22:37,-50.800,502.807,930.206,859.985,862.731,-0.252,-47.266
17.11.2021 19:22:38,-50.704,503.753,931.732,861.755,864.532,-0.254,-47.249
17.11.2021 19:22:39,-50.606,504.547,933.532,862.915,866.455,-0.324,-47.274
17.11.2021 19:22:40,-50.508,505.920,934.814,865.173,868.286,-0.284,-47.177
17.11.2021 19:22:41,-50.408,507.049,936.645,866.943,869.720,-0.253,-47.157
17.11.2021 19:22:42,-50.305,508.789,938.995,868.560,872.375,-0.347,-47.091
17.11.2021 19:22:43,-50.204,509.216,940.734,871.002,874.023,-0.274,-47.164
17.11.2021 19:22:44,-50.109,510.864,942.382,872.466,875.610,-0.284,-47.057
17.11.2021 19:22:45,-49.993,511.657,943.908,874.603,877.410,-0.253,-47.062
17.11.2021 19:22:46,-49.908,512.939,945.770,875.793,879.364,-0.322,-47.024
17.11.2021 19:22:47,-49.795,514.648,946.990,877.624,881.225,-0.324,-46.876
17.11.2021 19:22:48,-49.699,514.831,948.425,878.723,881.988,-0.293,-46.960
17.11.2021 19:22:49,-49.594,516.326,950.469,880.737,884.521,-0.339,-46.906
17.11.2021 19:22:50,-49.506,517.913,952.300,882.965,885.955,-0.267,-46.823
17.11.2021 19:22:51,-49.400,518.859,954.071,884.612,887.542,-0.261,-46.826
17.11.2021 19:22:52,-49.307,520.050,955.261,886.047,889.343,-0.294,-46.750
17.11.2021 19:22:53,-49.202,521.301,957.275,888.488,891.235,-0.244,-46.729
17.11.2021 19:22:54,-49.104,522.369,958.801,889.312,893.158,-0.341,-46.696
17.11.2021 19:22:55,-49.001,523.864,960.510,891.540,894.409,-0.254,-46.618
17.11.2021 19:22:56,-48.905,524.871,962.585,893.524,897.216,-0.326,-46.635
17.11.2021 19:22:57,-48.807,526.428,963.653,895.324,898.437,-0.275,-46.501
17.11.2021 19:22:58,-48.702,527.465,965.026,897.186,900.268,-0.271,-46.461
17.11.2021 19:22:59,-48.606,528.442,966.522,898.254,901.946,-0.325,-46.440
17.11.2021 19:23:00,-48.508,529.785,968.109,900.756,903.930,-0.278,-46.375
17.11.2021 19:23:01,-48.395,530.761,969.726,902.069,905.181,-0.272,-46.362
17.11.2021 19:23:02,-48.297,532.196,970.611,903.564,906.616,-0.267,-46.233
17.11.2021 19:23:03,-48.194,533.477,972.717,905.181,909.149,-0.346,-46.215
17.11.2021 19:23:05,-48.106,534.454,973.876,906.585,910.217,-0.316,-46.169
17.11.2021 19:23:06,-48.003,536.132,975.647,908.416,912.567,-0.361,-46.073
17.11.2021 19:23:07,-47.893,537.597,977.294,910.674,914.611,-0.341,-45.998
17.11.2021 19:23:08,-47.807,538.726,978.607,911.865,915.649,-0.328,-45.943
17.11.2021 19:23:09,-47.697,539.581,980.438,913.085,917.358,-0.369,-45.964
17.11.2021 19:23:10,-47.606,541.442,981.445,915.313,918.792,-0.300,-45.788
17.11.2021 19:23:11,-47.501,542.175,983.611,916.259,920.318,-0.350,-45.850
17.11.2021 19:23:12,-47.403,543.792,984.924,918.212,921.936,-0.320,-45.731
17.11.2021 19:23:13,-47.300,545.104,986.572,919.921,923.492,-0.306,-45.677
17.11.2021 19:23:14,-47.202,546.630,989.166,921.508,925.415,-0.335,-45.665
17.11.2021 19:23:15,-47.106,548.065,989.990,923.248,926.849,-0.308,-45.535
17.11.2021 19:23:16,-47.008,548.950,991.455,924.102,927.978,-0.331,-45.525
17.11.2021 19:23:17,-46.893,550.323,993.316,925.994,930.145,-0.354,-45.480
17.11.2021 19:23:18,-46.805,551.666,995.239,928.009,931.549,-0.301,-45.443
17.11.2021 19:23:19,-46.694,552.459,996.093,928.527,932.586,-0.345,-45.401
17.11.2021 19:23:20,-46.604,553.527,998.382,930.267,934.295,-0.342,-45.427
17.11.2021 19:23:21,-46.506,554.779,999.694,931.640,935.394,-0.318,-45.359
17.11.2021 19:23:22,-46.403,555.908,1000.671,933.471,937.225,-0.318,-45.282
17.11.2021 19:23:23,-46.307,556.762,1002.899,934.570,938.049,-0.294,-45.332
17.11.2021 19:23:24,-46.204,557.769,1004.852,935.546,939.788,-0.358,-45.342
17.11.2021 19:23:25,-46.104,559.326,1005.737,936.920,940.704,-0.319,-45.203
17.11.2021 19:23:26,-45.996,560.699,1007.842,938.140,942.810,-0.393,-45.177
17.11.2021 19:23:27,-45.908,562.103,1009.277,939.727,944.671,-0.415,-45.098
17.11.2021 19:23:28,-45.807,563.171,1010.955,941.192,945.648,-0.374,-45.081
17.11.2021 19:23:29,-45.702,564.392,1012.329,942.474,946.166,-0.309,-45.022
17.11.2021 19:23:30,-45.609,565.399,1014.038,944.000,948.547,-0.380,-45.015
17.11.2021 19:23:31,-45.506,566.802,1015.869,945.037,949.707,-0.390,-44.966
17.11.2021 19:23:32,-45.403,567.871,1017.395,946.716,950.622,-0.326,-44.938
17.11.2021 19:23:33,-45.292,568.969,1018.585,947.998,952.056,-0.338,-44.883
17.11.2021 19:23:34,-45.199,570.343,1020.294,949.218,953.704,-0.373,-44.829
17.11.2021 19:23:35,-45.101,572.113,1021.942,950.866,954.986,-0.342,-44.721
17.11.2021 19:23:36,-44.998,573.669,1023.651,951.873,956.176,-0.357,-44.645
17.11.2021 19:23:37,-44.908,574.859,1025.238,953.094,957.794,-0.389,-44.606
17.11.2021 19:23:38,-44.805,576.324,1026.336,954.070,958.740,-0.386,-44.499
17.11.2021 19:23:39,-44.699,577.484,1028.167,956.085,960.327,-0.350,-44.482
17.11.2021 19:23:40,-44.601,578.491,1029.083,956.512,961.731,-0.431,-44.420
17.11.2021 19:23:41,-44.503,580.047,1030.517,958.496,962.646,-0.342,-44.325
17.11.2021 19:23:42,-44.403,581.420,1032.806,959.472,964.050,-0.377,-44.315
17.11.2021 19:23:43,-44.302,582.672,1033.874,960.540,964.904,-0.359,-44.233
17.11.2021 19:23:44,-44.202,584.106,1035.247,961.700,966.461,-0.391,-44.151
17.11.2021 19:23:45,-44.109,586.181,1037.140,963.775,967.864,-0.335,-44.025
17.11.2021 19:23:46,-44.001,586.914,1038.513,964.630,968.841,-0.345,-44.030
17.11.2021 19:23:47,-43.908,588.806,1040.161,966.247,970.245,-0.327,-43.911
17.11.2021 19:23:48,-43.797,589.752,1041.595,967.468,972.137,-0.381,-43.894
17.11.2021 19:23:49,-43.707,592.224,1043.670,969.024,973.663,-0.378,-43.734
17.11.2021 19:23:50,-43.596,593.719,1044.952,970.214,974.823,-0.375,-43.639
17.11.2021 19:23:51,-43.501,594.757,1046.081,971.679,975.769,-0.332,-43.590
17.11.2021 19:23:52,-43.408,596.252,1047.637,973.022,977.355,-0.352,-43.515
17.11.2021 19:23:53,-43.302,597.747,1049.621,974.304,978.393,-0.331,-43.470
17.11.2021 19:23:54,-43.207,599.151,1051.147,976.196,979.736,-0.286,-43.405
17.11.2021 19:23:55,-43.106,600.646,1052.032,976.715,980.682,-0.321,-43.284
17.11.2021 19:23:56,-43.003,602.630,1053.497,978.515,982.238,-0.300,-43.144
17.11.2021 19:23:57,-42.908,603.820,1055.664,979.980,983.886,-0.315,-43.150
17.11.2021 19:23:58,-42.800,605.712,1056.793,980.987,985.443,-0.359,-42.999
17.11.2021 19:23:59,-42.702,607.269,1058.288,982.635,986.389,-0.302,-42.914
17.11.2021 19:24:00,-42.609,608.245,1059.448,984.069,988.159,-0.328,-42.877
17.11.2021 19:24:01,-42.498,609.375,1060.882,985.137,989.532,-0.352,-42.840
17.11.2021 19:24:02,-42.400,611.297,1062.194,986.328,990.356,-0.322,-42.699
17.11.2021 19:24:03,-42.302,613.159,1063.629,987.365,992.401,-0.403,-42.575
17.11.2021 19:24:04,-42.199,614.624,1064.636,989.257,993.255,-0.319,-42.469
17.11.2021 19:24:05,-42.099,615.722,1066.253,990.539,994.750,-0.336,-42.449
17.11.2021 19:24:06,-42.001,617.858,1067.443,991.943,996.276,-0.345,-42.277
17.11.2021 19:24:07,-41.895,619.018,1068.481,993.164,997.192,-0.320,-42.210
17.11.2021 19:24:08,-41.797,620.452,1069.824,994.354,999.023,-0.371,-42.132
17.11.2021 19:24:09,-41.707,621.643,1070.404,996.063,999.542,-0.276,-42.031
17.11.2021 19:24:10,-41.604,623.382,1070.831,996.460,1000.518,-0.322,-41.854
17.11.2021 19:24:11,-41.506,624.328,1072.875,998.291,1002.471,-0.331,-41.883
17.11.2021 19:24:12,-41.400,626.068,1073.486,999.298,1003.448,-0.328,-41.720
17.11.2021 19:24:13,-41.292,627.288,1074.737,1000.640,1005.035,-0.347,-41.662
17.11.2021 19:24:14,-41.199,628.326,1075.836,1001.800,1006.042,-0.334,-41.616
17.11.2021 19:24:15,-41.099,629.699,1076.751,1003.326,1006.958,-0.286,-41.517
17.11.2021 19:24:16,-41.001,631.011,1077.880,1004.424,1008.758,-0.341,-41.441
17.11.2021 19:24:17,-40.893,632.354,1079.254,1005.462,1009.948,-0.352,-41.378
17.11.2021 19:24:18,-40.800,633.697,1080.291,1007.232,1011.382,-0.325,-41.292
17.11.2021 19:24:19,-40.702,634.643,1081.207,1007.842,1012.115,-0.335,-41.245
17.11.2021 19:24:20,-40.604,636.077,1082.916,1009.124,1013.427,-0.337,-41.195
17.11.2021 19:24:21,-40.508,637.084,1083.770,1010.314,1014.556,-0.332,-41.136
17.11.2021 19:24:22,-40.400,637.908,1085.113,1011.382,1015.564,-0.326,-41.132
17.11.2021 19:24:23,-40.305,639.709,1086.547,1013.366,1017.272,-0.304,-41.021
17.11.2021 19:24:24,-40.202,640.930,1087.646,1014.434,1017.761,-0.259,-40.955
17.11.2021 19:24:25,-40.101,642.364,1089.294,1015.655,1019.500,-0.299,-40.902
17.11.2021 19:24:26,-40.001,643.310,1090.087,1016.693,1020.629,-0.306,-40.847
17.11.2021 19:24:27,-39.908,644.653,1091.033,1017.822,1021.758,-0.305,-40.757
17.11.2021 19:24:28,-39.805,645.294,1092.987,1019.073,1022.613,-0.274,-40.816
17.11.2021 19:24:29,-39.702,647.155,1094.024,1020.355,1023.986,-0.281,-40.673
17.11.2021 19:24:30,-39.601,647.369,1094.940,1021.545,1025.451,-0.302,-40.710
17.11.2021 19:24:31,-39.498,648.712,1096.313,1023.101,1026.275,-0.245,-40.649
17.11.2021 19:24:32,-39.395,650.177,1097.961,1024.109,1028.137,-0.311,-40.594
17.11.2021 19:24:33,-39.292,651.611,1099.334,1025.543,1029.296,-0.289,-40.523
17.11.2021 19:24:34,-39.207,652.374,1100.463,1026.611,1030.395,-0.291,-40.512
17.11.2021 19:24:35,-39.101,653.930,1101.593,1027.679,1031.921,-0.326,-40.412
17.11.2021 19:24:36,-39.001,654.968,1102.813,1028.991,1033.203,-0.323,-40.376
17.11.2021 19:24:37,-38.908,656.280,1104.125,1030.212,1033.966,-0.288,-40.316
17.11.2021 19:24:38,-38.800,657.623,1105.194,1031.707,1035.247,-0.271,-40.236
17.11.2021 19:24:39,-38.699,658.477,1105.773,1032.318,1036.621,-0.329,-40.179
17.11.2021 19:24:40,-38.594,659.759,1107.666,1033.691,1037.597,-0.298,-40.162
17.11.2021 19:24:41,-38.508,661.193,1108.581,1035.247,1039.367,-0.314,-40.062
17.11.2021 19:24:42,-38.405,662.139,1109.588,1036.407,1040.252,-0.293,-40.023
17.11.2021 19:24:43,-38.305,663.696,1111.114,1037.536,1041.595,-0.309,-39.951
17.11.2021 19:24:44,-38.202,665.039,1111.633,1038.421,1042.816,-0.334,-39.836
17.11.2021 19:24:45,-38.104,665.832,1112.701,1040.160,1043.914,-0.285,-39.818
17.11.2021 19:24:46,-38.008,667.236,1114.013,1040.771,1045.440,-0.354,-39.749
17.11.2021 19:24:47,-37.903,668.548,1114.532,1041.625,1046.325,-0.356,-39.638
17.11.2021 19:24:48,-37.800,670.043,1115.997,1042.816,1047.119,-0.326,-39.570
17.11.2021 19:24:50,-37.707,671.478,1116.973,1044.616,1048.614,-0.302,-39.476
17.11.2021 19:24:51,-37.606,673.248,1118.225,1045.135,1049.652,-0.341,-39.363
17.11.2021 19:24:52,-37.508,674.133,1119.415,1046.692,1050.506,-0.288,-39.345
17.11.2021 19:24:53,-37.395,675.506,1120.117,1047.729,1052.184,-0.336,-39.240
17.11.2021 19:24:54,-37.305,676.574,1121.002,1048.858,1052.734,-0.292,-39.181
17.11.2021 19:24:55,-37.192,677.673,1122.070,1049.987,1054.107,-0.310,-39.131
17.11.2021 19:24:56,-37.106,679.138,1123.870,1050.567,1055.023,-0.335,-39.090
17.11.2021 19:24:57,-37.001,680.450,1124.267,1052.123,1055.816,-0.277,-38.973
17.11.2021 19:24:58,-36.905,681.854,1125.244,1053.161,1056.823,-0.275,-38.884
17.11.2021 19:24:59,-36.800,683.105,1125.854,1053.650,1058.074,-0.332,-38.788
17.11.2021 19:25:00,-36.702,684.326,1126.495,1055.084,1059.326,-0.317,-38.697
17.11.2021 19:25:01,-36.606,685.241,1127.258,1055.725,1059.997,-0.320,-38.648
17.11.2021 19:25:02,-36.506,686.859,1128.082,1056.854,1061.218,-0.326,-38.527
17.11.2021 19:25:03,-36.405,688.232,1128.723,1057.434,1062.225,-0.358,-38.420
17.11.2021 19:25:04,-36.305,688.964,1129.913,1058.746,1063.629,-0.364,-38.419
17.11.2021 19:25:05,-36.204,690.155,1130.096,1059.539,1063.537,-0.298,-38.303
17.11.2021 19:25:06,-36.104,691.284,1131.134,1060.516,1064.880,-0.325,-38.249
17.11.2021 19:25:07,-35.996,693.145,1131.713,1061.614,1065.399,-0.281,-38.087
17.11.2021 19:25:08,-35.903,693.756,1131.896,1062.316,1066.497,-0.311,-38.033
17.11.2021 19:25:09,-35.800,695.007,1132.598,1062.988,1067.382,-0.326,-37.945
17.11.2021 19:25:10,-35.704,695.861,1132.873,1063.323,1067.870,-0.338,-37.871
17.11.2021 19:25:11,-35.609,697.143,1132.934,1064.605,1069.030,-0.328,-37.738
17.11.2021 19:25:12,-35.496,698.333,1133.392,1065.612,1069.091,-0.258,-37.640
17.11.2021 19:25:13,-35.405,699.096,1133.941,1065.582,1069.702,-0.305,-37.595
17.11.2021 19:25:14,-35.295,700.347,1134.307,1066.619,1071.166,-0.337,-37.485
17.11.2021 19:25:15,-35.194,701.385,1134.368,1067.810,1071.685,-0.287,-37.378
17.11.2021 19:25:16,-35.101,702.575,1134.796,1068.359,1072.631,-0.316,-37.280
17.11.2021 19:25:17,-35.008,702.911,1134.857,1068.328,1073.059,-0.350,-37.248
17.11.2021 19:25:18,-34.900,704.010,1135.772,1069.488,1073.394,-0.288,-37.191
17.11.2021 19:25:19,-34.800,705.017,1136.291,1069.641,1074.462,-0.356,-37.119
17.11.2021 19:25:20,-34.707,706.512,1136.871,1070.800,1074.890,-0.302,-36.998
17.11.2021 19:25:21,-34.606,707.214,1137.634,1071.411,1075.927,-0.333,-36.974
17.11.2021 19:25:22,-34.498,707.916,1137.787,1072.021,1075.897,-0.285,-36.910
17.11.2021 19:25:23,-34.395,708.953,1138.916,1072.448,1077.117,-0.344,-36.874
17.11.2021 19:25:24,-34.300,710.021,1139.099,1073.425,1077.392,-0.292,-36.773
17.11.2021 19:25:25,-34.204,710.571,1139.617,1073.181,1077.484,-0.317,-36.750
17.11.2021 19:25:26,-34.094,711.669,1140.075,1074.493,1078.460,-0.292,-36.664
17.11.2021 19:25:27,-34.006,712.646,1141.113,1074.462,1079.223,-0.350,-36.629
17.11.2021 19:25:28,-33.905,713.195,1141.754,1074.829,1079.467,-0.341,-36.614
17.11.2021 19:25:29,-33.805,713.897,1142.639,1075.958,1079.925,-0.291,-36.598
17.11.2021 19:25:30,-33.699,715.332,1143.218,1076.110,1080.932,-0.354,-36.485
17.11.2021 19:25:31,-33.606,715.728,1143.463,1076.385,1080.627,-0.311,-36.460
17.11.2021 19:25:32,-33.506,717.010,1144.714,1077.057,1081.512,-0.327,-36.408
17.11.2021 19:25:33,-33.400,717.529,1144.775,1077.087,1081.542,-0.327,-36.357
17.11.2021 19:25:34,-33.307,718.292,1145.813,1077.758,1082.214,-0.326,-36.346
17.11.2021 19:25:37,-33.192,719.512,1146.148,1078.186,1082.580,-0.322,-36.240
17.11.2021 19:25:38,-33.099,719.940,1147.033,1078.613,1083.099,-0.328,-36.253
17.11.2021 19:25:41,-32.993,721.069,1147.613,1079.132,1083.434,-0.315,-36.174
17.11.2021 19:25:42,-32.898,722.900,1147.979,1079.742,1083.587,-0.281,-36.007
17.11.2021 19:25:43,-32.807,722.808,1148.162,1079.589,1084.320,-0.346,-36.029
17.11.2021 19:25:45,-32.694,724.182,1148.559,1080.413,1084.289,-0.283,-35.912
17.11.2021 19:25:46,-32.601,724.670,1148.864,1080.230,1084.319,-0.299,-35.881
17.11.2021 19:25:47,-32.503,726.043,1149.535,1081.024,1085.052,-0.294,-35.783
17.11.2021 19:25:48,-32.393,726.623,1149.719,1081.390,1085.754,-0.319,-35.735
17.11.2021 19:25:49,-32.307,727.569,1150.573,1081.542,1085.906,-0.319,-35.693
17.11.2021 19:25:50,-32.199,729.217,1150.756,1082.031,1085.845,-0.278,-35.535
17.11.2021 19:25:51,-32.109,729.858,1151.367,1082.397,1086.609,-0.307,-35.508
17.11.2021 19:25:52,-32.006,730.743,1151.458,1082.916,1086.578,-0.267,-35.423
17.11.2021 19:25:53,-31.900,731.567,1150.878,1083.251,1087.097,-0.280,-35.300
17.11.2021 19:25:54,-31.807,733.154,1152.008,1083.495,1087.219,-0.271,-35.211
17.11.2021 19:25:55,-31.697,733.337,1152.008,1084.442,1087.463,-0.220,-35.192
17.11.2021 19:25:56,-31.609,734.924,1151.916,1084.411,1087.768,-0.244,-35.023
17.11.2021 19:25:57,-31.493,735.565,1152.648,1084.167,1088.043,-0.282,-35.006
17.11.2021 19:25:58,-31.393,736.877,1152.526,1084.716,1088.806,-0.298,-34.863
17.11.2021 19:25:59,-31.305,737.457,1153.137,1084.961,1088.623,-0.266,-34.844
17.11.2021 19:26:00,-31.199,738.739,1153.015,1085.510,1089.202,-0.269,-34.705
17.11.2021 19:26:01,-31.104,739.471,1153.473,1085.540,1089.508,-0.289,-34.660
17.11.2021 19:26:02,-30.993,740.570,1153.442,1085.815,1089.446,-0.264,-34.546
17.11.2021 19:26:03,-30.898,741.394,1153.717,1085.754,1089.630,-0.282,-34.480
17.11.2021 19:26:04,-30.802,742.340,1153.717,1086.517,1089.752,-0.235,-34.384
17.11.2021 19:26:05,-30.704,743.347,1154.052,1087.371,1090.332,-0.215,-34.303
17.11.2021 19:26:06,-30.609,744.171,1154.510,1086.730,1090.484,-0.273,-34.250
17.11.2021 19:26:07,-30.501,745.422,1154.296,1086.975,1090.667,-0.268,-34.109
17.11.2021 19:26:08,-30.405,746.856,1153.900,1087.554,1090.972,-0.248,-33.937
17.11.2021 19:26:09,-30.305,747.222,1154.449,1088.378,1091.125,-0.199,-33.936
17.11.2021 19:26:10,-30.192,748.260,1154.296,1088.165,1091.400,-0.235,-33.821
17.11.2021 19:26:11,-30.109,748.748,1154.052,1088.409,1091.552,-0.228,-33.756
17.11.2021 19:26:12,-30.003,749.206,1154.235,1087.982,1091.857,-0.281,-33.722
17.11.2021 19:26:13,-29.908,751.312,1153.808,1088.562,1092.102,-0.257,-33.481
17.11.2021 19:26:14,-29.795,752.014,1153.839,1089.111,1092.193,-0.223,-33.413
17.11.2021 19:26:15,-29.704,752.532,1153.686,1089.050,1092.559,-0.254,-33.350
17.11.2021 19:26:16,-29.594,753.753,1153.350,1089.477,1092.773,-0.239,-33.206
17.11.2021 19:26:17,-29.498,754.913,1153.015,1090.148,1093.078,-0.212,-33.067
17.11.2021 19:26:18,-29.395,755.859,1153.228,1090.057,1093.444,-0.245,-32.986
17.11.2021 19:26:19,-29.307,757.080,1152.770,1090.301,1093.444,-0.228,-32.834
17.11.2021 19:26:20,-29.207,757.659,1152.740,1090.911,1093.963,-0.221,-32.774
17.11.2021 19:26:21,-29.099,758.636,1152.771,1090.759,1093.750,-0.216,-32.678
17.11.2021 19:26:22,-28.996,759.582,1151.977,1091.156,1093.963,-0.203,-32.531
17.11.2021 19:26:23,-28.908,760.559,1151.824,1091.278,1094.390,-0.225,-32.424
17.11.2021 19:26:24,-28.792,761.413,1152.160,1091.308,1094.238,-0.212,-32.360
17.11.2021 19:26:25,-28.702,762.390,1152.069,1091.735,1094.940,-0.232,-32.257
17.11.2021 19:26:26,-28.604,763.488,1151.336,1092.407,1094.879,-0.179,-32.099
17.11.2021 19:26:27,-28.493,764.007,1151.397,1092.254,1095.245,-0.216,-32.052
17.11.2021 19:26:28,-28.405,765.075,1151.489,1092.620,1094.940,-0.168,-31.952
17.11.2021 19:26:29,-28.292,766.113,1151.367,1092.864,1095.886,-0.218,-31.841
17.11.2021 19:26:30,-28.192,766.998,1151.336,1093.200,1095.916,-0.196,-31.751
17.11.2021 19:26:31,-28.094,768.005,1151.794,1093.414,1096.008,-0.187,-31.681
17.11.2021 19:26:32,-27.996,769.012,1151.794,1094.238,1096.862,-0.189,-31.581
17.11.2021 19:26:33,-27.898,769.897,1151.550,1093.383,1096.527,-0.227,-31.478
17.11.2021 19:26:35,-27.797,770.812,1151.885,1093.963,1096.832,-0.207,-31.409
17.11.2021 19:26:36,-27.704,772.094,1151.611,1094.665,1096.954,-0.165,-31.265
17.11.2021 19:26:37,-27.606,772.705,1152.160,1095.031,1097.625,-0.187,-31.241
17.11.2021 19:26:38,-27.493,773.925,1152.038,1095.550,1098.144,-0.187,-31.113
17.11.2021 19:26:39,-27.393,774.749,1152.526,1096.038,1098.083,-0.147,-31.064
17.11.2021 19:26:40,-27.292,775.390,1152.740,1095.947,1098.358,-0.174,-31.015
17.11.2021 19:26:41,-27.194,775.909,1152.465,1096.130,1098.663,-0.182,-30.946
17.11.2021 19:26:42,-27.101,777.465,1152.465,1096.740,1099.029,-0.165,-30.793
17.11.2021 19:26:43,-27.003,778.045,1152.832,1096.313,1099.212,-0.209,-30.760
17.11.2021 19:26:44,-26.898,779.663,1152.496,1097.442,1099.731,-0.165,-30.580
17.11.2021 19:26:45,-26.800,780.364,1152.557,1097.473,1099.884,-0.173,-30.515
17.11.2021 19:26:46,-26.707,781.341,1153.778,1097.900,1100.280,-0.171,-30.501
17.11.2021 19:26:47,-26.604,782.531,1153.442,1098.480,1100.402,-0.138,-30.362
17.11.2021 19:26:48,-26.498,783.081,1152.557,1098.907,1100.708,-0.129,-30.250
17.11.2021 19:26:49,-26.405,784.698,1153.137,1099.059,1101.409,-0.169,-30.131
17.11.2021 19:26:50,-26.300,785.766,1153.198,1098.968,1101.409,-0.175,-30.031
17.11.2021 19:26:51,-26.202,786.987,1153.106,1099.517,1101.593,-0.149,-29.906
17.11.2021 19:26:52,-26.104,787.628,1153.320,1100.128,1102.294,-0.155,-29.858
17.11.2021 19:26:53,-25.998,789.123,1152.770,1100.250,1102.264,-0.144,-29.677
17.11.2021 19:26:54,-25.898,789.947,1152.374,1100.280,1102.203,-0.138,-29.571
17.11.2021 19:26:55,-25.807,791.503,1152.709,1100.646,1102.508,-0.133,-29.442
17.11.2021 19:26:56,-25.694,792.785,1152.893,1101.287,1103.332,-0.146,-29.331
17.11.2021 19:26:57,-25.596,793.579,1152.465,1101.440,1103.363,-0.138,-29.226
17.11.2021 19:26:58,-25.506,795.013,1152.221,1102.294,1104.278,-0.142,-29.071
17.11.2021 19:26:59,-25.405,796.844,1152.099,1102.111,1104.553,-0.175,-28.887
17.11.2021 19:27:00,-25.300,797.882,1152.038,1102.325,1104.675,-0.168,-28.783
17.11.2021 19:27:01,-25.197,799.011,1151.672,1102.050,1104.797,-0.197,-28.651
17.11.2021 19:27:02,-25.104,800.476,1151.702,1103.637,1105.895,-0.161,-28.512
17.11.2021 19:27:03,-25.001,801.391,1151.000,1103.637,1105.285,-0.118,-28.378
17.11.2021 19:27:04,-24.893,802.154,1150.970,1103.485,1105.987,-0.179,-28.303
17.11.2021 19:27:05,-24.797,804.046,1150.451,1103.790,1105.957,-0.155,-28.087
17.11.2021 19:27:06,-24.694,804.870,1150.451,1104.492,1106.262,-0.126,-28.009
17.11.2021 19:27:07,-24.604,806.091,1150.024,1104.186,1106.872,-0.192,-27.864
17.11.2021 19:27:08,-24.501,807.891,1149.841,1105.285,1107.147,-0.133,-27.680
17.11.2021 19:27:09,-24.400,808.685,1150.024,1105.529,1107.055,-0.109,-27.617
17.11.2021 19:27:10,-24.300,810.180,1149.505,1105.468,1107.788,-0.166,-27.440
17.11.2021 19:27:11,-24.207,812.225,1149.322,1105.804,1108.459,-0.190,-27.234
17.11.2021 19:27:12,-24.106,812.500,1149.230,1106.964,1108.215,-0.089,-27.202
17.11.2021 19:27:13,-24.003,813.812,1148.223,1106.597,1108.611,-0.144,-27.011
17.11.2021 19:27:14,-23.895,815.032,1148.040,1107.116,1109.130,-0.144,-26.883
17.11.2021 19:27:15,-23.805,816.406,1147.582,1107.788,1108.917,-0.080,-26.723
17.11.2021 19:27:16,-23.702,817.687,1146.972,1107.269,1109.985,-0.194,-26.561
17.11.2021 19:27:17,-23.609,819.030,1147.033,1107.818,1109.802,-0.141,-26.439
17.11.2021 19:27:18,-23.498,820.098,1147.125,1108.032,1109.924,-0.135,-26.345
17.11.2021 19:27:19,-23.405,821.502,1146.331,1108.520,1110.107,-0.113,-26.159
17.11.2021 19:27:20,-23.307,822.357,1146.026,1108.734,1110.290,-0.111,-26.059
17.11.2021 19:27:21,-23.204,823.882,1145.324,1109.283,1111.236,-0.139,-25.869
17.11.2021 19:27:22,-23.109,824.859,1144.653,1109.161,1111.236,-0.148,-25.732
17.11.2021 19:27:23,-22.993,826.354,1144.317,1109.283,1111.175,-0.135,-25.570
17.11.2021 19:27:24,-22.903,827.484,1144.012,1109.039,1111.389,-0.167,-25.444
17.11.2021 19:27:27,-22.800,828.826,1143.615,1109.557,1111.328,-0.126,-25.292
17.11.2021 19:27:28,-22.699,829.864,1143.218,1109.557,1111.450,-0.135,-25.168
17.11.2021 19:27:31,-22.596,831.665,1142.425,1109.924,1112.304,-0.169,-24.947
17.11.2021 19:27:32,-22.506,832.733,1142.181,1110.351,1111.938,-0.113,-24.831
17.11.2021 19:27:33,-22.393,833.892,1142.150,1110.473,1112.884,-0.171,-24.722
17.11.2021 19:27:34,-22.295,835.235,1141.418,1110.717,1112.976,-0.160,-24.548
17.11.2021 19:27:35,-22.207,836.364,1141.265,1110.107,1112.701,-0.184,-24.433
17.11.2021 19:27:36,-22.109,838.256,1141.021,1111.297,1112.793,-0.106,-24.242
17.11.2021 19:27:37,-22.008,838.928,1140.960,1110.901,1113.372,-0.176,-24.175
17.11.2021 19:27:38,-21.905,840.454,1139.892,1111.511,1113.189,-0.119,-23.962
17.11.2021 19:27:39,-21.805,841.308,1140.319,1111.450,1113.616,-0.154,-23.913
17.11.2021 19:27:40,-21.699,842.803,1139.465,1111.114,1113.647,-0.180,-23.717
17.11.2021 19:27:41,-21.609,843.933,1139.221,1111.358,1113.189,-0.130,-23.597
17.11.2021 19:27:42,-21.498,845.886,1139.099,1111.755,1113.952,-0.156,-23.409
17.11.2021 19:27:43,-21.405,846.252,1138.610,1112.091,1113.311,-0.086,-23.342
17.11.2021 19:27:44,-21.305,847.961,1138.336,1111.541,1113.983,-0.173,-23.167
17.11.2021 19:27:45,-21.204,848.785,1138.061,1111.694,1113.464,-0.126,-23.073
17.11.2021 19:27:46,-21.106,850.341,1137.970,1112.030,1113.708,-0.119,-22.925
17.11.2021 19:27:47,-20.996,851.318,1137.939,1112.182,1113.952,-0.125,-22.834
17.11.2021 19:27:48,-20.905,852.630,1137.268,1112.335,1113.708,-0.097,-22.668
17.11.2021 19:27:49,-20.805,854.125,1137.145,1111.847,1114.318,-0.175,-22.524
17.11.2021 19:27:50,-20.699,855.285,1136.077,1112.243,1113.922,-0.119,-22.346
17.11.2021 19:27:51,-20.604,856.384,1136.596,1112.365,1114.135,-0.125,-22.282
17.11.2021 19:27:52,-20.506,857.543,1136.016,1112.152,1113.891,-0.123,-22.137
17.11.2021 19:27:53,-20.398,858.734,1135.253,1112.182,1114.044,-0.132,-21.977
17.11.2021 19:27:54,-20.290,859.619,1134.887,1112.548,1113.739,-0.084,-21.872
17.11.2021 19:27:55,-20.197,861.358,1134.338,1112.213,1113.983,-0.126,-21.677
17.11.2021 19:27:56,-20.106,862.915,1134.216,1112.487,1113.983,-0.106,-21.528
17.11.2021 19:27:57,-19.998,864.105,1133.605,1111.968,1113.830,-0.132,-21.379
17.11.2021 19:27:58,-19.903,865.020,1133.361,1112.030,1114.135,-0.149,-21.280
17.11.2021 19:27:59,-19.802,866.333,1132.202,1112.030,1113.342,-0.093,-21.082
17.11.2021 19:28:00,-19.702,867.462,1132.293,1111.511,1113.158,-0.117,-20.987
17.11.2021 19:28:01,-19.604,868.225,1131.622,1112.274,1113.250,-0.069,-20.873
17.11.2021 19:28:02,-19.498,870.025,1131.072,1112.243,1113.067,-0.058,-20.673
17.11.2021 19:28:03,-19.408,871.582,1130.554,1111.145,1113.342,-0.156,-20.498
17.11.2021 19:28:04,-19.302,872.741,1130.126,1111.694,1113.220,-0.108,-20.365
17.11.2021 19:28:05,-19.204,874.145,1129.425,1111.358,1112.915,-0.110,-20.192
17.11.2021 19:28:06,-19.101,875.396,1128.784,1111.145,1112.731,-0.113,-20.036
17.11.2021 19:28:07,-18.993,876.922,1128.234,1110.931,1112.762,-0.130,-19.862
17.11.2021 19:28:08,-18.898,878.265,1127.746,1110.534,1112.823,-0.163,-19.709
17.11.2021 19:28:09,-18.797,879.364,1127.136,1111.175,1112.274,-0.078,-19.569
17.11.2021 19:28:10,-18.704,881.042,1126.373,1110.442,1112.091,-0.117,-19.368
17.11.2021 19:28:11,-18.599,881.652,1125.396,1110.381,1112.030,-0.117,-19.246
17.11.2021 19:28:12,-18.498,883.300,1125.030,1110.412,1111.785,-0.097,-19.075
17.11.2021 19:28:13,-18.408,884.765,1124.206,1109.680,1111.419,-0.124,-18.888
17.11.2021 19:28:14,-18.305,885.925,1123.230,1109.985,1111.144,-0.082,-18.718
17.11.2021 19:28:15,-18.199,886.901,1122.497,1109.161,1111.419,-0.161,-18.581
17.11.2021 19:28:16,-18.109,888.793,1121.765,1109.741,1111.297,-0.111,-18.363
17.11.2021 19:28:17,-18.006,889.556,1120.239,1108.825,1110.168,-0.095,-18.190
17.11.2021 19:28:19,-17.908,890.838,1120.178,1108.520,1110.199,-0.119,-18.073
17.11.2021 19:28:20,-17.797,891.693,1118.804,1108.429,1109.497,-0.076,-17.902
17.11.2021 19:28:21,-17.699,892.639,1117.675,1108.245,1109.375,-0.080,-17.740
17.11.2021 19:28:22,-17.594,893.554,1116.821,1107.727,1109.649,-0.137,-17.600
17.11.2021 19:28:23,-17.498,895.049,1115.966,1107.574,1109.405,-0.130,-17.409
17.11.2021 19:28:24,-17.393,895.477,1114.715,1107.238,1108.123,-0.063,-17.284
17.11.2021 19:28:25,-17.295,896.545,1114.166,1106.872,1108.428,-0.111,-17.152
17.11.2021 19:28:26,-17.207,897.766,1113.311,1106.048,1107.879,-0.131,-16.985
17.11.2021 19:28:27,-17.094,898.773,1111.816,1106.201,1107.605,-0.100,-16.792
17.11.2021 19:28:28,-16.993,899.383,1111.602,1105.834,1107.574,-0.124,-16.724
17.11.2021 19:28:29,-16.900,900.390,1110.595,1105.163,1106.597,-0.102,-16.565
17.11.2021 19:28:30,-16.805,901.123,1109.466,1104.888,1106.567,-0.120,-16.422
17.11.2021 19:28:31,-16.699,902.343,1108.428,1104.888,1105.926,-0.074,-16.242
17.11.2021 19:28:32,-16.606,902.801,1107.635,1103.973,1105.651,-0.120,-16.146
17.11.2021 19:28:33,-16.503,903.961,1107.330,1103.881,1105.224,-0.096,-16.024
17.11.2021 19:28:34,-16.408,904.846,1106.658,1103.118,1104.431,-0.094,-15.900
17.11.2021 19:28:35,-16.292,905.700,1105.377,1103.393,1104.309,-0.065,-15.735
17.11.2021 19:28:36,-16.204,906.372,1104.644,1102.813,1103.759,-0.067,-15.624
17.11.2021 19:28:37,-16.104,907.287,1104.369,1102.233,1103.332,-0.078,-15.526
17.11.2021 19:28:38,-15.998,908.020,1103.576,1101.959,1103.271,-0.094,-15.406
17.11.2021 19:28:39,-15.898,908.721,1103.332,1101.715,1102.661,-0.068,-15.328
17.11.2021 19:28:40,-15.795,909.607,1102.539,1100.921,1102.050,-0.081,-15.195
17.11.2021 19:28:41,-15.692,910.583,1101.196,1099.884,1101.745,-0.133,-15.015
17.11.2021 19:28:42,-15.594,911.315,1100.494,1100.067,1101.013,-0.068,-14.902
17.11.2021 19:28:43,-15.508,912.231,1100.647,1099.945,1100.769,-0.059,-14.834
17.11.2021 19:28:44,-15.398,913.208,1099.426,1099.456,1100.280,-0.059,-14.663
17.11.2021 19:28:45,-15.302,914.153,1099.243,1098.785,1099.609,-0.059,-14.568
17.11.2021 19:28:46,-15.207,914.855,1098.541,1098.541,1099.700,-0.083,-14.458
17.11.2021 19:28:47,-15.104,915.130,1097.198,1097.961,1098.968,-0.072,-14.338
17.11.2021 19:28:48,-14.996,915.649,1096.710,1097.259,1098.968,-0.123,-14.259
17.11.2021 19:28:49,-14.898,917.083,1096.313,1097.259,1098.022,-0.055,-14.107
17.11.2021 19:28:50,-14.810,917.602,1095.398,1096.649,1097.808,-0.083,-13.997
17.11.2021 19:28:51,-14.694,918.243,1095.001,1096.343,1096.954,-0.044,-13.914
17.11.2021 19:28:52,-14.606,918.762,1094.696,1095.519,1097.198,-0.121,-13.847
17.11.2021 19:28:53,-14.498,919.738,1093.780,1095.642,1096.221,-0.041,-13.698
17.11.2021 19:28:54,-14.395,920.196,1093.353,1095.703,1096.130,-0.030,-13.628
17.11.2021 19:28:55,-14.295,920.928,1092.712,1094.512,1095.611,-0.079,-13.519
17.11.2021 19:28:56,-14.197,922.241,1091.827,1094.421,1095.520,-0.079,-13.344
17.11.2021 19:28:57,-14.096,922.454,1091.583,1094.085,1094.879,-0.057,-13.308
17.11.2021 19:28:58,-13.993,922.882,1090.149,1093.048,1093.933,-0.064,-13.168
17.11.2021 19:28:59,-13.908,924.102,1089.813,1092.620,1094.177,-0.112,-13.040
17.11.2021 19:29:00,-13.795,924.591,1088.592,1091.766,1093.170,-0.101,-12.910
17.11.2021 19:29:01,-13.707,925.506,1087.982,1091.857,1092.803,-0.068,-12.788
17.11.2021 19:29:02,-13.604,926.299,1087.005,1092.010,1092.529,-0.037,-12.650
17.11.2021 19:29:03,-13.501,926.971,1086.700,1090.728,1091.827,-0.079,-12.570
17.11.2021 19:29:04,-13.393,927.642,1085.723,1090.881,1091.674,-0.057,-12.443
17.11.2021 19:29:05,-13.295,928.649,1085.144,1090.240,1091.339,-0.079,-12.315
17.11.2021 19:29:06,-13.199,929.565,1084.777,1089.508,1090.698,-0.086,-12.211
17.11.2021 19:29:07,-13.106,930.419,1083.740,1089.111,1090.576,-0.106,-12.063
17.11.2021 19:29:08,-13.008,930.847,1082.519,1088.714,1089.508,-0.057,-11.938
17.11.2021 19:29:09,-12.900,931.671,1082.153,1087.921,1089.477,-0.113,-11.842
17.11.2021 19:29:10,-12.807,932.739,1081.237,1088.043,1088.775,-0.053,-11.685
17.11.2021 19:29:11,-12.702,933.685,1080.230,1087.158,1088.165,-0.073,-11.531
17.11.2021 19:29:12,-12.599,934.906,1079.895,1086.212,1087.646,-0.104,-11.404
17.11.2021 19:29:13,-12.501,935.577,1078.643,1086.364,1087.707,-0.097,-11.256
17.11.2021 19:29:14,-12.403,936.523,1078.307,1086.425,1086.578,-0.011,-11.152
17.11.2021 19:29:15,-12.295,937.042,1076.690,1085.143,1086.517,-0.100,-10.990
17.11.2021 19:29:16,-12.194,937.866,1075.927,1084.930,1085.662,-0.053,-10.864
17.11.2021 19:29:17,-12.096,938.873,1075.256,1084.503,1085.052,-0.040,-10.731
17.11.2021 19:29:18,-12.006,939.666,1074.432,1083.648,1084.442,-0.057,-10.603
17.11.2021 19:29:19,-11.905,940.551,1072.967,1083.251,1084.320,-0.078,-10.422
17.11.2021 19:29:20,-11.802,941.284,1071.990,1082.733,1083.221,-0.035,-10.288
17.11.2021 19:29:21,-11.704,941.711,1071.349,1082.366,1083.343,-0.071,-10.205
17.11.2021 19:29:22,-11.601,942.871,1070.251,1081.604,1082.977,-0.100,-10.027
17.11.2021 19:29:23,-11.496,942.871,1069.122,1081.482,1082.092,-0.044,-9.944
17.11.2021 19:29:24,-11.403,943.969,1068.298,1080.749,1081.725,-0.071,-9.791
17.11.2021 19:29:25,-11.307,945.098,1067.413,1080.627,1080.932,-0.022,-9.631
17.11.2021 19:29:26,-11.207,945.037,1066.192,1079.986,1081.054,-0.078,-9.546
17.11.2021 19:29:27,-11.106,945.159,1065.216,1079.070,1080.505,-0.105,-9.464
17.11.2021 19:29:28,-11.001,945.953,1064.239,1079.193,1079.559,-0.026,-9.325
17.11.2021 19:29:29,-10.903,946.472,1063.781,1078.430,1078.857,-0.031,-9.248
17.11.2021 19:29:30,-10.800,947.051,1062.682,1078.002,1079.284,-0.094,-9.118
17.11.2021 19:29:31,-10.699,947.387,1061.309,1077.484,1078.216,-0.053,-8.988
17.11.2021 19:29:32,-10.594,947.906,1061.096,1077.239,1078.216,-0.071,-8.928
17.11.2021 19:29:33,-10.508,948.028,1059.509,1076.721,1077.209,-0.035,-8.800
17.11.2021 19:29:34,-10.395,948.425,1059.356,1076.568,1077.423,-0.062,-8.756
17.11.2021 19:29:35,-10.297,949.066,1058.105,1075.958,1076.599,-0.047,-8.609
17.11.2021 19:29:36,-10.194,949.615,1057.861,1075.714,1076.446,-0.053,-8.545
17.11.2021 19:29:37,-10.106,950.012,1056.671,1075.195,1075.500,-0.022,-8.423
17.11.2021 19:29:38,-10.001,949.798,1055.877,1073.974,1075.958,-0.146,-8.381
17.11.2021 19:29:39,-9.903,950.775,1055.145,1074.188,1074.920,-0.054,-8.245
17.11.2021 19:29:40,-9.800,950.378,1055.236,1074.005,1074.951,-0.069,-8.285
17.11.2021 19:29:41,-9.692,950.897,1054.321,1073.547,1074.218,-0.049,-8.173
17.11.2021 19:29:42,-9.594,951.354,1053.161,1072.875,1073.425,-0.040,-8.048
17.11.2021 19:29:43,-9.496,951.507,1052.245,1073.028,1073.089,-0.004,-7.967
17.11.2021 19:29:44,-9.408,951.873,1051.818,1072.052,1072.876,-0.060,-7.904
17.11.2021 19:29:45,-9.300,952.270,1050.903,1071.899,1071.655,0.018,-7.803
17.11.2021 19:29:46,-9.204,952.606,1050.750,1071.319,1071.838,-0.038,-7.763
17.11.2021 19:29:47,-9.094,953.948,1050.292,1071.289,1071.838,-0.040,-7.618
17.11.2021 19:29:48,-8.996,953.613,1049.957,1070.526,1071.502,-0.072,-7.620
17.11.2021 19:29:49,-8.908,954.254,1048.858,1069.976,1070.861,-0.065,-7.484
17.11.2021 19:29:50,-8.800,954.986,1048.370,1069.854,1070.251,-0.029,-7.387
17.11.2021 19:29:51,-8.702,954.803,1047.576,1069.610,1069.702,-0.006,-7.342
17.11.2021 19:29:52,-8.599,955.932,1047.088,1068.908,1069.580,-0.049,-7.212
17.11.2021 19:29:53,-8.508,956.176,1046.692,1069.213,1069.152,0.004,-7.162
17.11.2021 19:29:54,-8.393,956.390,1045.501,1068.145,1069.122,-0.072,-7.054
17.11.2021 19:29:55,-8.305,956.878,1045.623,1068.023,1068.115,-0.006,-7.023
17.11.2021 19:29:56,-8.189,957.305,1044.738,1067.810,1068.512,-0.052,-6.921
17.11.2021 19:29:57,-8.101,957.611,1043.334,1066.589,1067.352,-0.056,-6.789
17.11.2021 19:29:58,-8.003,958.251,1043.121,1067.260,1067.108,0.011,-6.720
17.11.2021 19:29:59,-7.898,958.557,1043.029,1066.497,1066.986,-0.036,-6.688
17.11.2021 19:30:00,-7.802,959.381,1041.748,1065.948,1066.680,-0.054,-6.523
17.11.2021 19:30:01,-7.707,959.228,1041.015,1065.704,1066.528,-0.061,-6.479
17.11.2021 19:30:02,-7.599,959.442,1040.649,1065.246,1065.856,-0.045,-6.434
17.11.2021 19:30:04,-7.506,960.327,1039.306,1064.727,1064.971,-0.018,-6.259
17.11.2021 19:30:05,-7.408,960.815,1039.215,1065.216,1065.093,0.009,-6.212
17.11.2021 19:30:06,-7.307,961.364,1038.879,1064.483,1064.880,-0.029,-6.141
17.11.2021 19:30:07,-7.207,961.730,1037.628,1064.331,1064.056,0.020,-6.015
17.11.2021 19:30:08,-7.104,962.005,1037.384,1063.659,1063.873,-0.015,-5.974
17.11.2021 19:30:09,-7.001,962.341,1037.017,1063.385,1063.690,-0.022,-5.919
17.11.2021 19:30:10,-6.908,963.104,1036.254,1063.323,1063.568,-0.018,-5.798
17.11.2021 19:30:11,-6.805,963.684,1035.949,1062.682,1062.927,-0.018,-5.727
17.11.2021 19:30:12,-6.697,963.775,1034.820,1062.408,1062.866,-0.034,-5.633
17.11.2021 19:30:13,-6.606,964.446,1034.057,1062.408,1062.438,-0.002,-5.520
17.11.2021 19:30:14,-6.506,964.996,1033.905,1061.798,1061.828,-0.002,-5.463
17.11.2021 19:30:15,-6.403,965.850,1032.684,1061.889,1061.828,0.004,-5.299
17.11.2021 19:30:16,-6.292,966.400,1032.684,1061.462,1061.584,-0.009,-5.254
17.11.2021 19:30:17,-6.207,967.041,1031.646,1060.760,1061.035,-0.020,-5.122
17.11.2021 19:30:18,-6.104,967.834,1030.975,1061.309,1060.546,0.056,-5.006
17.11.2021 19:30:19,-5.996,968.414,1029.815,1059.967,1060.211,-0.018,-4.869
17.11.2021 19:30:20,-5.905,969.207,1028.472,1060.363,1060.455,-0.006,-4.701
17.11.2021 19:30:21,-5.797,969.665,1027.679,1059.509,1059.936,-0.031,-4.603
17.11.2021 19:30:22,-5.699,970.153,1027.679,1059.570,1059.692,-0.009,-4.563
17.11.2021 19:30:23,-5.594,971.130,1026.794,1058.868,1059.173,-0.022,-4.415
17.11.2021 19:30:24,-5.503,971.710,1025.817,1058.898,1058.532,0.027,-4.292
17.11.2021 19:30:25,-5.395,972.259,1024.902,1058.349,1058.380,-0.002,-4.177
17.11.2021 19:30:26,-5.300,973.022,1024.292,1058.410,1058.746,-0.025,-4.068
17.11.2021 19:30:27,-5.194,973.052,1023.712,1058.013,1057.830,0.013,-4.020
17.11.2021 19:30:28,-5.096,973.754,1022.705,1058.044,1057.952,0.006,-3.885
17.11.2021 19:30:29,-5.003,974.578,1021.820,1058.105,1057.769,0.025,-3.750
17.11.2021 19:30:30,-4.893,974.517,1021.209,1057.403,1057.586,-0.013,-3.707
17.11.2021 19:30:31,-4.792,975.463,1020.691,1057.464,1057.739,-0.020,-3.590
17.11.2021 19:30:32,-4.692,975.372,1019.836,1057.098,1057.403,-0.022,-3.531
17.11.2021 19:30:33,-4.601,975.891,1019.592,1056.823,1057.556,-0.054,-3.470
17.11.2021 19:30:34,-4.501,976.348,1018.676,1056.945,1057.006,-0.004,-3.362
17.11.2021 19:30:35,-4.408,976.226,1018.005,1056.518,1056.823,-0.022,-3.320
17.11.2021 19:30:36,-4.307,976.684,1016.998,1056.274,1056.701,-0.032,-3.204
17.11.2021 19:30:37,-4.197,977.294,1016.052,1056.030,1056.182,-0.011,-3.081
17.11.2021 19:30:38,-4.106,977.569,1015.960,1055.938,1055.908,0.002,-3.051
17.11.2021 19:30:39,-4.001,978.454,1015.533,1055.847,1055.725,0.009,-2.946
17.11.2021 19:30:40,-3.905,978.576,1014.953,1055.542,1055.389,0.011,-2.891
17.11.2021 19:30:41,-3.802,978.942,1014.251,1055.755,1055.145,0.045,-2.807
17.11.2021 19:30:42,-3.699,979.034,1013.519,1055.999,1055.816,0.013,-2.742
17.11.2021 19:30:43,-3.609,978.851,1013.000,1054.962,1055.206,-0.018,-2.717
17.11.2021 19:30:44,-3.498,979.187,1013.275,1055.267,1055.328,-0.004,-2.711
17.11.2021 19:30:45,-3.405,979.766,1012.267,1054.992,1055.236,-0.018,-2.585
17.11.2021 19:30:46,-3.295,979.797,1011.566,1054.748,1055.297,-0.041,-2.528
17.11.2021 19:30:47,-3.197,980.255,1011.138,1054.595,1054.901,-0.022,-2.457
17.11.2021 19:30:48,-3.094,980.590,1010.864,1054.840,1054.931,-0.006,-2.409
17.11.2021 19:30:49,-3.003,980.987,1010.315,1054.290,1053.985,0.022,-2.334
17.11.2021 19:30:50,-2.903,982.055,1009.674,1054.565,1054.199,0.027,-2.197
17.11.2021 19:30:51,-2.802,982.025,1009.246,1054.138,1053.985,0.011,-2.166
17.11.2021 19:30:52,-2.707,982.666,1009.582,1053.924,1053.985,-0.004,-2.141
17.11.2021 19:30:53,-2.606,982.849,1008.789,1054.382,1053.741,0.048,-2.064
17.11.2021 19:30:54,-2.496,983.428,1008.514,1054.107,1054.382,-0.020,-1.995
17.11.2021 19:30:56,-2.393,984.008,1008.148,1054.687,1053.619,0.080,-1.920
17.11.2021 19:30:57,-2.295,984.039,1007.690,1054.046,1054.046,0.000,-1.881
17.11.2021 19:30:59,-2.192,984.985,1007.263,1053.924,1054.260,-0.025,-1.772
17.11.2021 19:31:00,-2.101,985.473,1006.774,1054.015,1053.772,0.018,-1.694
17.11.2021 19:31:01,-1.996,985.931,1006.683,1053.588,1053.497,0.006,-1.650
17.11.2021 19:31:02,-1.908,986.511,1005.767,1053.161,1053.436,-0.020,-1.531
17.11.2021 19:31:03,-1.792,987.518,1005.340,1053.588,1053.466,0.009,-1.417
17.11.2021 19:31:04,-1.707,987.091,1004.943,1053.314,1052.856,0.034,-1.420
17.11.2021 19:31:05,-1.609,987.548,1004.638,1053.833,1053.192,0.048,-1.359
17.11.2021 19:31:06,-1.508,988.494,1004.272,1054.077,1053.527,0.041,-1.254
17.11.2021 19:31:07,-1.398,988.952,1003.265,1053.131,1053.283,-0.011,-1.138
17.11.2021 19:31:08,-1.300,989.440,1002.563,1052.795,1053.314,-0.039,-1.043
17.11.2021 19:31:09,-1.207,989.502,1002.471,1053.100,1053.070,0.002,-1.031
17.11.2021 19:31:10,-1.101,990.203,1001.770,1052.734,1053.100,-0.027,-0.920
17.11.2021 19:31:11,-0.998,990.936,1000.854,1053.039,1053.314,-0.020,-0.789
17.11.2021 19:31:12,-0.905,991.424,1001.129,1052.734,1052.429,0.022,-0.771
17.11.2021 19:31:13,-0.790,992.004,1000.671,1052.490,1052.703,-0.016,-0.689
17.11.2021 19:31:14,-0.702,992.431,999.298,1052.703,1052.917,-0.016,-0.546
17.11.2021 19:31:15,-0.604,992.889,999.206,1052.825,1053.009,-0.013,-0.502
17.11.2021 19:31:16,-0.493,993.804,999.175,1052.917,1053.314,-0.029,-0.427
17.11.2021 19:31:17,-0.405,994.049,998.443,1053.436,1052.795,0.048,-0.349
17.11.2021 19:31:18,-0.302,994.445,997.802,1052.825,1053.344,-0.039,-0.267
17.11.2021 19:31:19,-0.194,995.361,997.192,1052.520,1053.131,-0.045,-0.145
17.11.2021 19:31:20,-0.094,996.032,996.704,1052.764,1053.039,-0.020,-0.053
17.11.2021 19:31:21,0.004,997.436,996.643,1052.856,1053.161,-0.022,0.063
17.11.2021 19:31:22,0.107,998.046,996.154,1052.520,1052.795,-0.020,0.150
17.11.2021 19:31:23,0.200,998.809,995.605,1052.978,1053.436,-0.034,0.254
17.11.2021 19:31:24,0.293,999.420,995.910,1053.558,1052.917,0.048,0.278
17.11.2021 19:31:25,0.391,999.938,994.689,1053.497,1053.710,-0.016,0.417
17.11.2021 19:31:26,0.494,1001.068,994.232,1053.955,1053.375,0.043,0.542
17.11.2021 19:31:27,0.595,1001.739,993.438,1053.680,1053.558,0.009,0.659
17.11.2021 19:31:28,0.700,1001.678,993.347,1053.497,1054.351,-0.064,0.661
17.11.2021 19:31:29,0.798,1002.685,992.584,1053.649,1053.893,-0.018,0.802
17.11.2021 19:31:30,0.901,1003.906,991.912,1053.863,1054.229,-0.027,0.952
17.11.2021 19:31:31,0.992,1004.699,991.241,1053.802,1054.107,-0.022,1.068
17.11.2021 19:31:32,1.107,1005.279,990.844,1053.680,1054.168,-0.036,1.146
17.11.2021 19:31:33,1.195,1005.828,990.173,1053.894,1054.198,-0.022,1.243
17.11.2021 19:31:34,1.306,1006.347,989.318,1054.107,1054.321,-0.016,1.352
17.11.2021 19:31:35,1.401,1007.018,989.074,1054.473,1054.321,0.011,1.424
17.11.2021 19:31:36,1.504,1008.148,988.067,1054.534,1054.473,0.004,1.594
17.11.2021 19:31:37,1.607,1008.239,987.915,1054.260,1053.924,0.025,1.613
17.11.2021 19:31:38,1.693,1009.216,987.426,1054.931,1054.565,0.027,1.729
17.11.2021 19:31:39,1.808,1009.368,986.633,1054.809,1054.992,-0.013,1.805
17.11.2021 19:31:40,1.894,1009.399,985.626,1054.870,1054.962,-0.006,1.888
17.11.2021 19:31:41,2.002,1010.467,985.107,1055.175,1054.565,0.045,2.013
17.11.2021 19:31:42,2.100,1010.986,984.954,1055.511,1055.359,0.011,2.066
17.11.2021 19:31:43,2.198,1010.803,984.649,1055.541,1055.602,-0.004,2.077
17.11.2021 19:31:44,2.303,1011.840,983.184,1055.694,1055.358,0.025,2.276
17.11.2021 19:31:45,2.401,1012.023,983.337,1055.938,1055.664,0.020,2.278
17.11.2021 19:31:46,2.502,1012.512,982.482,1055.358,1055.999,-0.048,2.385
17.11.2021 19:31:47,2.605,1013.000,982.483,1055.969,1055.969,0.000,2.423
17.11.2021 19:31:49,2.695,1013.610,981.719,1055.938,1056.213,-0.020,2.532
17.11.2021 19:31:50,2.806,1014.465,981.384,1056.518,1056.457,0.004,2.626
17.11.2021 19:31:51,2.896,1014.434,981.414,1056.640,1056.762,-0.009,2.621
17.11.2021 19:31:52,2.994,1015.136,980.682,1056.640,1057.006,-0.027,2.735
17.11.2021 19:31:53,3.095,1015.686,980.499,1057.708,1056.640,0.080,2.793
17.11.2021 19:31:54,3.195,1016.021,980.316,1057.464,1057.189,0.020,2.834
17.11.2021 19:31:55,3.296,1016.876,979.553,1057.678,1057.403,0.020,2.962
17.11.2021 19:31:56,3.406,1016.693,979.583,1057.800,1057.250,0.041,2.946
17.11.2021 19:31:57,3.502,1017.761,979.278,1058.074,1058.014,0.004,3.053
17.11.2021 19:31:58,3.595,1017.791,978.576,1058.410,1058.074,0.025,3.113
17.11.2021 19:31:59,3.705,1018.615,978.393,1058.807,1058.319,0.036,3.191
17.11.2021 19:32:00,3.801,1019.348,978.301,1058.563,1058.868,-0.022,3.256
17.11.2021 19:32:01,3.894,1020.172,977.661,1059.387,1058.532,0.063,3.372
17.11.2021 19:32:02,3.999,1020.141,977.599,1059.051,1059.142,-0.006,3.374
17.11.2021 19:32:03,4.105,1020.874,977.264,1059.539,1059.448,0.006,3.458
17.11.2021 19:32:04,4.198,1021.789,977.020,1059.570,1059.906,-0.025,3.549
17.11.2021 19:32:05,4.306,1022.979,976.654,1059.997,1060.241,-0.018,3.671
17.11.2021 19:32:06,4.396,1024.139,976.257,1060.608,1060.485,0.009,3.793
17.11.2021 19:32:07,4.499,1023.773,976.257,1060.760,1060.974,-0.015,3.765
17.11.2021 19:32:08,4.597,1024.627,975.952,1061.248,1060.882,0.027,3.855
17.11.2021 19:32:09,4.705,1025.695,975.891,1061.798,1061.370,0.031,3.943
17.11.2021 19:32:10,4.803,1026.214,975.524,1061.859,1062.347,-0.036,4.013
17.11.2021 19:32:11,4.904,1026.550,974.609,1062.622,1061.950,0.050,4.113
17.11.2021 19:32:12,5.002,1027.435,974.639,1062.744,1062.164,0.043,4.179
17.11.2021 19:32:13,5.107,1027.832,973.632,1062.652,1062.316,0.025,4.291
17.11.2021 19:32:14,5.208,1028.930,974.548,1063.690,1062.927,0.056,4.301
17.11.2021 19:32:15,5.293,1029.388,973.449,1063.568,1063.659,-0.006,4.426
17.11.2021 19:32:16,5.396,1030.304,972.778,1064.331,1063.201,0.084,4.551
17.11.2021 19:32:17,5.497,1030.853,972.717,1064.331,1063.720,0.045,4.598
17.11.2021 19:32:18,5.607,1031.799,971.710,1064.636,1064.331,0.022,4.753
17.11.2021 19:32:19,5.708,1032.012,971.862,1064.605,1064.422,0.013,4.757
17.11.2021 19:32:20,5.798,1033.264,971.527,1064.971,1064.788,0.013,4.880
17.11.2021 19:32:21,5.896,1033.752,971.038,1066.070,1065.307,0.056,4.957
17.11.2021 19:32:22,6.007,1034.698,970.825,1065.734,1065.582,0.011,5.047
17.11.2021 19:32:23,6.092,1035.919,970.153,1066.009,1065.948,0.004,5.195
17.11.2021 19:32:24,6.203,1036.560,970.245,1067.047,1066.192,0.063,5.236
17.11.2021 19:32:25,6.296,1037.322,970.092,1067.108,1066.528,0.043,5.307
17.11.2021 19:32:26,6.394,1038.299,969.116,1067.718,1067.626,0.006,5.461
17.11.2021 19:32:27,6.492,1039.520,968.872,1067.840,1067.688,0.011,5.574
17.11.2021 19:32:28,6.597,1040.069,968.322,1068.328,1068.328,0.000,5.661
17.11.2021 19:32:29,6.698,1041.107,967.529,1068.664,1068.115,0.040,5.805
17.11.2021 19:32:30,6.806,1041.961,967.041,1068.969,1068.390,0.042,5.910
17.11.2021 19:32:31,6.899,1043.090,966.644,1069.915,1069.335,0.042,6.028
17.11.2021 19:32:32,7.002,1043.609,965.911,1069.458,1069.396,0.004,6.127
17.11.2021 19:32:33,7.107,1044.952,965.087,1070.526,1070.373,0.011,6.296
17.11.2021 19:32:34,7.195,1045.593,965.209,1070.953,1070.434,0.038,6.335
17.11.2021 19:32:35,7.296,1047.149,964.141,1071.533,1070.648,0.065,6.540
17.11.2021 19:32:36,7.406,1047.973,963.409,1071.380,1070.861,0.038,6.662
17.11.2021 19:32:37,7.502,1048.706,962.982,1071.960,1071.899,0.004,6.753
17.11.2021 19:32:38,7.605,1049.957,962.097,1072.326,1072.174,0.011,6.920
17.11.2021 19:32:39,7.698,1050.720,961.181,1072.692,1072.509,0.013,7.052
17.11.2021 19:32:40,7.796,1051.879,961.242,1073.150,1073.059,0.006,7.135
17.11.2021 19:32:41,7.906,1052.307,960.357,1073.883,1073.058,0.060,7.240
17.11.2021 19:32:42,8.002,1053.100,959.686,1074.493,1074.035,0.033,7.355
17.11.2021 19:32:45,8.100,1053.527,958.648,1074.767,1074.584,0.013,7.472
17.11.2021 19:32:46,8.193,1054.016,958.099,1075.347,1074.981,0.026,7.554
17.11.2021 19:32:47,8.301,1054.534,957.519,1075.500,1075.439,0.004,7.641
17.11.2021 19:32:49,8.401,1055.206,956.390,1076.171,1075.317,0.062,7.784
17.11.2021 19:32:50,8.502,1056.518,955.993,1075.988,1076.141,-0.011,7.915
17.11.2021 19:32:51,8.597,1056.701,955.505,1076.660,1076.446,0.015,7.970
17.11.2021 19:32:52,8.708,1057.739,954.650,1077.270,1076.416,0.062,8.118
17.11.2021 19:32:53,8.803,1058.074,954.040,1077.728,1076.782,0.069,8.193
17.11.2021 19:32:54,8.894,1059.020,953.643,1078.125,1077.239,0.065,8.297
17.11.2021 19:32:55,9.004,1059.661,953.399,1078.491,1078.216,0.020,8.365
17.11.2021 19:32:56,9.105,1060.180,952.667,1079.223,1078.338,0.065,8.464
17.11.2021 19:32:57,9.208,1060.058,952.361,1079.589,1078.521,0.078,8.481
17.11.2021 19:32:58,9.301,1060.882,951.782,1080.322,1079.711,0.044,8.590
17.11.2021 19:32:59,9.406,1061.676,951.141,1080.718,1080.261,0.033,8.702
17.11.2021 19:33:00,9.499,1062.408,951.141,1080.902,1080.688,0.015,8.757
17.11.2021 19:33:01,9.605,1063.293,950.561,1081.664,1081.176,0.035,8.871
17.11.2021 19:33:02,9.705,1063.934,949.798,1082.275,1081.481,0.058,8.982
17.11.2021 19:33:03,9.793,1064.453,949.371,1082.580,1082.397,0.013,9.056
17.11.2021 19:33:04,9.899,1065.063,948.760,1083.373,1082.397,0.071,9.152
17.11.2021 19:33:05,9.999,1065.948,948.791,1083.465,1083.038,0.031,9.215
17.11.2021 19:33:06,10.102,1066.406,947.692,1083.587,1083.312,0.020,9.340
17.11.2021 19:33:07,10.203,1067.718,947.753,1084.320,1084.167,0.011,9.432
17.11.2021 19:33:08,10.293,1067.993,947.326,1084.838,1084.167,0.049,9.488
17.11.2021 19:33:09,10.394,1068.908,947.357,1085.357,1085.143,0.015,9.553
17.11.2021 19:33:10,10.504,1069.854,946.899,1085.540,1084.930,0.044,9.661
17.11.2021 19:33:11,10.607,1070.617,945.983,1086.517,1085.662,0.062,9.794
17.11.2021 19:33:12,10.705,1070.922,945.831,1086.669,1086.090,0.042,9.829
17.11.2021 19:33:13,10.793,1071.594,945.007,1087.463,1085.968,0.109,9.948
17.11.2021 19:33:14,10.906,1072.601,944.640,1088.104,1086.853,0.091,10.052
17.11.2021 19:33:15,11.007,1073.394,943.969,1088.195,1087.707,0.035,10.167
17.11.2021 19:33:16,11.095,1073.760,943.237,1088.592,1087.829,0.055,10.255
17.11.2021 19:33:17,11.198,1074.340,942.596,1088.714,1088.470,0.017,10.351
17.11.2021 19:33:18,11.306,1075.531,942.169,1089.599,1089.080,0.037,10.474
17.11.2021 19:33:19,11.401,1076.324,941.101,1090.362,1089.782,0.042,10.622
17.11.2021 19:33:20,11.504,1077.148,940.033,1089.996,1089.416,0.042,10.772
17.11.2021 19:33:21,11.600,1078.064,940.063,1090.454,1089.935,0.037,10.836
17.11.2021 19:33:22,11.705,1078.064,938.934,1090.881,1090.454,0.031,10.931
17.11.2021 19:33:23,11.801,1079.040,938.415,1091.339,1090.881,0.033,11.046
17.11.2021 19:33:24,11.896,1079.895,937.683,1091.522,1090.759,0.055,11.170
17.11.2021 19:33:25,11.992,1081.024,937.011,1091.857,1091.522,0.024,11.309
17.11.2021 19:33:26,12.092,1082.061,936.309,1092.926,1091.918,0.073,11.444
17.11.2021 19:33:27,12.200,1082.672,935.394,1092.590,1091.919,0.048,11.565
17.11.2021 19:33:28,12.303,1083.862,934.967,1093.261,1093.231,0.002,11.688
17.11.2021 19:33:29,12.394,1085.174,933.898,1094.055,1093.383,0.048,11.873
17.11.2021 19:33:30,12.507,1085.540,933.685,1094.604,1093.688,0.066,11.918
17.11.2021 19:33:31,12.597,1086.517,932.800,1095.001,1094.390,0.044,12.063
17.11.2021 19:33:32,12.703,1087.554,931.396,1095.672,1094.482,0.086,12.257
17.11.2021 19:33:34,12.798,1088.165,931.152,1095.580,1095.153,0.030,12.322
17.11.2021 19:33:35,12.891,1089.752,930.114,1095.977,1095.916,0.004,12.525
17.11.2021 19:33:36,12.999,1089.996,929.168,1096.832,1095.550,0.092,12.622
17.11.2021 19:33:37,13.092,1091.217,928.222,1096.923,1096.435,0.035,12.791
17.11.2021 19:33:38,13.195,1092.162,927.276,1097.900,1096.801,0.079,12.939
17.11.2021 19:33:39,13.298,1092.895,925.994,1097.808,1097.229,0.041,13.101
17.11.2021 19:33:40,13.401,1093.902,925.323,1098.480,1097.869,0.044,13.230
17.11.2021 19:33:41,13.504,1095.153,924.133,1098.724,1097.839,0.063,13.422
17.11.2021 19:33:42,13.597,1096.466,922.821,1099.609,1098.236,0.099,13.628
17.11.2021 19:33:43,13.703,1096.984,922.180,1099.578,1098.724,0.061,13.719
17.11.2021 19:33:44,13.798,1097.595,920.684,1099.945,1099.273,0.048,13.891
17.11.2021 19:33:45,13.904,1098.785,919.860,1099.639,1099.548,0.006,14.046
17.11.2021 19:33:46,13.997,1099.792,918.365,1100.311,1099.853,0.032,14.246
17.11.2021 19:33:47,14.105,1100.372,917.510,1100.891,1100.219,0.048,14.361
17.11.2021 19:33:48,14.198,1101.776,916.412,1101.257,1100.860,0.028,14.555
17.11.2021 19:33:49,14.301,1102.935,914.916,1102.172,1101.379,0.057,14.766
17.11.2021 19:33:50,14.394,1102.935,913.787,1102.386,1101.654,0.052,14.863
17.11.2021 19:33:51,14.497,1104.370,913.360,1102.264,1101.959,0.021,15.002
17.11.2021 19:33:52,14.595,1104.644,911.895,1103.149,1102.325,0.059,15.148
17.11.2021 19:33:53,14.700,1105.468,910.827,1103.210,1102.416,0.057,15.298
17.11.2021 19:33:54,14.796,1106.262,909.240,1103.424,1103.210,0.015,15.491
17.11.2021 19:33:55,14.894,1106.781,908.386,1104.309,1103.027,0.092,15.602
17.11.2021 19:33:56,15.002,1107.513,908.111,1103.881,1103.851,0.002,15.677
17.11.2021 19:33:57,15.100,1108.306,906.555,1104.797,1104.339,0.032,15.868
17.11.2021 19:33:58,15.198,1108.398,905.548,1105.102,1104.248,0.061,15.962
17.11.2021 19:33:59,15.298,1108.276,904.968,1105.529,1104.919,0.043,16.004
17.11.2021 19:34:00,15.394,1109.436,903.747,1105.895,1104.522,0.098,16.191
17.11.2021 19:34:01,15.492,1110.138,903.289,1105.804,1104.919,0.063,16.281
17.11.2021 19:34:02,15.592,1110.290,901.672,1106.170,1105.468,0.050,16.432
17.11.2021 19:34:03,15.693,1111.266,900.604,1106.292,1105.926,0.026,16.594
17.11.2021 19:34:04,15.798,1111.266,899.902,1106.750,1105.438,0.093,16.655
17.11.2021 19:34:05,15.904,1111.694,898.925,1107.055,1106.139,0.065,16.770
17.11.2021 19:34:06,16.004,1112.091,898.742,1107.544,1106.384,0.083,16.814
17.11.2021 19:34:07,16.097,1112.792,898.162,1107.543,1106.719,0.058,16.914
17.11.2021 19:34:08,16.198,1112.792,896.240,1107.727,1106.933,0.056,17.082
17.11.2021 19:34:09,16.293,1113.677,895.385,1108.184,1107.025,0.082,17.219
17.11.2021 19:34:10,16.401,1114.715,894.561,1108.520,1107.360,0.082,17.364
17.11.2021 19:34:11,16.497,1114.440,893.646,1108.856,1107.391,0.104,17.425
17.11.2021 19:34:12,16.592,1114.776,892.913,1108.489,1107.726,0.054,17.512
17.11.2021 19:34:13,16.700,1115.600,891.845,1109.222,1107.940,0.091,17.664
17.11.2021 19:34:14,16.801,1116.119,890.960,1109.375,1108.093,0.091,17.778
17.11.2021 19:34:15,16.891,1116.577,889.740,1108.428,1108.062,0.026,17.917
17.11.2021 19:34:16,16.997,1117.340,888.824,1109.313,1108.093,0.087,18.051
17.11.2021 19:34:17,17.102,1117.797,887.573,1108.642,1107.574,0.076,18.193
17.11.2021 19:34:18,17.195,1118.621,887.237,1109.130,1108.459,0.047,18.281
17.11.2021 19:34:19,17.293,1119.049,885.803,1109.741,1108.184,0.111,18.437
17.11.2021 19:34:20,17.394,1119.506,884.704,1109.680,1108.428,0.089,18.566
17.11.2021 19:34:21,17.492,1120.544,883.789,1110.015,1108.398,0.115,18.719
17.11.2021 19:34:22,17.600,1120.513,882.568,1110.137,1108.795,0.095,18.825
17.11.2021 19:34:23,17.703,1121.185,881.469,1110.260,1108.612,0.117,18.969
17.11.2021 19:34:24,17.808,1122.253,880.126,1109.802,1108.795,0.071,19.163
17.11.2021 19:34:25,17.891,1122.131,878.906,1110.076,1108.489,0.113,19.263
17.11.2021 19:34:26,17.992,1123.108,877.868,1109.252,1108.703,0.039,19.423
17.11.2021 19:34:28,18.105,1123.412,876.342,1110.412,1108.795,0.115,19.580
17.11.2021 19:34:29,18.203,1124.633,875.640,1109.954,1108.703,0.089,19.727
17.11.2021 19:34:31,18.306,1125.091,873.992,1109.710,1108.123,0.113,19.905
17.11.2021 19:34:32,18.401,1125.762,872.772,1110.137,1108.886,0.089,20.061
17.11.2021 19:34:33,18.497,1126.525,872.100,1109.771,1108.429,0.095,20.174
17.11.2021 19:34:35,18.605,1126.953,870.147,1110.137,1108.337,0.128,20.378
17.11.2021 19:34:36,18.703,1127.563,869.262,1110.046,1108.489,0.111,20.500
17.11.2021 19:34:37,18.803,1128.875,867.462,1110.321,1108.276,0.146,20.752
17.11.2021 19:34:38,18.904,1129.394,866.515,1110.260,1108.337,0.137,20.872
17.11.2021 19:34:39,18.992,1129.272,865.356,1110.595,1108.398,0.156,20.968
17.11.2021 19:34:40,19.095,1130.188,863.738,1110.290,1108.429,0.132,21.177
17.11.2021 19:34:41,19.198,1131.042,862.091,1110.076,1108.489,0.113,21.384
17.11.2021 19:34:42,19.301,1131.408,861.328,1109.283,1108.184,0.078,21.478
17.11.2021 19:34:43,19.391,1132.476,859.283,1109.314,1107.971,0.095,21.737
17.11.2021 19:34:44,19.497,1132.690,858.276,1109.161,1107.696,0.104,21.843
17.11.2021 19:34:45,19.595,1133.758,856.994,1108.795,1107.635,0.082,22.032
17.11.2021 19:34:46,19.695,1134.216,854.980,1109.100,1106.903,0.157,22.246
17.11.2021 19:34:47,19.803,1134.490,854.309,1108.459,1107.360,0.078,22.326
17.11.2021 19:34:48,19.896,1135.284,852.661,1108.489,1106.689,0.128,22.530
17.11.2021 19:34:49,20.002,1136.474,851.104,1109.039,1106.842,0.157,22.753
17.11.2021 19:34:50,20.105,1136.566,850.280,1108.306,1106.933,0.098,22.835
17.11.2021 19:34:51,20.195,1136.749,848.449,1108.062,1106.048,0.144,23.014
17.11.2021 19:34:52,20.303,1137.176,847.412,1108.093,1106.048,0.146,23.139
17.11.2021 19:34:53,20.394,1137.573,846.221,1107.971,1105.804,0.155,23.275
17.11.2021 19:34:54,20.492,1137.847,844.451,1107.543,1105.682,0.133,23.456
17.11.2021 19:34:55,20.607,1138.733,843.414,1107.757,1105.407,0.168,23.611
17.11.2021 19:34:56,20.693,1138.977,841.979,1107.574,1105.529,0.146,23.760
17.11.2021 19:34:57,20.803,1139.404,840.362,1107.086,1104.705,0.170,23.938
17.11.2021 19:34:58,20.894,1139.739,839.325,1106.994,1104.919,0.148,24.056
17.11.2021 19:34:59,20.999,1139.770,838.043,1106.750,1104.828,0.137,24.176
17.11.2021 19:35:00,21.100,1139.892,837.005,1106.750,1104.125,0.188,24.281
17.11.2021 19:35:01,21.208,1140.594,835.723,1106.719,1104.400,0.166,24.447
17.11.2021 19:35:02,21.296,1140.899,834.045,1106.414,1104.217,0.157,24.623
17.11.2021 19:35:03,21.394,1140.686,833.099,1106.048,1103.851,0.157,24.696
17.11.2021 19:35:04,21.507,1140.441,831.390,1105.834,1103.820,0.144,24.838
17.11.2021 19:35:05,21.597,1140.960,830.230,1105.499,1103.546,0.140,24.981
17.11.2021 19:35:06,21.693,1140.838,828.949,1105.255,1102.874,0.170,25.092
17.11.2021 19:35:07,21.798,1141.479,827.423,1104.583,1102.660,0.138,25.278
17.11.2021 19:35:08,21.901,1141.113,826.354,1103.912,1102.508,0.100,25.353
17.11.2021 19:35:09,21.999,1141.418,825.103,1104.339,1101.959,0.170,25.491
17.11.2021 19:35:10,22.105,1141.082,823.822,1103.607,1101.623,0.142,25.588
17.11.2021 19:35:11,22.195,1141.937,822.692,1103.515,1101.135,0.171,25.752
17.11.2021 19:35:12,22.293,1141.662,821.319,1102.813,1100.982,0.131,25.862
17.11.2021 19:35:13,22.396,1142.608,820.434,1103.118,1100.463,0.190,26.009
17.11.2021 19:35:14,22.499,1141.693,819.671,1102.813,1100.006,0.201,26.019
17.11.2021 19:35:15,22.595,1141.998,818.817,1102.478,1100.097,0.171,26.120
17.11.2021 19:35:16,22.705,1141.998,817.352,1102.386,1099.517,0.206,26.258
17.11.2021 19:35:17,22.798,1142.242,816.650,1102.355,1099.029,0.239,26.341
17.11.2021 19:35:19,22.891,1142.089,815.551,1102.142,1098.815,0.239,26.434
17.11.2021 19:35:20,22.992,1142.272,814.208,1101.654,1098.144,0.252,26.573
17.11.2021 19:35:21,23.100,1141.906,813.049,1100.555,1098.114,0.175,26.658
17.11.2021 19:35:22,23.193,1142.547,812.011,1100.311,1098.052,0.162,26.800
17.11.2021 19:35:23,23.296,1141.937,811.126,1100.189,1097.625,0.184,26.843
17.11.2021 19:35:24,23.396,1142.059,809.997,1100.036,1097.351,0.193,26.958
17.11.2021 19:35:25,23.494,1142.578,808.868,1099.456,1097.167,0.165,27.100
17.11.2021 19:35:26,23.592,1142.059,808.258,1099.487,1096.649,0.204,27.123
17.11.2021 19:35:27,23.693,1142.730,807.312,1098.937,1096.374,0.185,27.259
17.11.2021 19:35:28,23.791,1142.913,805.603,1098.175,1095.916,0.163,27.434
17.11.2021 19:35:29,23.896,1142.761,804.565,1098.327,1095.153,0.229,27.523
17.11.2021 19:35:30,23.987,1143.493,803.344,1098.114,1095.520,0.187,27.689
17.11.2021 19:35:31,24.092,1143.096,802.429,1097.473,1094.909,0.185,27.750
17.11.2021 19:35:32,24.198,1143.676,801.574,1096.984,1094.757,0.161,27.870
17.11.2021 19:35:33,24.298,1144.043,800.598,1097.015,1094.451,0.185,27.989
17.11.2021 19:35:34,24.399,1144.042,799.102,1096.740,1093.994,0.198,28.132
17.11.2021 19:35:35,24.494,1143.981,798.095,1096.221,1094.238,0.143,28.225
17.11.2021 19:35:36,24.590,1144.805,797.058,1096.008,1093.353,0.192,28.380
17.11.2021 19:35:37,24.700,1144.897,795.501,1095.703,1092.834,0.207,28.536
17.11.2021 19:35:38,24.793,1145.507,794.952,1095.641,1093.139,0.181,28.630
17.11.2021 19:35:39,24.889,1145.996,793.182,1095.306,1092.315,0.216,28.833
17.11.2021 19:35:40,24.989,1146.179,792.083,1094.787,1091.461,0.241,28.951
17.11.2021 19:35:41,25.095,1146.331,791.015,1094.360,1091.430,0.212,29.065
17.11.2021 19:35:42,25.190,1146.362,789.520,1094.512,1091.308,0.232,29.212
17.11.2021 19:35:43,25.288,1147.064,789.215,1094.573,1091.430,0.227,29.288
17.11.2021 19:35:44,25.391,1147.308,787.292,1093.841,1090.240,0.261,29.491
17.11.2021 19:35:45,25.499,1147.918,786.346,1094.329,1090.423,0.283,29.624
17.11.2021 19:35:46,25.587,1147.003,785.095,1093.750,1090.484,0.236,29.685
17.11.2021 19:35:47,25.695,1147.216,783.172,1093.658,1089.385,0.310,29.886
17.11.2021 19:35:48,25.801,1148.010,782.196,1093.048,1089.569,0.252,30.034
17.11.2021 19:35:49,25.894,1147.674,780.853,1092.437,1089.111,0.241,30.143
17.11.2021 19:35:50,26.002,1148.101,780.151,1092.163,1088.958,0.232,30.240
17.11.2021 19:35:51,26.090,1148.101,778.778,1091.735,1088.775,0.215,30.375
17.11.2021 19:35:52,26.190,1148.406,777.954,1091.979,1088.897,0.223,30.476
17.11.2021 19:35:53,26.291,1148.406,777.038,1092.102,1088.592,0.255,30.566
17.11.2021 19:35:54,26.396,1149.017,775.878,1091.461,1088.745,0.197,30.720
17.11.2021 19:35:55,26.499,1149.108,774.688,1091.918,1088.470,0.250,30.843
17.11.2021 19:35:56,26.587,1149.231,773.620,1090.789,1087.738,0.222,30.957
17.11.2021 19:35:57,26.693,1148.956,772.583,1090.606,1087.738,0.208,31.041
17.11.2021 19:35:58,26.788,1149.109,771.301,1090.545,1087.158,0.246,31.177
17.11.2021 19:35:59,26.899,1148.986,770.111,1090.057,1087.249,0.204,31.287
17.11.2021 19:36:00,26.992,1148.803,768.890,1090.179,1087.280,0.211,31.396
17.11.2021 19:36:01,27.087,1148.925,768.249,1090.057,1086.609,0.251,31.467
17.11.2021 19:36:02,27.198,1149.139,766.784,1089.447,1086.791,0.193,31.627
17.11.2021 19:36:03,27.298,1149.291,766.479,1090.057,1086.547,0.255,31.667
17.11.2021 19:36:04,27.386,1148.925,765.625,1089.202,1085.845,0.244,31.728
17.11.2021 19:36:05,27.489,1148.956,764.404,1089.813,1086.303,0.255,31.851
17.11.2021 19:36:06,27.602,1148.223,763.092,1089.538,1085.754,0.275,31.933
17.11.2021 19:36:07,27.695,1148.101,762.359,1089.355,1085.265,0.298,31.998
17.11.2021 19:36:08,27.793,1148.437,760.894,1089.630,1085.418,0.306,32.166
17.11.2021 19:36:09,27.886,1147.888,760.040,1088.958,1085.357,0.262,32.215
17.11.2021 19:36:10,27.994,1147.857,759.368,1088.867,1085.510,0.244,32.280
17.11.2021 19:36:11,28.100,1147.857,758.209,1089.202,1085.571,0.264,32.397
17.11.2021 19:36:12,28.200,1147.430,756.958,1088.562,1084.838,0.271,32.494
17.11.2021 19:36:13,28.296,1147.460,756.378,1088.378,1085.144,0.235,32.554
17.11.2021 19:36:14,28.389,1147.277,754.760,1088.500,1084.594,0.284,32.704
17.11.2021 19:36:17,28.502,1146.820,753.784,1087.768,1084.259,0.256,32.772
17.11.2021 19:36:18,28.590,1146.667,753.387,1087.768,1083.801,0.289,32.802
17.11.2021 19:36:20,28.698,1146.606,751.495,1087.707,1083.801,0.285,32.989
17.11.2021 19:36:21,28.798,1145.812,751.434,1087.036,1083.923,0.227,32.942
17.11.2021 19:36:23,28.901,1145.538,750.091,1087.554,1083.374,0.305,33.060
17.11.2021 19:36:24,28.997,1145.782,749.267,1087.219,1083.404,0.278,33.159
17.11.2021 19:36:26,29.097,1144.500,748.352,1086.669,1083.618,0.222,33.167
17.11.2021 19:36:27,29.198,1144.714,747.100,1086.914,1083.129,0.276,33.308
17.11.2021 19:36:28,29.301,1144.195,746.582,1086.700,1082.824,0.283,33.326
17.11.2021 19:36:29,29.391,1143.615,746.185,1086.334,1083.038,0.240,33.328
17.11.2021 19:36:30,29.489,1143.157,744.384,1086.364,1083.099,0.238,33.481
17.11.2021 19:36:31,29.590,1142.730,744.018,1086.303,1082.397,0.285,33.490
17.11.2021 19:36:32,29.700,1142.028,743.041,1086.517,1082.427,0.298,33.542
17.11.2021 19:36:33,29.796,1142.608,742.187,1085.662,1081.970,0.269,33.668
17.11.2021 19:36:34,29.896,1141.845,741.546,1085.601,1081.787,0.278,33.683
17.11.2021 19:36:35,29.999,1141.540,740.753,1085.479,1081.634,0.281,33.744
17.11.2021 19:36:36,30.087,1141.235,739.593,1085.479,1081.298,0.305,33.842
17.11.2021 19:36:37,30.198,1140.899,738.952,1085.205,1081.176,0.294,33.885
17.11.2021 19:36:38,30.303,1140.625,737.731,1084.960,1080.963,0.292,33.992
17.11.2021 19:36:39,30.391,1140.411,737.091,1085.083,1080.230,0.355,34.043
17.11.2021 19:36:40,30.487,1140.411,736.572,1084.686,1080.902,0.276,34.097
17.11.2021 19:36:41,30.597,1140.533,734.863,1084.533,1080.444,0.299,34.280
17.11.2021 19:36:42,30.688,1140.441,734.527,1083.892,1079.681,0.308,34.309
17.11.2021 19:36:43,30.788,1140.441,733.154,1083.618,1080.169,0.252,34.450
17.11.2021 19:36:44,30.891,1140.258,732.421,1083.221,1079.284,0.288,34.513
17.11.2021 19:36:45,30.994,1139.984,731.353,1083.221,1078.887,0.317,34.605
17.11.2021 19:36:46,31.087,1140.533,729.888,1082.885,1078.125,0.349,34.793
17.11.2021 19:36:47,31.195,1140.350,729.034,1082.672,1078.399,0.313,34.869
17.11.2021 19:36:48,31.293,1140.197,727.661,1082.031,1077.239,0.351,35.001
17.11.2021 19:36:49,31.394,1140.014,726.898,1082.183,1077.270,0.360,35.068
17.11.2021 19:36:50,31.487,1140.197,725.921,1081.726,1077.209,0.331,35.182
17.11.2021 19:36:51,31.600,1140.136,724.395,1080.871,1076.690,0.307,35.336
17.11.2021 19:36:52,31.703,1140.228,723.541,1081.054,1076.019,0.369,35.431
17.11.2021 19:36:53,31.793,1139.617,722.473,1080.963,1076.232,0.347,35.502
17.11.2021 19:36:54,31.896,1139.648,720.886,1080.047,1075.439,0.338,35.669
17.11.2021 19:36:55,31.997,1139.312,720.062,1080.474,1075.042,0.399,35.733
17.11.2021 19:36:56,32.090,1139.312,719.146,1079.742,1075.012,0.347,35.829
17.11.2021 19:36:57,32.198,1139.129,718.017,1079.162,1074.096,0.372,35.935
17.11.2021 19:36:58,32.288,1138.763,716.430,1078.979,1074.127,0.357,36.077
17.11.2021 19:36:59,32.394,1138.336,715.515,1078.430,1073.516,0.361,36.145
17.11.2021 19:37:00,32.494,1137.542,714.080,1077.636,1072.570,0.373,36.243
17.11.2021 19:37:01,32.600,1137.176,712.493,1076.446,1071.960,0.330,36.386
17.11.2021 19:37:02,32.688,1136.718,711.242,1076.568,1071.533,0.371,36.488
17.11.2021 19:37:04,32.791,1136.291,710.205,1075.988,1070.587,0.398,36.569
17.11.2021 19:37:05,32.886,1135.742,709.106,1075.408,1070.892,0.333,36.649
17.11.2021 19:37:06,32.989,1135.070,707.794,1074.707,1069.702,0.369,36.743
17.11.2021 19:37:07,33.087,1134.399,706.970,1073.883,1068.603,0.390,36.786
17.11.2021 19:37:08,33.190,1133.758,705.993,1073.181,1068.176,0.370,36.848
17.11.2021 19:37:09,33.291,1132.904,704.742,1072.509,1067.596,0.363,36.924
17.11.2021 19:37:10,33.386,1132.720,703.918,1072.204,1066.406,0.429,37.000
17.11.2021 19:37:11,33.502,1132.080,702.636,1071.624,1066.345,0.391,37.094
17.11.2021 19:37:12,33.592,1131.561,701.354,1070.953,1065.582,0.398,37.196
17.11.2021 19:37:13,33.693,1131.164,700.408,1070.068,1064.697,0.398,37.271
17.11.2021 19:37:14,33.788,1130.279,698.852,1069.305,1063.842,0.405,37.379
17.11.2021 19:37:15,33.889,1129.302,697.845,1068.389,1062.744,0.419,37.422
17.11.2021 19:37:16,34.002,1128.295,696.624,1067.565,1062.225,0.397,37.486
17.11.2021 19:37:17,34.095,1127.472,695.495,1066.986,1061.981,0.372,37.553
17.11.2021 19:37:18,34.190,1126.892,694.244,1066.345,1060.211,0.457,37.649
17.11.2021 19:37:19,34.293,1126.037,693.023,1064.971,1059.356,0.418,37.724
17.11.2021 19:37:20,34.389,1125.274,691.955,1064.391,1058.868,0.412,37.789
17.11.2021 19:37:21,34.492,1123.809,690.704,1063.140,1057.556,0.417,37.827
17.11.2021 19:37:22,34.600,1123.230,689.666,1062.225,1056.823,0.403,37.900
17.11.2021 19:37:23,34.693,1121.734,688.140,1061.309,1055.267,0.452,37.966
17.11.2021 19:37:24,34.788,1121.093,687.103,1060.546,1054.778,0.432,38.036
17.11.2021 19:37:25,34.889,1119.628,685.485,1059.112,1053.771,0.400,38.115
17.11.2021 19:37:26,35.002,1118.774,684.936,1058.563,1052.581,0.449,38.118
17.11.2021 19:37:27,35.095,1118.438,683.654,1057.434,1052.032,0.405,38.235
17.11.2021 19:37:28,35.193,1116.638,681.976,1056.305,1050.842,0.410,38.298
17.11.2021 19:37:29,35.291,1115.539,681.152,1055.175,1049.377,0.436,38.315
17.11.2021 19:37:30,35.391,1114.685,680.053,1054.168,1048.889,0.397,38.378
17.11.2021 19:37:31,35.489,1113.494,678.924,1053.070,1047.363,0.430,38.422
17.11.2021 19:37:32,35.592,1112.487,678.009,1052.246,1046.813,0.410,38.456
17.11.2021 19:37:33,35.688,1111.206,676.483,1050.445,1045.867,0.346,38.538
17.11.2021 19:37:34,35.801,1110.198,675.567,1049.316,1043.975,0.404,38.571
17.11.2021 19:37:35,35.891,1109.252,674.407,1048.431,1043.090,0.404,38.636
17.11.2021 19:37:36,35.989,1108.428,673.614,1047.729,1042.114,0.425,38.668
17.11.2021 19:37:37,36.097,1107.055,672.515,1046.142,1040.588,0.421,38.697
17.11.2021 19:37:38,36.190,1106.079,671.386,1044.769,1039.031,0.436,38.757
17.11.2021 19:37:39,36.303,1105.163,670.135,1043.823,1038.177,0.429,38.834
17.11.2021 19:37:40,36.386,1104.247,668.914,1042.663,1037.109,0.423,38.908
17.11.2021 19:37:41,36.489,1103.576,668.029,1041.442,1036.468,0.379,38.961
17.11.2021 19:37:42,36.587,1102.752,666.839,1040.740,1035.278,0.416,39.038
17.11.2021 19:37:43,36.695,1101.013,665.710,1039.428,1033.691,0.438,39.047
17.11.2021 19:37:44,36.798,1100.250,664.672,1038.024,1032.409,0.429,39.112
17.11.2021 19:37:45,36.894,1099.761,663.787,1037.231,1031.128,0.467,39.178
17.11.2021 19:37:46,37.002,1098.663,662.902,1035.308,1030.120,0.398,39.203
17.11.2021 19:37:47,37.102,1098.144,660.980,1034.576,1028.839,0.440,39.383
17.11.2021 19:37:48,37.195,1096.771,660.064,1033.111,1027.465,0.434,39.393
17.11.2021 19:37:49,37.288,1096.008,658.447,1031.799,1026.641,0.397,39.524
17.11.2021 19:37:50,37.394,1095.123,656.921,1030.578,1024.505,0.468,39.636
17.11.2021 19:37:51,37.492,1094.207,655.731,1029.388,1023.895,0.423,39.709
17.11.2021 19:37:52,37.592,1093.200,654.205,1027.892,1022.125,0.445,39.814
17.11.2021 19:37:53,37.690,1092.407,653.411,1026.702,1021.484,0.403,39.850
17.11.2021 19:37:54,37.801,1091.400,651.397,1025.573,1019.531,0.468,40.010
17.11.2021 19:37:55,37.894,1090.667,649.963,1023.895,1019.012,0.378,40.124
17.11.2021 19:37:56,37.989,1089.752,648.529,1022.003,1017.151,0.377,40.226
17.11.2021 19:37:57,38.095,1089.263,646.881,1020.782,1016.235,0.353,40.381
17.11.2021 19:37:58,38.203,1088.195,645.538,1020.355,1014.678,0.442,40.462
17.11.2021 19:37:59,38.301,1086.822,644.439,1018.585,1013.580,0.390,40.495
17.11.2021 19:38:00,38.394,1086.181,642.669,1017.059,1012.176,0.381,40.655
17.11.2021 19:38:01,38.489,1084.838,641.510,1015.869,1011.291,0.357,40.697
17.11.2021 19:38:02,38.587,1083.679,640.472,1014.923,1009.796,0.401,40.738
17.11.2021 19:38:04,38.703,1082.641,638.366,1013.061,1008.300,0.373,40.910
17.11.2021 19:38:05,38.791,1081.207,636.566,1011.840,1006.683,0.404,41.021
17.11.2021 19:38:06,38.896,1079.406,635.070,1010.498,1005.584,0.386,41.072
17.11.2021 19:38:08,38.987,1078.307,633.697,1009.094,1003.661,0.427,41.157
17.11.2021 19:38:09,39.092,1076.690,631.958,1007.507,1002.593,0.387,41.249
17.11.2021 19:38:11,39.203,1075.622,630.065,1006.103,1000.793,0.419,41.397
17.11.2021 19:38:12,39.291,1073.669,629.089,1004.486,999.298,0.410,41.377
17.11.2021 19:38:13,39.401,1072.662,627.258,1003.356,998.657,0.372,41.523
17.11.2021 19:38:14,39.487,1071.380,625.976,1001.983,997.192,0.379,41.586
17.11.2021 19:38:15,39.587,1069.702,624.389,1000.427,995.788,0.368,41.658
17.11.2021 19:38:16,39.688,1068.176,622.955,999.237,994.628,0.366,41.722
17.11.2021 19:38:17,39.793,1066.528,621.337,997.222,992.492,0.376,41.800
17.11.2021 19:38:18,39.886,1065.063,619.720,996.551,991.790,0.379,41.891
17.11.2021 19:38:19,40.002,1063.232,618.011,994.903,990.051,0.387,41.967
17.11.2021 19:38:20,40.095,1061.676,616.760,993.316,988.799,0.361,42.009
17.11.2021 19:38:21,40.198,1060.150,614.898,991.943,987.213,0.378,42.125
17.11.2021 19:38:22,40.296,1058.410,613.281,989.929,986.114,0.305,42.198
17.11.2021 19:38:23,40.396,1057.159,611.694,988.952,984.649,0.345,42.302
17.11.2021 19:38:24,40.499,1055.328,610.687,987.487,983.001,0.360,42.296
17.11.2021 19:38:25,40.595,1053.588,608.520,985.900,981.567,0.349,42.436
17.11.2021 19:38:26,40.700,1051.757,606.597,984.405,980.255,0.334,42.541
17.11.2021 19:38:27,40.801,1050.628,605.529,983.001,979.187,0.308,42.591
17.11.2021 19:38:28,40.901,1049.346,604.553,982.208,977.508,0.380,42.620
17.11.2021 19:38:29,41.002,1046.966,603.088,980.316,976.409,0.316,42.632
17.11.2021 19:38:30,41.100,1046.325,601.379,979.186,974.883,0.348,42.795
17.11.2021 19:38:31,41.200,1044.006,599.975,977.355,973.205,0.337,42.804
17.11.2021 19:38:32,41.303,1042.755,599.212,976.562,972.473,0.332,42.809
17.11.2021 19:38:33,41.396,1040.649,597.351,974.823,971.099,0.303,42.889
17.11.2021 19:38:34,41.499,1039.306,596.313,973.358,969.940,0.278,42.922
17.11.2021 19:38:35,41.587,1037.140,594.818,972.473,968.322,0.338,42.953
17.11.2021 19:38:36,41.703,1036.224,593.566,971.191,967.651,0.289,43.043
17.11.2021 19:38:37,41.801,1034.607,592.224,970.153,965.209,0.404,43.094
17.11.2021 19:38:38,41.886,1032.684,591.308,968.749,964.630,0.337,43.071
17.11.2021 19:38:39,41.999,1031.219,589.599,967.529,963.409,0.338,43.180
17.11.2021 19:38:40,42.092,1029.754,588.287,966.125,962.188,0.323,43.239
17.11.2021 19:38:41,42.198,1027.923,587.402,964.599,960.693,0.321,43.219
17.11.2021 19:38:42,42.296,1026.275,585.906,963.226,959.991,0.266,43.288
17.11.2021 19:38:43,42.394,1024.780,584.320,961.700,958.221,0.287,43.380
17.11.2021 19:38:44,42.502,1023.437,583.282,960.143,956.909,0.267,43.414
17.11.2021 19:38:45,42.595,1021.911,582.305,959.258,955.658,0.298,43.428
17.11.2021 19:38:46,42.690,1020.416,581.115,957.305,954.132,0.263,43.470
17.11.2021 19:38:47,42.788,1019.226,579.956,956.604,952.606,0.331,43.531
17.11.2021 19:38:49,42.889,1017.700,578.948,955.200,951.446,0.311,43.549
17.11.2021 19:38:50,42.999,1016.723,577.697,953.826,950.164,0.304,43.637
17.11.2021 19:38:51,43.100,1014.831,576.019,952.300,948.639,0.305,43.713
17.11.2021 19:38:52,43.190,1013.732,574.371,950.714,947.448,0.272,43.844
17.11.2021 19:38:53,43.291,1012.084,573.547,949.218,945.892,0.278,43.830
17.11.2021 19:38:54,43.391,1011.047,571.929,948.364,944.732,0.304,43.961
17.11.2021 19:38:55,43.489,1009.735,570.404,947.021,943.664,0.281,44.062
17.11.2021 19:38:56,43.590,1008.453,569.549,945.404,942.047,0.281,44.079
17.11.2021 19:38:57,43.690,1007.903,567.810,944.122,940.338,0.318,44.262
17.11.2021 19:38:58,43.791,1005.889,566.741,942.779,938.873,0.329,44.254
17.11.2021 19:38:59,43.886,1004.669,565.582,941.619,937.805,0.321,44.315
17.11.2021 19:39:00,43.987,1003.265,564.086,939.849,936.401,0.291,44.406
17.11.2021 19:39:01,44.092,1002.319,562.438,938.201,934.844,0.284,44.551
17.11.2021 19:39:02,44.198,1000.732,560.974,937.042,933.075,0.336,44.625
17.11.2021 19:39:03,44.303,999.603,559.539,935.150,931.579,0.303,44.730
17.11.2021 19:39:04,44.394,998.413,557.830,934.082,930.358,0.316,44.866
17.11.2021 19:39:05,44.489,996.734,556.640,932.067,929.199,0.244,44.899
17.11.2021 19:39:06,44.592,995.575,555.328,930.938,927.032,0.333,44.986
17.11.2021 19:39:07,44.703,993.713,553.466,929.107,925.506,0.307,45.094
17.11.2021 19:39:08,44.788,992.828,551.971,927.795,923.980,0.326,45.226
17.11.2021 19:39:09,44.891,991.210,550.964,926.269,922.729,0.303,45.241
17.11.2021 19:39:10,44.992,989.990,549.407,924.255,920.593,0.314,45.357
17.11.2021 19:39:11,45.102,987.731,547.851,922.424,918.884,0.304,45.397
17.11.2021 19:39:12,45.188,986.480,546.630,921.173,917.602,0.307,45.467
17.11.2021 19:39:13,45.293,984.863,544.891,920.013,916.351,0.316,45.579
17.11.2021 19:39:14,45.391,982.666,543.884,917.938,914.672,0.282,45.552
17.11.2021 19:39:15,45.487,981.445,542.297,916.168,913.085,0.267,45.674
17.11.2021 19:39:16,45.597,979.125,540.924,914.703,911.102,0.312,45.686
17.11.2021 19:39:17,45.688,977.722,539.428,912.689,909.607,0.268,45.783
17.11.2021 19:39:18,45.796,976.226,538.238,910.736,907.714,0.263,45.832
17.11.2021 19:39:19,45.886,973.999,536.834,909.729,906.494,0.282,45.856
17.11.2021 19:39:20,45.992,972.503,535.308,907.653,904.571,0.269,45.951
17.11.2021 19:39:21,46.087,970.123,534.210,906.097,903.198,0.253,45.922
17.11.2021 19:39:22,46.190,969.421,532.775,904.571,901.092,0.305,46.065
17.11.2021 19:39:23,46.303,966.644,531.524,902.618,899.780,0.249,46.027
17.11.2021 19:39:24,46.394,965.637,529.754,900.787,898.376,0.212,46.193
17.11.2021 19:39:25,46.494,962.616,528.991,899.139,895.782,0.296,46.071
17.11.2021 19:39:26,46.587,961.853,527.648,897.491,894.927,0.226,46.198
17.11.2021 19:39:27,46.703,959.350,526.275,895.568,892.547,0.267,46.198
17.11.2021 19:39:28,46.793,958.221,524.932,894.195,891.143,0.270,46.297
17.11.2021 19:39:29,46.896,956.329,523.681,892.089,889.099,0.266,46.327
17.11.2021 19:39:30,46.994,954.162,523.010,890.472,887.695,0.247,46.256
17.11.2021 19:39:31,47.097,953.125,521.514,888.885,885.681,0.286,46.384
17.11.2021 19:39:32,47.188,950.653,520.599,887.908,884.521,0.302,46.324
17.11.2021 19:39:33,47.301,948.944,518.829,885.650,882.141,0.314,46.440
17.11.2021 19:39:34,47.399,947.113,518.005,883.422,880.889,0.227,46.415
17.11.2021 19:39:35,47.502,945.007,517.456,881.774,879.058,0.244,46.331
17.11.2021 19:39:36,47.597,942.169,516.052,880.218,876.861,0.302,46.310
17.11.2021 19:39:37,47.688,940.979,514.892,878.601,875.488,0.281,46.381
17.11.2021 19:39:38,47.788,938.537,513.458,876.281,873.779,0.226,46.395
17.11.2021 19:39:39,47.889,936.950,512.512,874.908,872.375,0.229,46.406
17.11.2021 19:39:40,47.989,934.570,511.169,872.680,869.720,0.269,46.412
17.11.2021 19:39:41,48.087,932.525,509.796,870.941,868.347,0.236,46.448
17.11.2021 19:39:42,48.195,930.541,509.155,869.384,866.363,0.275,46.385
17.11.2021 19:39:43,48.301,928.344,507.812,867.004,864.105,0.265,46.405
17.11.2021 19:39:44,48.394,926.910,506.805,865.387,862.640,0.251,46.437
17.11.2021 19:39:45,48.487,924.804,506.042,863.677,860.626,0.280,46.381
17.11.2021 19:39:46,48.595,921.722,504.699,861.602,858.703,0.267,46.332
17.11.2021 19:39:47,48.690,920.440,503.570,859.649,856.536,0.287,46.393
17.11.2021 19:39:48,48.788,918.273,502.624,857.879,855.316,0.237,46.359
17.11.2021 19:39:49,48.891,916.564,501.251,855.590,852.539,0.283,46.422
17.11.2021 19:39:50,48.999,914.581,500.762,854.095,851.257,0.263,46.335
17.11.2021 19:39:52,49.102,912.139,499.816,851.318,848.419,0.270,46.279
17.11.2021 19:39:53,49.190,910.430,498.413,849.639,847.473,0.202,46.347
17.11.2021 19:39:55,49.293,908.721,496.856,847.198,844.604,0.242,46.437
17.11.2021 19:39:56,49.399,906.982,496.002,845.672,842.681,0.280,46.423
17.11.2021 19:39:58,49.502,905.090,494.598,842.834,840.362,0.232,46.477
17.11.2021 19:39:59,49.597,903.533,493.896,841.369,839.080,0.215,46.455
17.11.2021 19:40:00,49.698,900.909,492.156,838.958,836.151,0.265,46.500
17.11.2021 19:40:01,49.793,899.475,491.607,837.432,835.449,0.187,46.466
17.11.2021 19:40:02,49.899,897.644,489.746,834.716,831.756,0.281,46.593
17.11.2021 19:40:03,49.997,895.690,488.739,832.702,830.413,0.218,46.584
17.11.2021 19:40:04,50.090,894.256,487.426,830.902,828.613,0.218,46.663
17.11.2021 19:40:05,50.200,892.639,486.694,828.125,826.293,0.175,46.641
17.11.2021 19:40:06,50.296,890.747,485.534,826.812,824.340,0.237,46.660
17.11.2021 19:40:07,50.396,888.793,484.252,824.584,822.082,0.240,46.692
17.11.2021 19:40:08,50.487,887.237,483.154,822.753,820.251,0.241,46.730
17.11.2021 19:40:09,50.590,885.925,481.781,820.526,818.756,0.171,46.828
17.11.2021 19:40:10,50.695,883.789,480.377,818.695,816.741,0.189,46.865
17.11.2021 19:40:11,50.796,881.927,479.095,816.528,814.697,0.177,46.906
17.11.2021 19:40:12,50.886,879.821,477.966,814.666,813.049,0.157,46.903
17.11.2021 19:40:13,51.002,878.448,476.531,813.049,810.882,0.211,47.008
17.11.2021 19:40:14,51.092,876.831,475.738,810.821,808.380,0.238,46.995
17.11.2021 19:40:15,51.198,874.725,474.456,808.715,806.762,0.191,47.016
17.11.2021 19:40:16,51.301,872.589,472.991,806.640,804.260,0.234,47.063
17.11.2021 19:40:17,51.396,871.307,472.412,804.229,803.253,0.096,47.045
17.11.2021 19:40:18,51.492,869.445,471.099,802.978,801.116,0.183,47.092
17.11.2021 19:40:19,51.587,866.973,470.336,800.720,799.316,0.139,47.003
17.11.2021 19:40:20,51.700,865.570,469.024,799.041,797.332,0.169,47.088
17.11.2021 19:40:21,51.791,863.677,468.322,797.180,796.234,0.094,47.038
17.11.2021 19:40:22,51.894,862.091,466.522,795.715,794.281,0.142,47.183
17.11.2021 19:40:23,51.989,859.863,465.942,793.548,792.633,0.091,47.086
17.11.2021 19:40:24,52.095,858.306,464.630,791.595,790.832,0.076,47.159
17.11.2021 19:40:25,52.200,855.560,463.226,789.581,788.848,0.073,47.146
17.11.2021 19:40:26,52.298,854.156,462.402,787.506,787.261,0.024,47.156
17.11.2021 19:40:27,52.401,852.508,460.815,785.705,784.820,0.089,47.265
17.11.2021 19:40:28,52.497,850.219,459.777,784.118,783.630,0.049,47.234
17.11.2021 19:40:29,52.595,848.388,458.740,782.073,781.646,0.043,47.241
17.11.2021 19:40:30,52.698,845.947,457.336,780.395,779.571,0.083,47.254
17.11.2021 19:40:31,52.798,844.238,455.566,778.289,777.618,0.068,47.388
17.11.2021 19:40:32,52.896,842.041,455.230,776.306,776.092,0.021,47.253
17.11.2021 19:40:33,52.987,840.728,453.582,774.658,774.078,0.059,47.403
17.11.2021 19:40:35,53.102,837.890,452.270,772.827,772.125,0.072,47.368
17.11.2021 19:40:36,53.203,836.242,451.477,770.782,770.507,0.028,47.352
17.11.2021 19:40:37,53.298,834.777,450.683,769.348,769.042,0.031,47.353
17.11.2021 19:40:38,53.399,832.702,449.066,767.608,767.272,0.034,47.433
17.11.2021 19:40:39,53.502,830.688,448.272,765.625,765.472,0.015,47.385
17.11.2021 19:40:40,53.602,828.735,447.204,763.519,763.000,0.053,47.388
17.11.2021 19:40:41,53.693,826.751,445.831,762.542,761.901,0.066,47.437
17.11.2021 19:40:42,53.791,824.615,445.343,760.742,760.894,-0.015,47.329
17.11.2021 19:40:43,53.891,822.357,443.847,758.819,759.002,-0.019,47.374
17.11.2021 19:40:44,53.992,820.190,442.565,757.141,756.988,0.015,47.392
17.11.2021 19:40:45,54.095,818.267,441.772,754.913,755.432,-0.054,47.352
17.11.2021 19:40:46,54.198,816.314,440.582,753.479,753.570,-0.009,47.375
17.11.2021 19:40:47,54.303,814.117,439.147,751.342,752.258,-0.096,47.415
17.11.2021 19:40:48,54.401,811.950,438.323,749.389,750.274,-0.093,47.359
17.11.2021 19:40:49,54.497,809.539,437.255,747.650,748.443,-0.084,47.320
17.11.2021 19:40:50,54.595,807.678,436.004,745.880,746.673,-0.084,47.361
17.11.2021 19:40:51,54.688,805.419,435.089,744.293,745.056,-0.081,47.310
17.11.2021 19:40:52,54.798,803.436,433.868,742.584,743.103,-0.055,47.335
17.11.2021 19:40:53,54.889,801.300,432.556,740.966,741.577,-0.065,47.362
17.11.2021 19:40:54,54.987,799.377,431.854,739.105,740.020,-0.098,47.305
17.11.2021 19:40:55,55.095,796.905,430.267,737.213,737.701,-0.052,47.348
17.11.2021 19:40:56,55.188,795.288,429.077,735.534,736.724,-0.128,47.401
17.11.2021 19:40:57,55.301,792.694,427.734,733.612,734.497,-0.095,47.391
17.11.2021 19:40:58,55.394,791.503,426.696,731.964,733.398,-0.155,47.458
17.11.2021 19:40:59,55.492,788.909,425.323,729.858,731.353,-0.162,47.454
17.11.2021 19:41:00,55.587,787.628,424.530,728.485,729.278,-0.086,47.471
17.11.2021 19:41:01,55.690,785.491,423.675,726.593,727.966,-0.149,47.421
17.11.2021 19:41:02,55.788,784.210,422.027,724.853,726.318,-0.159,47.584
17.11.2021 19:41:03,55.889,781.280,420.837,722.747,724.273,-0.167,47.518
17.11.2021 19:41:04,55.989,780.120,419.219,721.710,722.656,-0.103,47.688
17.11.2021 19:41:05,56.092,778.625,418.701,719.696,720.733,-0.114,47.639
17.11.2021 19:41:06,56.188,776.397,417.205,717.620,719.360,-0.191,47.691
17.11.2021 19:41:07,56.288,774.932,416.168,716.827,717.315,-0.053,47.734
17.11.2021 19:41:08,56.394,773.376,414.581,714.355,715.972,-0.179,47.864
17.11.2021 19:41:09,56.487,771.362,413.208,712.860,714.263,-0.155,47.915
17.11.2021 19:41:10,56.592,770.172,412.597,711.303,713.226,-0.213,47.911
17.11.2021 19:41:11,56.690,768.585,410.919,709.747,711.181,-0.159,48.056
17.11.2021 19:41:12,56.798,766.632,410.003,707.763,709.197,-0.160,48.033
17.11.2021 19:41:13,56.891,765.472,408.538,706.268,708.068,-0.201,48.182
17.11.2021 19:41:14,56.997,763.671,407.348,704.895,706.207,-0.147,48.222
17.11.2021 19:41:15,57.102,762.054,405.944,703.002,704.437,-0.161,48.318
17.11.2021 19:41:16,57.193,760.528,404.876,701.507,703.338,-0.206,48.363
17.11.2021 19:41:17,57.291,758.666,403.594,700.042,701.568,-0.172,48.415
17.11.2021 19:41:18,57.389,756.988,402.374,698.272,699.737,-0.166,48.473
17.11.2021 19:41:19,57.497,755.157,401.153,696.624,698.059,-0.162,48.518
17.11.2021 19:41:20,57.597,753.784,399.810,694.641,696.563,-0.219,48.628
17.11.2021 19:41:21,57.690,751.800,397.857,693.634,694.580,-0.108,48.790
17.11.2021 19:41:22,57.798,749.725,396.789,690.734,692.901,-0.248,48.785
17.11.2021 19:41:23,57.886,748.443,395.416,689.422,690.338,-0.105,48.910
17.11.2021 19:41:24,57.997,745.697,394.165,687.103,689.270,-0.249,48.874
17.11.2021 19:41:25,58.092,744.628,392.852,685.791,687.713,-0.221,49.010
17.11.2021 19:41:26,58.195,742.248,391.723,684.020,685.607,-0.183,48.987
17.11.2021 19:41:27,58.301,740.966,390.350,682.037,684.143,-0.244,49.115
17.11.2021 19:41:28,58.389,738.220,388.000,680.206,681.793,-0.184,49.281
17.11.2021 19:41:29,58.502,736.999,387.268,678.009,679.840,-0.213,49.298
17.11.2021 19:41:30,58.590,734.893,385.803,676.452,678.527,-0.242,49.365
17.11.2021 19:41:31,58.693,732.910,384.704,674.774,676.879,-0.246,49.375
17.11.2021 19:41:32,58.798,730.407,382.934,672.821,674.133,-0.154,49.461
17.11.2021 19:41:33,58.899,728.790,381.744,670.837,672.515,-0.198,49.525
17.11.2021 19:41:34,58.992,726.867,380.096,668.548,671.173,-0.310,49.645
17.11.2021 19:41:35,59.102,724.395,378.784,666.656,668.670,-0.239,49.649
17.11.2021 19:41:37,59.190,722.747,377.319,665.039,666.503,-0.174,49.763
17.11.2021 19:41:38,59.301,720.489,376.129,662.994,665.252,-0.269,49.765
17.11.2021 19:41:40,59.401,718.292,374.786,660.827,662.750,-0.230,49.802
17.11.2021 19:41:41,59.489,716.156,373.260,658.691,661.132,-0.293,49.881
17.11.2021 19:41:43,59.597,713.989,371.673,657.073,659.362,-0.275,49.969
17.11.2021 19:41:44,59.688,711.853,370.300,655.426,657.226,-0.217,50.019
17.11.2021 19:41:45,59.801,709.320,369.171,652.984,654.998,-0.244,49.983
17.11.2021 19:41:46,59.901,707.794,367.736,651.397,653.228,-0.222,50.107
17.11.2021 19:41:47,59.994,705.474,367.034,649.230,651.916,-0.327,50.009
