# Sensor: ADPD2140, Rotationstage: ELL18M
Datetime,Stage Angle,xL,xR,yL,yR,X,Y
18.11.2021 19:29:59,-60.008,232.971,441.833,405.944,407.135,-0.231,-49.051
18.11.2021 19:30:00,-59.903,233.856,443.572,406.738,408.142,-0.273,-49.061
18.11.2021 19:30:01,-59.805,234.527,444.000,407.592,408.721,-0.219,-48.924
18.11.2021 19:30:02,-59.699,235.229,445.251,408.752,410.003,-0.242,-48.912
18.11.2021 19:30:03,-59.601,235.748,446.868,409.820,410.736,-0.176,-49.014
18.11.2021 19:30:04,-59.503,236.541,447.265,410.614,411.773,-0.223,-48.837
18.11.2021 19:30:05,-59.405,237.396,448.455,411.651,412.567,-0.176,-48.769
18.11.2021 19:30:06,-59.300,238.006,449.859,412.689,413.635,-0.181,-48.809
18.11.2021 19:30:07,-59.202,238.891,450.042,413.726,414.215,-0.093,-48.572
18.11.2021 19:30:08,-59.106,239.654,452.056,414.276,415.435,-0.221,-48.663
18.11.2021 19:30:09,-59.008,240.386,453.063,415.527,416.381,-0.162,-48.604
18.11.2021 19:30:10,-58.903,241.027,454.833,416.259,417.633,-0.260,-48.693
18.11.2021 19:30:11,-58.802,241.912,455.474,418.060,418.975,-0.173,-48.531
18.11.2021 19:30:12,-58.704,242.523,456.787,418.792,419.738,-0.178,-48.556
18.11.2021 19:30:13,-58.606,243.041,457.824,419.555,420.898,-0.253,-48.566
18.11.2021 19:30:14,-58.508,244.201,458.801,421.447,421.325,0.022,-48.377
18.11.2021 19:30:15,-58.403,244.201,459.960,421.813,422.760,-0.177,-48.558
18.11.2021 19:30:16,-58.302,245.635,461.456,422.668,424.072,-0.262,-48.371
18.11.2021 19:30:17,-58.202,246.490,462.402,423.980,425.170,-0.222,-48.268
18.11.2021 19:30:18,-58.101,247.070,463.500,424.896,425.964,-0.198,-48.270
18.11.2021 19:30:20,-58.001,247.650,464.141,425.445,426.513,-0.198,-48.201
18.11.2021 19:30:21,-57.900,247.955,466.094,426.818,427.764,-0.175,-48.414
18.11.2021 19:30:22,-57.802,249.298,466.857,427.734,428.863,-0.208,-48.143
18.11.2021 19:30:23,-57.702,249.755,468.078,428.680,430.023,-0.247,-48.199
18.11.2021 19:30:24,-57.606,251.098,469.512,429.901,430.969,-0.196,-48.034
18.11.2021 19:30:25,-57.506,251.525,470.306,430.694,431.640,-0.173,-48.033
18.11.2021 19:30:26,-57.403,252.319,471.466,431.915,433.105,-0.218,-47.983
18.11.2021 19:30:27,-57.305,252.929,472.717,433.166,434.265,-0.200,-48.000
18.11.2021 19:30:28,-57.204,253.570,473.907,434.051,434.936,-0.161,-47.999
18.11.2021 19:30:29,-57.109,254.119,474.731,434.753,435.791,-0.188,-47.968
18.11.2021 19:30:30,-57.003,254.699,475.555,435.913,437.072,-0.210,-47.929
18.11.2021 19:30:31,-56.903,255.462,476.593,436.767,438.140,-0.248,-47.871
18.11.2021 19:30:32,-56.800,256.072,477.386,437.652,438.598,-0.171,-47.819
18.11.2021 19:30:33,-56.699,256.866,479.278,438.812,440.063,-0.225,-47.881
18.11.2021 19:30:34,-56.604,257.659,480.102,439.910,440.856,-0.170,-47.782
18.11.2021 19:30:35,-56.501,258.178,480.987,440.612,442.047,-0.257,-47.770
18.11.2021 19:30:36,-56.403,258.636,481.994,441.619,442.596,-0.175,-47.793
18.11.2021 19:30:37,-56.302,259.613,483.001,443.023,443.542,-0.092,-47.672
18.11.2021 19:30:38,-56.202,260.437,484.344,443.756,444.580,-0.146,-47.644
18.11.2021 19:30:39,-56.101,260.772,485.046,444.885,445.343,-0.081,-47.655
18.11.2021 19:30:40,-56.003,261.077,486.053,446.044,446.594,-0.097,-47.720
18.11.2021 19:30:41,-55.903,262.023,487.060,446.929,447.631,-0.124,-47.609
18.11.2021 19:30:42,-55.802,262.451,488.342,448.120,448.699,-0.102,-47.681
18.11.2021 19:30:43,-55.692,263.153,488.769,448.608,449.829,-0.215,-47.551
18.11.2021 19:30:44,-55.601,263.793,489.868,450.042,450.683,-0.112,-47.538
18.11.2021 19:30:45,-55.503,264.129,490.692,450.561,451.873,-0.230,-47.567
18.11.2021 19:30:46,-55.395,264.892,491.577,451.812,452.667,-0.149,-47.489
18.11.2021 19:30:47,-55.302,265.502,493.133,452.697,453.460,-0.133,-47.551
18.11.2021 19:30:48,-55.194,266.296,494.049,453.735,454.895,-0.202,-47.470
18.11.2021 19:30:49,-55.101,266.815,494.873,454.925,455.688,-0.132,-47.450
18.11.2021 19:30:50,-55.001,267.730,496.093,455.963,457.092,-0.195,-47.380
18.11.2021 19:30:51,-54.905,268.157,496.551,456.848,457.855,-0.174,-47.332
18.11.2021 19:30:52,-54.805,268.615,498.016,458.038,459.045,-0.174,-47.421
18.11.2021 19:30:53,-54.694,269.775,498.870,459.136,460.113,-0.168,-47.234
18.11.2021 19:30:54,-54.596,270.233,500.213,460.144,460.845,-0.120,-47.306
18.11.2021 19:30:55,-54.496,270.935,500.701,460.968,461.853,-0.151,-47.189
18.11.2021 19:30:56,-54.408,271.301,501.953,461.914,463.104,-0.203,-47.272
18.11.2021 19:30:57,-54.302,272.033,503.448,463.165,464.202,-0.177,-47.292
18.11.2021 19:30:58,-54.207,272.552,504.302,464.813,465.270,-0.077,-47.277
18.11.2021 19:30:59,-54.104,273.284,505.493,465.301,466.430,-0.192,-47.253
18.11.2021 19:31:00,-54.003,273.529,506.500,466.674,467.773,-0.186,-47.332
18.11.2021 19:31:01,-53.893,274.383,507.781,467.864,468.414,-0.092,-47.290
18.11.2021 19:31:02,-53.797,274.963,509.155,469.085,469.451,-0.061,-47.332
18.11.2021 19:31:03,-53.692,275.543,509.979,470.520,471.038,-0.087,-47.297
18.11.2021 19:31:04,-53.609,275.756,510.894,471.160,472.106,-0.158,-47.370
18.11.2021 19:31:05,-53.501,276.794,512.298,472.198,473.022,-0.138,-47.297
18.11.2021 19:31:06,-53.405,276.855,513.397,473.327,474.121,-0.132,-47.436
18.11.2021 19:31:10,-53.295,277.923,513.977,474.029,475.036,-0.168,-47.240
18.11.2021 19:31:11,-53.207,278.381,515.716,475.433,476.501,-0.177,-47.365
18.11.2021 19:31:12,-53.096,279.113,516.845,476.531,477.355,-0.136,-47.333
18.11.2021 19:31:14,-52.993,280.151,517.730,477.844,479.461,-0.267,-47.188
18.11.2021 19:31:15,-52.903,280.212,519.042,479.156,479.888,-0.121,-47.355
18.11.2021 19:31:16,-52.807,280.731,520.629,480.285,481.048,-0.125,-47.442
18.11.2021 19:31:17,-52.707,281.799,521.759,481.964,482.269,-0.050,-47.325
18.11.2021 19:31:18,-52.609,281.890,522.644,482.788,484.008,-0.200,-47.423
18.11.2021 19:31:19,-52.506,282.897,524.414,483.978,485.015,-0.169,-47.410
18.11.2021 19:31:20,-52.405,283.660,525.939,485.198,486.236,-0.169,-47.425
18.11.2021 19:31:21,-52.300,284.057,526.855,486.480,487.945,-0.238,-47.450
18.11.2021 19:31:22,-52.207,284.606,528.228,487.579,488.647,-0.173,-47.498
18.11.2021 19:31:23,-52.099,285.186,529.327,488.433,489.807,-0.222,-47.502
18.11.2021 19:31:24,-51.996,286.010,530.883,489.593,490.936,-0.217,-47.505
18.11.2021 19:31:25,-51.895,286.651,532.226,490.753,491.760,-0.162,-47.526
18.11.2021 19:31:26,-51.802,287.292,532.836,491.668,493.255,-0.255,-47.448
18.11.2021 19:31:27,-51.699,288.116,533.996,493.316,493.988,-0.107,-47.398
18.11.2021 19:31:28,-51.594,288.482,535.736,493.988,495.574,-0.254,-47.541
18.11.2021 19:31:29,-51.501,289.459,536.682,495.910,496.795,-0.141,-47.424
18.11.2021 19:31:30,-51.395,289.794,537.841,496.643,497.406,-0.121,-47.496
18.11.2021 19:31:31,-51.302,290.466,539.123,498.107,499.755,-0.261,-47.501
18.11.2021 19:31:32,-51.202,291.290,540.191,499.145,500.061,-0.145,-47.440
18.11.2021 19:31:33,-51.104,291.656,541.503,500.396,501.525,-0.178,-47.524
18.11.2021 19:31:34,-51.003,292.327,542.175,501.342,502.746,-0.221,-47.447
18.11.2021 19:31:35,-50.905,292.999,543.090,502.685,503.967,-0.201,-47.404
18.11.2021 19:31:36,-50.802,293.945,544.342,503.723,504.821,-0.172,-47.337
18.11.2021 19:31:37,-50.707,294.647,545.074,504.455,505.828,-0.215,-47.262
18.11.2021 19:31:38,-50.599,295.135,546.051,505.676,507.324,-0.257,-47.272
18.11.2021 19:31:39,-50.506,296.234,547.607,506.988,508.239,-0.195,-47.209
18.11.2021 19:31:40,-50.395,296.356,548.034,507.507,509.429,-0.299,-47.236
18.11.2021 19:31:41,-50.305,297.271,549.224,508.605,509.521,-0.142,-47.169
18.11.2021 19:31:42,-50.194,298.156,550.445,509.552,511.444,-0.293,-47.115
18.11.2021 19:31:43,-50.101,298.675,550.872,510.772,512.390,-0.250,-47.046
18.11.2021 19:31:44,-49.996,299.499,552.093,512.023,513.671,-0.254,-47.006
18.11.2021 19:31:45,-49.905,300.079,553.314,513.153,514.343,-0.183,-47.026
18.11.2021 19:31:46,-49.800,301.147,553.771,514.160,515.838,-0.258,-46.829
18.11.2021 19:31:47,-49.704,301.513,555.145,515.197,516.662,-0.224,-46.920
18.11.2021 19:31:48,-49.606,302.215,555.999,516.052,517.944,-0.289,-46.863
18.11.2021 19:31:49,-49.503,302.917,557.159,516.845,518.829,-0.303,-46.846
18.11.2021 19:31:50,-49.403,303.619,557.922,517.669,519.958,-0.349,-46.778
18.11.2021 19:31:51,-49.302,304.504,559.173,519.348,521.148,-0.274,-46.729
18.11.2021 19:31:52,-49.202,305.084,560.180,520.416,521.759,-0.204,-46.722
18.11.2021 19:31:53,-49.101,305.816,560.791,521.545,522.949,-0.212,-46.627
18.11.2021 19:31:54,-49.001,306.518,561.798,522.399,524.169,-0.268,-46.591
18.11.2021 19:31:55,-48.903,307.281,562.286,523.254,524.841,-0.239,-46.474
18.11.2021 19:31:56,-48.792,307.647,563.568,524.505,525.756,-0.188,-46.553
18.11.2021 19:31:57,-48.702,308.349,564.544,525.024,527.221,-0.330,-46.513
18.11.2021 19:31:58,-48.601,309.204,564.880,526.031,527.832,-0.270,-46.356
18.11.2021 19:31:59,-48.493,309.997,566.070,527.099,529.449,-0.352,-46.322
18.11.2021 19:32:00,-48.405,311.065,566.650,528.076,529.785,-0.256,-46.147
18.11.2021 19:32:01,-48.307,311.584,567.565,528.991,530.670,-0.251,-46.144
18.11.2021 19:32:02,-48.204,311.920,568.115,530.059,532.043,-0.295,-46.136
18.11.2021 19:32:03,-48.106,312.652,569.091,531.158,532.867,-0.254,-46.090
18.11.2021 19:32:04,-48.001,313.690,570.098,532.043,533.874,-0.272,-45.978
18.11.2021 19:32:06,-47.908,314.392,570.678,532.684,534.942,-0.335,-45.890
18.11.2021 19:32:07,-47.800,314.636,571.716,533.782,536.102,-0.343,-45.965
18.11.2021 19:32:08,-47.702,315.856,572.479,534.301,536.712,-0.356,-45.781
18.11.2021 19:32:09,-47.609,316.253,573.181,535.430,537.719,-0.338,-45.779
18.11.2021 19:32:10,-47.508,316.986,574.737,536.315,538.391,-0.306,-45.808
18.11.2021 19:32:11,-47.403,317.871,575.042,537.414,539.855,-0.359,-45.644
18.11.2021 19:32:12,-47.307,318.511,576.782,538.269,540.771,-0.367,-45.717
18.11.2021 19:32:13,-47.194,319.244,577.026,539.611,541.442,-0.268,-45.581
18.11.2021 19:32:14,-47.104,319.946,578.186,539.978,542.236,-0.330,-45.567
18.11.2021 19:32:15,-46.996,320.739,578.857,541.198,543.029,-0.267,-45.471
18.11.2021 19:32:16,-46.903,321.624,580.017,541.503,543.945,-0.356,-45.416
18.11.2021 19:32:17,-46.805,321.929,581.115,542.327,544.494,-0.315,-45.485
18.11.2021 19:32:18,-46.704,322.967,582.031,543.426,545.623,-0.319,-45.365
18.11.2021 19:32:19,-46.609,323.577,582.458,544.250,546.661,-0.350,-45.281
18.11.2021 19:32:20,-46.498,324.462,583.831,545.501,547.454,-0.283,-45.254
18.11.2021 19:32:21,-46.405,325.286,584.991,546.112,547.943,-0.265,-45.214
18.11.2021 19:32:22,-46.305,325.225,585.754,546.783,549.102,-0.335,-45.322
18.11.2021 19:32:23,-46.197,326.599,586.944,547.668,549.682,-0.290,-45.163
18.11.2021 19:32:24,-46.109,326.843,587.493,548.034,549.926,-0.273,-45.177
18.11.2021 19:32:25,-45.998,328.155,589.447,548.736,551.483,-0.395,-45.127
18.11.2021 19:32:26,-45.905,328.399,589.630,549.743,551.544,-0.259,-45.095
18.11.2021 19:32:27,-45.792,329.101,590.881,550.628,552.459,-0.263,-45.094
18.11.2021 19:32:28,-45.704,329.864,592.132,551.025,553.131,-0.302,-45.080
18.11.2021 19:32:29,-45.601,330.261,592.559,551.849,553.985,-0.306,-45.045
18.11.2021 19:32:30,-45.501,331.726,593.719,552.734,554.687,-0.279,-44.865
18.11.2021 19:32:31,-45.408,332.000,595.306,553.497,555.236,-0.248,-44.999
18.11.2021 19:32:32,-45.302,333.343,596.130,554.077,556.762,-0.383,-44.806
18.11.2021 19:32:33,-45.202,333.587,596.923,555.267,557.098,-0.260,-44.849
18.11.2021 19:32:34,-45.109,334.381,598.083,555.847,558.074,-0.316,-44.817
18.11.2021 19:32:35,-45.003,335.479,598.663,557.067,558.898,-0.260,-44.649
18.11.2021 19:32:36,-44.903,335.754,599.548,557.281,559.478,-0.311,-44.697
18.11.2021 19:32:37,-44.800,337.158,600.555,558.105,560.241,-0.302,-44.515
18.11.2021 19:32:38,-44.702,337.677,601.104,559.448,561.157,-0.241,-44.470
18.11.2021 19:32:39,-44.601,338.317,602.386,559.173,562.225,-0.431,-44.487
18.11.2021 19:32:40,-44.496,339.752,602.813,560.607,562.957,-0.331,-44.229
18.11.2021 19:32:41,-44.405,340.270,603.607,561.035,563.446,-0.339,-44.214
18.11.2021 19:32:42,-44.295,340.942,604.888,561.553,564.270,-0.382,-44.225
18.11.2021 19:32:43,-44.207,342.071,605.499,562.561,564.819,-0.317,-44.057
18.11.2021 19:32:44,-44.099,343.261,606.628,562.957,565.399,-0.342,-43.939
18.11.2021 19:32:45,-44.003,343.688,607.452,563.812,565.917,-0.295,-43.948
18.11.2021 19:32:46,-43.903,344.604,608.367,565.002,566.772,-0.247,-43.863
18.11.2021 19:32:47,-43.792,345.458,609.252,565.765,567.657,-0.264,-43.788
18.11.2021 19:32:48,-43.697,346.618,610.717,566.253,568.450,-0.306,-43.719
18.11.2021 19:32:49,-43.609,347.259,610.778,567.108,569.091,-0.276,-43.591
18.11.2021 19:32:50,-43.493,348.144,611.663,567.840,569.976,-0.297,-43.510
18.11.2021 19:32:51,-43.403,348.999,612.609,568.176,570.495,-0.322,-43.444
18.11.2021 19:32:54,-43.292,349.792,613.403,569.458,571.624,-0.300,-43.372
18.11.2021 19:32:55,-43.204,350.677,614.593,570.343,572.387,-0.283,-43.329
18.11.2021 19:32:57,-43.099,351.470,614.807,570.526,573.089,-0.355,-43.189
18.11.2021 19:32:58,-43.008,352.081,616.210,571.746,573.577,-0.253,-43.229
18.11.2021 19:33:00,-42.900,353.302,616.973,572.143,574.829,-0.371,-43.066
18.11.2021 19:33:01,-42.800,354.095,617.309,573.150,575.866,-0.374,-42.941
18.11.2021 19:33:02,-42.694,354.797,618.804,574.066,575.744,-0.231,-42.973
18.11.2021 19:33:03,-42.606,355.957,619.049,574.371,576.873,-0.344,-42.763
18.11.2021 19:33:04,-42.498,356.903,619.598,575.653,577.911,-0.310,-42.633
18.11.2021 19:33:05,-42.403,357.452,620.513,576.141,578.704,-0.351,-42.628
18.11.2021 19:33:06,-42.295,358.489,621.124,576.995,579.345,-0.322,-42.488
18.11.2021 19:33:07,-42.202,359.344,622.253,578.002,580.444,-0.333,-42.446
18.11.2021 19:33:08,-42.104,360.717,622.894,578.796,581.146,-0.321,-42.241
18.11.2021 19:33:09,-42.003,361.236,623.443,579.711,581.848,-0.291,-42.200
18.11.2021 19:33:10,-41.908,361.938,624.359,580.627,582.458,-0.249,-42.165
18.11.2021 19:33:11,-41.802,362.915,624.694,581.298,583.343,-0.278,-42.006
18.11.2021 19:33:12,-41.694,364.288,625.610,581.695,584.289,-0.352,-41.836
18.11.2021 19:33:13,-41.606,364.898,625.427,582.641,585.113,-0.335,-41.691
18.11.2021 19:33:14,-41.498,365.631,626.342,583.374,585.571,-0.297,-41.651
18.11.2021 19:33:15,-41.405,366.333,627.136,583.801,586.669,-0.388,-41.603
18.11.2021 19:33:16,-41.297,367.614,627.380,584.442,587.158,-0.367,-41.374
18.11.2021 19:33:17,-41.207,367.980,628.082,585.205,587.951,-0.371,-41.383
18.11.2021 19:33:18,-41.104,369.140,628.784,585.998,588.562,-0.345,-41.233
18.11.2021 19:33:19,-40.993,369.445,629.455,586.730,589.233,-0.337,-41.251
18.11.2021 19:33:20,-40.903,370.635,629.852,587.219,589.996,-0.373,-41.060
18.11.2021 19:33:21,-40.800,370.910,630.767,588.378,591.003,-0.352,-41.112
18.11.2021 19:33:22,-40.704,371.520,631.774,588.958,591.308,-0.315,-41.109
18.11.2021 19:33:23,-40.604,372.619,631.927,590.087,591.735,-0.220,-40.908
18.11.2021 19:33:24,-40.503,372.741,633.026,590.759,593.139,-0.318,-41.012
18.11.2021 19:33:25,-40.403,373.474,633.514,591.156,593.902,-0.367,-40.924
18.11.2021 19:33:26,-40.302,373.901,634.368,592.468,594.512,-0.272,-40.939
18.11.2021 19:33:27,-40.207,374.816,635.223,592.864,595.397,-0.337,-40.858
18.11.2021 19:33:28,-40.104,375.335,635.559,593.444,595.825,-0.317,-40.795
18.11.2021 19:33:29,-40.008,375.793,636.291,593.811,596.527,-0.361,-40.790
18.11.2021 19:33:30,-39.908,376.586,636.993,595.001,597.198,-0.292,-40.715
18.11.2021 19:33:31,-39.807,377.441,638.000,595.642,597.991,-0.311,-40.665
18.11.2021 19:33:32,-39.704,378.479,638.641,595.916,598.602,-0.356,-40.536
18.11.2021 19:33:33,-39.604,378.662,639.129,597.015,599.121,-0.278,-40.556
18.11.2021 19:33:34,-39.503,379.364,640.441,597.259,600.006,-0.363,-40.571
18.11.2021 19:33:35,-39.403,380.706,641.235,598.541,600.402,-0.246,-40.401
18.11.2021 19:33:36,-39.305,381.042,642.120,598.815,601.440,-0.346,-40.438
18.11.2021 19:33:37,-39.202,382.019,642.517,600.280,602.050,-0.233,-40.294
18.11.2021 19:33:38,-39.106,382.141,643.218,600.494,603.179,-0.353,-40.351
18.11.2021 19:33:39,-39.008,383.087,644.134,601.074,603.271,-0.289,-40.274
18.11.2021 19:33:40,-38.900,383.392,644.561,602.142,604.522,-0.312,-40.264
18.11.2021 19:33:41,-38.805,384.216,645.233,602.447,604.888,-0.320,-40.182
18.11.2021 19:33:42,-38.707,385.009,645.568,603.515,605.682,-0.283,-40.067
18.11.2021 19:33:43,-38.601,385.742,646.209,603.607,606.109,-0.327,-40.000
18.11.2021 19:33:44,-38.503,386.199,647.003,604.614,607.360,-0.359,-40.003
18.11.2021 19:33:45,-38.408,387.084,647.674,605.529,607.696,-0.283,-39.910
18.11.2021 19:33:46,-38.305,387.908,648.071,605.957,608.123,-0.282,-39.798
18.11.2021 19:33:47,-38.207,388.458,648.834,607.055,608.856,-0.234,-39.780
18.11.2021 19:33:48,-38.109,389.282,649.566,607.391,609.558,-0.282,-39.706
18.11.2021 19:33:49,-38.008,390.258,649.841,608.276,610.137,-0.242,-39.552
18.11.2021 19:33:51,-37.905,390.930,651.000,609.008,610.992,-0.257,-39.556
18.11.2021 19:33:52,-37.795,391.815,651.153,609.741,612.152,-0.312,-39.406
18.11.2021 19:33:53,-37.707,392.333,651.672,610.290,612.274,-0.257,-39.367
18.11.2021 19:33:54,-37.604,392.913,652.709,611.206,613.433,-0.288,-39.375
18.11.2021 19:33:55,-37.508,393.859,653.228,611.541,613.586,-0.264,-39.255
18.11.2021 19:33:56,-37.398,394.866,653.747,612.579,614.440,-0.240,-39.124
18.11.2021 19:33:57,-37.307,395.080,654.418,612.579,615.173,-0.334,-39.161
18.11.2021 19:33:58,-37.194,395.660,655.181,613.555,615.478,-0.247,-39.138
18.11.2021 19:33:59,-37.109,396.453,655.639,614.105,616.424,-0.298,-39.041
18.11.2021 19:34:00,-37.008,397.735,656.280,614.562,617.156,-0.333,-38.874
18.11.2021 19:34:01,-36.908,398.559,656.555,615.325,617.828,-0.321,-38.751
18.11.2021 19:34:02,-36.805,399.078,657.043,616.149,618.774,-0.336,-38.709
18.11.2021 19:34:03,-36.704,399.627,657.592,616.546,618.591,-0.262,-38.669
18.11.2021 19:34:04,-36.609,400.268,658.020,616.821,619.689,-0.367,-38.598
18.11.2021 19:34:05,-36.508,401.031,657.897,617.828,619.903,-0.265,-38.442
18.11.2021 19:34:06,-36.403,401.733,658.599,618.286,621.002,-0.347,-38.391
18.11.2021 19:34:07,-36.307,402.984,658.843,618.560,620.910,-0.300,-38.187
18.11.2021 19:34:08,-36.207,402.801,659.057,618.530,621.246,-0.347,-38.245
18.11.2021 19:34:09,-36.104,403.625,659.606,619.140,621.856,-0.346,-38.154
18.11.2021 19:34:10,-35.993,404.022,659.729,619.598,622.375,-0.354,-38.095
18.11.2021 19:34:11,-35.908,405.334,660.125,620.391,623.352,-0.377,-37.898
18.11.2021 19:34:12,-35.807,405.944,660.003,620.544,623.016,-0.315,-37.771
18.11.2021 19:34:13,-35.697,406.433,660.247,620.849,623.779,-0.373,-37.709
18.11.2021 19:34:14,-35.601,407.257,660.705,621.520,624.084,-0.326,-37.610
18.11.2021 19:34:15,-35.498,407.348,660.491,621.856,624.542,-0.341,-37.569
18.11.2021 19:34:16,-35.400,408.721,660.888,622.283,625.091,-0.356,-37.362
18.11.2021 19:34:17,-35.295,409.149,661.346,623.138,625.549,-0.305,-37.335
18.11.2021 19:34:18,-35.204,409.606,661.529,622.924,625.579,-0.337,-37.272
18.11.2021 19:34:19,-35.106,410.003,661.834,623.626,626.098,-0.313,-37.234
18.11.2021 19:34:20,-35.006,410.980,661.926,623.901,626.434,-0.321,-37.067
18.11.2021 19:34:21,-34.908,411.773,662.109,624.267,626.953,-0.340,-36.943
18.11.2021 19:34:22,-34.797,412.048,662.567,624.908,627.288,-0.301,-36.945
18.11.2021 19:34:23,-34.692,412.628,663.024,624.938,627.532,-0.328,-36.891
18.11.2021 19:34:24,-34.601,413.360,662.963,625.274,627.593,-0.293,-36.751
18.11.2021 19:34:25,-34.501,413.543,663.330,625.549,628.173,-0.331,-36.759
18.11.2021 19:34:26,-34.405,414.276,664.093,625.976,628.753,-0.350,-36.713
18.11.2021 19:34:27,-34.307,414.642,664.520,626.129,628.723,-0.327,-36.695
18.11.2021 19:34:28,-34.199,414.825,664.611,626.434,628.967,-0.319,-36.672
18.11.2021 19:34:29,-34.109,415.954,665.130,626.831,629.272,-0.308,-36.527
18.11.2021 19:34:30,-34.008,416.198,665.618,627.716,629.150,-0.180,-36.538
18.11.2021 19:34:31,-33.898,416.595,665.863,627.716,629.669,-0.246,-36.494
18.11.2021 19:34:32,-33.805,417.205,666.595,627.899,630.004,-0.265,-36.466
18.11.2021 19:34:33,-33.702,417.572,667.205,628.143,630.218,-0.261,-36.469
18.11.2021 19:34:34,-33.609,417.968,667.755,628.448,630.401,-0.245,-36.460
18.11.2021 19:34:35,-33.508,418.243,667.785,628.662,630.706,-0.257,-36.414
18.11.2021 19:34:36,-33.403,418.609,667.907,629.302,631.225,-0.241,-36.362
18.11.2021 19:34:37,-33.300,419.006,668.518,628.936,631.134,-0.276,-36.359
18.11.2021 19:34:38,-33.204,419.952,668.731,629.241,631.439,-0.276,-36.214
18.11.2021 19:34:39,-33.101,419.799,669.433,629.272,631.195,-0.241,-36.320
18.11.2021 19:34:40,-33.001,420.471,669.250,629.364,631.866,-0.314,-36.180
18.11.2021 19:34:43,-32.893,421.325,669.189,629.425,631.713,-0.287,-36.020
18.11.2021 19:34:44,-32.792,421.844,670.074,629.394,631.622,-0.279,-36.027
18.11.2021 19:34:47,-32.692,422.119,670.288,629.608,632.049,-0.306,-36.002
18.11.2021 19:34:48,-32.604,422.790,669.952,629.577,632.293,-0.341,-35.845
18.11.2021 19:34:49,-32.508,423.278,670.837,629.943,632.110,-0.272,-35.857
18.11.2021 19:34:50,-32.395,423.980,670.440,630.065,632.476,-0.302,-35.688
18.11.2021 19:34:51,-32.307,424.041,670.562,630.126,632.415,-0.287,-35.691
18.11.2021 19:34:52,-32.194,424.713,671.020,630.279,632.934,-0.333,-35.624
18.11.2021 19:34:53,-32.099,425.628,670.898,630.828,632.690,-0.233,-35.448
18.11.2021 19:34:54,-32.006,425.811,670.959,631.103,633.331,-0.279,-35.422
18.11.2021 19:34:55,-31.908,426.696,671.356,630.950,633.392,-0.306,-35.310
18.11.2021 19:34:56,-31.807,427.032,671.813,631.011,633.148,-0.267,-35.303
18.11.2021 19:34:57,-31.704,427.795,671.447,631.469,633.361,-0.237,-35.127
18.11.2021 19:34:58,-31.594,428.436,671.417,631.744,633.239,-0.187,-35.011
18.11.2021 19:34:59,-31.506,428.894,671.600,631.805,633.422,-0.202,-34.951
18.11.2021 19:35:00,-31.395,429.382,671.691,631.652,633.178,-0.191,-34.875
18.11.2021 19:35:01,-31.297,430.267,672.180,631.408,633.544,-0.267,-34.775
18.11.2021 19:35:02,-31.199,430.664,671.905,631.866,633.941,-0.259,-34.675
18.11.2021 19:35:03,-31.106,430.938,671.783,632.171,633.911,-0.217,-34.613
18.11.2021 19:35:04,-31.008,431.915,672.302,632.507,634.246,-0.217,-34.500
18.11.2021 19:35:05,-30.898,432.189,671.905,632.385,634.277,-0.236,-34.408
18.11.2021 19:35:06,-30.800,432.830,672.027,632.995,634.918,-0.240,-34.309
18.11.2021 19:35:07,-30.702,433.471,672.180,633.178,634.948,-0.221,-34.215
18.11.2021 19:35:08,-30.604,433.776,672.607,632.812,634.552,-0.217,-34.210
18.11.2021 19:35:09,-30.501,434.722,672.515,632.995,634.979,-0.247,-34.035
18.11.2021 19:35:10,-30.405,434.722,672.027,633.392,634.613,-0.152,-33.980
18.11.2021 19:35:11,-30.307,435.516,671.875,632.934,635.253,-0.289,-33.825
18.11.2021 19:35:12,-30.207,436.065,671.752,633.300,634.765,-0.183,-33.716
18.11.2021 19:35:13,-30.106,436.340,671.752,633.361,635.314,-0.243,-33.668
18.11.2021 19:35:14,-30.003,437.194,671.813,633.636,635.803,-0.270,-33.527
18.11.2021 19:35:15,-29.908,437.652,671.569,633.575,635.406,-0.228,-33.420
18.11.2021 19:35:16,-29.800,438.110,671.203,633.819,635.711,-0.236,-33.300
18.11.2021 19:35:17,-29.707,438.903,671.264,633.758,635.192,-0.179,-33.169
18.11.2021 19:35:18,-29.604,439.636,671.356,634.063,635.833,-0.220,-33.053
18.11.2021 19:35:19,-29.506,439.605,671.386,634.063,636.230,-0.270,-33.062
18.11.2021 19:35:20,-29.403,440.277,671.447,634.124,635.833,-0.213,-32.953
18.11.2021 19:35:21,-29.305,441.467,670.959,634.582,636.138,-0.194,-32.693
18.11.2021 19:35:22,-29.204,441.345,670.745,635.345,636.016,-0.083,-32.690
18.11.2021 19:35:23,-29.106,441.802,670.776,634.887,636.322,-0.178,-32.615
18.11.2021 19:35:24,-29.006,442.443,670.135,635.467,636.444,-0.121,-32.432
18.11.2021 19:35:25,-28.905,442.657,670.593,635.620,637.268,-0.205,-32.448
18.11.2021 19:35:26,-28.807,443.359,670.135,635.437,637.023,-0.197,-32.276
18.11.2021 19:35:27,-28.704,443.939,669.769,635.345,636.810,-0.182,-32.135
18.11.2021 19:35:28,-28.609,444.427,670.043,635.498,637.420,-0.239,-32.082
18.11.2021 19:35:29,-28.503,445.007,669.555,636.016,637.115,-0.136,-31.928
18.11.2021 19:35:30,-28.405,445.709,670.196,636.016,637.725,-0.212,-31.881
18.11.2021 19:35:31,-28.302,446.594,670.074,636.444,637.847,-0.174,-31.716
18.11.2021 19:35:32,-28.194,446.929,669.860,636.352,637.908,-0.193,-31.635
18.11.2021 19:35:33,-28.109,447.723,670.135,636.535,638.336,-0.223,-31.531
18.11.2021 19:35:34,-28.006,447.662,670.318,637.054,638.336,-0.159,-31.562
18.11.2021 19:35:36,-27.895,448.242,670.440,636.962,638.488,-0.189,-31.477
18.11.2021 19:35:37,-27.802,448.699,670.898,637.420,638.092,-0.083,-31.452
18.11.2021 19:35:38,-27.699,449.462,670.715,637.207,639.312,-0.261,-31.301
18.11.2021 19:35:39,-27.601,449.920,670.440,637.359,638.916,-0.193,-31.193
18.11.2021 19:35:40,-27.508,449.737,670.806,637.481,639.221,-0.215,-31.265
18.11.2021 19:35:41,-27.403,450.164,670.684,637.786,639.526,-0.215,-31.179
18.11.2021 19:35:42,-27.305,450.897,670.623,638.488,639.434,-0.117,-31.048
18.11.2021 19:35:43,-27.192,451.416,670.715,638.214,639.770,-0.193,-30.971
18.11.2021 19:35:44,-27.099,452.301,671.112,638.519,640.136,-0.200,-30.867
18.11.2021 19:35:45,-26.993,452.636,670.989,638.458,639.892,-0.177,-30.796
18.11.2021 19:35:46,-26.905,453.338,670.989,638.488,640.167,-0.208,-30.678
18.11.2021 19:35:47,-26.802,453.552,671.295,638.916,640.045,-0.139,-30.677
18.11.2021 19:35:48,-26.707,454.223,671.356,639.068,640.380,-0.162,-30.571
18.11.2021 19:35:49,-26.609,455.291,671.142,639.984,640.411,-0.052,-30.368
18.11.2021 19:35:50,-26.506,455.810,671.020,639.617,640.197,-0.071,-30.267
18.11.2021 19:35:51,-26.408,456.817,671.081,639.892,641.021,-0.139,-30.105
18.11.2021 19:35:52,-26.297,456.970,671.142,639.556,640.930,-0.169,-30.087
18.11.2021 19:35:53,-26.197,457.702,671.264,640.014,641.357,-0.166,-29.978
18.11.2021 19:35:54,-26.109,458.465,670.989,640.380,641.540,-0.143,-29.820
18.11.2021 19:35:55,-26.001,459.411,670.867,640.594,641.845,-0.154,-29.648
18.11.2021 19:35:56,-25.900,459.960,670.684,640.991,642.059,-0.131,-29.536
18.11.2021 19:35:57,-25.807,460.784,670.745,641.052,641.937,-0.109,-29.406
18.11.2021 19:35:58,-25.697,461.914,670.806,641.143,642.242,-0.135,-29.226
18.11.2021 19:35:59,-25.609,462.066,670.623,641.479,642.547,-0.131,-29.179
18.11.2021 19:36:00,-25.501,462.799,670.654,641.326,642.517,-0.146,-29.062
18.11.2021 19:36:01,-25.403,463.958,670.562,642.547,643.127,-0.071,-28.860
18.11.2021 19:36:02,-25.305,464.324,670.959,641.937,643.127,-0.146,-28.844
18.11.2021 19:36:03,-25.207,465.423,669.952,642.150,643.463,-0.161,-28.548
18.11.2021 19:36:04,-25.104,466.033,669.799,642.242,643.493,-0.154,-28.430
18.11.2021 19:36:05,-25.006,466.796,670.166,642.730,644.012,-0.157,-28.347
18.11.2021 19:36:06,-24.908,467.193,669.525,643.280,644.317,-0.127,-28.208
18.11.2021 19:36:07,-24.800,468.078,669.158,642.730,644.653,-0.236,-28.021
18.11.2021 19:36:08,-24.702,468.841,669.616,643.463,644.714,-0.153,-27.948
18.11.2021 19:36:09,-24.604,469.085,669.586,643.615,644.439,-0.101,-27.905
18.11.2021 19:36:10,-24.506,470.611,668.731,643.157,644.744,-0.195,-27.557
18.11.2021 19:36:11,-24.405,471.557,668.701,644.073,645.263,-0.146,-27.399
18.11.2021 19:36:12,-24.297,471.527,668.426,643.615,644.866,-0.153,-27.373
18.11.2021 19:36:13,-24.197,472.869,668.243,644.470,645.660,-0.146,-27.133
18.11.2021 19:36:14,-24.106,473.144,668.273,644.012,645.629,-0.198,-27.092
18.11.2021 19:36:15,-24.003,474.151,668.090,644.775,645.751,-0.119,-26.907
18.11.2021 19:36:16,-23.895,475.158,667.541,644.836,645.446,-0.074,-26.681
18.11.2021 19:36:17,-23.807,475.646,667.480,644.927,645.965,-0.127,-26.595
18.11.2021 19:36:18,-23.692,476.165,666.931,644.989,646.118,-0.138,-26.447
18.11.2021 19:36:19,-23.599,476.837,666.961,645.568,646.057,-0.059,-26.342
18.11.2021 19:36:20,-23.503,477.752,666.473,645.416,646.118,-0.086,-26.138
18.11.2021 19:36:21,-23.395,478.576,666.503,645.629,646.301,-0.082,-26.009
18.11.2021 19:36:22,-23.297,478.973,666.259,645.507,646.697,-0.145,-25.916
18.11.2021 19:36:23,-23.202,479.431,665.588,645.904,646.820,-0.112,-25.765
18.11.2021 19:36:24,-23.104,480.468,665.588,646.118,647.216,-0.134,-25.598
18.11.2021 19:36:25,-23.008,481.018,665.405,646.453,646.911,-0.056,-25.489
18.11.2021 19:36:26,-22.893,481.658,665.100,646.179,647.369,-0.145,-25.351
18.11.2021 19:36:27,-22.792,482.574,664.764,646.392,647.521,-0.138,-25.165
18.11.2021 19:36:28,-22.704,482.879,664.184,646.453,647.705,-0.153,-25.049
18.11.2021 19:36:29,-22.599,483.367,664.031,646.453,647.735,-0.156,-24.953
18.11.2021 19:36:30,-22.493,484.375,663.482,647.033,647.460,-0.052,-24.728
18.11.2021 19:36:31,-22.405,484.954,663.818,646.392,648.040,-0.201,-24.675
18.11.2021 19:36:34,-22.295,486.236,663.574,646.667,647.918,-0.153,-24.442
18.11.2021 19:36:35,-22.202,487.060,663.818,646.667,648.071,-0.171,-24.339
18.11.2021 19:36:36,-22.099,487.701,663.208,646.972,648.254,-0.156,-24.167
18.11.2021 19:36:37,-21.993,488.342,663.452,647.064,647.979,-0.112,-24.093
18.11.2021 19:36:38,-21.905,488.739,662.902,646.881,647.857,-0.119,-23.966
18.11.2021 19:36:39,-21.807,489.318,663.055,647.155,648.468,-0.160,-23.892
18.11.2021 19:36:40,-21.704,490.142,662.902,647.705,648.101,-0.048,-23.744
18.11.2021 19:36:41,-21.609,490.661,662.567,647.277,648.590,-0.160,-23.623
18.11.2021 19:36:42,-21.506,491.821,662.536,647.857,648.345,-0.059,-23.437
18.11.2021 19:36:43,-21.393,492.126,662.109,647.277,648.498,-0.149,-23.338
18.11.2021 19:36:44,-21.305,492.919,662.109,647.460,648.406,-0.115,-23.214
18.11.2021 19:36:45,-21.207,493.652,661.834,647.216,648.773,-0.190,-23.066
18.11.2021 19:36:46,-21.094,494.323,661.437,647.308,648.254,-0.115,-22.914
18.11.2021 19:36:47,-21.001,495.086,661.346,647.186,648.712,-0.186,-22.784
18.11.2021 19:36:48,-20.900,496.002,660.980,647.460,648.254,-0.097,-22.597
18.11.2021 19:36:49,-20.802,496.856,660.827,647.308,648.468,-0.141,-22.446
18.11.2021 19:36:50,-20.704,497.344,660.919,647.064,648.193,-0.138,-22.380
18.11.2021 19:36:51,-20.599,498.168,661.102,646.850,648.223,-0.168,-22.273
18.11.2021 19:36:52,-20.501,498.748,660.034,647.033,647.735,-0.085,-22.057
18.11.2021 19:36:53,-20.405,499.450,659.881,647.277,647.735,-0.056,-21.930
18.11.2021 19:36:54,-20.305,500.640,659.454,647.216,647.796,-0.070,-21.695
18.11.2021 19:36:55,-20.207,500.396,659.545,646.850,647.918,-0.130,-21.743
18.11.2021 19:36:56,-20.094,501.647,659.240,647.216,648.223,-0.123,-21.513
18.11.2021 19:36:57,-19.998,502.105,658.905,646.484,647.521,-0.127,-21.403
18.11.2021 19:36:58,-19.903,503.143,658.813,647.003,648.162,-0.141,-21.231
18.11.2021 19:36:59,-19.802,503.906,657.867,646.850,647.888,-0.127,-21.001
18.11.2021 19:37:00,-19.694,504.364,657.714,646.697,647.796,-0.134,-20.913
18.11.2021 19:37:01,-19.601,505.706,657.196,646.514,647.735,-0.149,-20.644
18.11.2021 19:37:02,-19.503,506.042,657.257,646.606,647.521,-0.112,-20.600
18.11.2021 19:37:03,-19.400,507.263,656.494,646.514,647.827,-0.160,-20.322
18.11.2021 19:37:04,-19.297,507.690,656.158,646.789,647.369,-0.071,-20.216
18.11.2021 19:37:05,-19.199,508.605,656.341,646.118,647.216,-0.134,-20.097
18.11.2021 19:37:06,-19.096,509.490,655.731,646.179,647.186,-0.123,-19.889
18.11.2021 19:37:07,-19.003,509.948,655.059,645.721,647.125,-0.172,-19.739
18.11.2021 19:37:08,-18.905,510.864,654.754,645.874,647.064,-0.145,-19.563
18.11.2021 19:37:09,-18.805,511.627,654.205,645.568,646.789,-0.149,-19.381
18.11.2021 19:37:10,-18.692,512.542,653.808,645.416,646.911,-0.183,-19.194
18.11.2021 19:37:11,-18.606,512.908,653.717,645.751,646.545,-0.097,-19.127
18.11.2021 19:37:12,-18.498,513.702,653.289,644.897,646.362,-0.179,-18.956
18.11.2021 19:37:13,-18.398,514.831,651.855,644.836,645.843,-0.123,-18.612
18.11.2021 19:37:14,-18.295,515.502,651.947,644.775,645.904,-0.138,-18.521
18.11.2021 19:37:15,-18.207,516.143,651.123,644.683,645.965,-0.157,-18.325
18.11.2021 19:37:16,-18.101,516.571,650.543,644.134,645.385,-0.153,-18.191
18.11.2021 19:37:17,-18.008,517.395,650.451,644.531,645.599,-0.131,-18.055
18.11.2021 19:37:18,-17.908,518.341,649.414,644.042,644.958,-0.112,-17.788
18.11.2021 19:37:19,-17.805,518.585,649.230,643.707,645.172,-0.180,-17.729
18.11.2021 19:37:20,-17.702,519.775,648.284,643.890,644.714,-0.101,-17.435
18.11.2021 19:37:22,-17.606,519.897,648.010,643.920,644.592,-0.082,-17.384
18.11.2021 19:37:23,-17.493,520.751,647.857,643.554,644.836,-0.157,-17.237
18.11.2021 19:37:24,-17.400,521.270,647.338,643.371,644.104,-0.090,-17.096
18.11.2021 19:37:25,-17.305,521.728,646.179,643.127,643.890,-0.093,-16.887
18.11.2021 19:37:26,-17.207,522.247,645.629,642.822,643.798,-0.120,-16.742
18.11.2021 19:37:27,-17.106,522.796,645.324,642.944,643.676,-0.090,-16.623
18.11.2021 19:37:28,-17.006,523.254,644.592,642.547,643.341,-0.097,-16.465
18.11.2021 19:37:29,-16.905,523.803,644.195,642.517,643.066,-0.067,-16.335
18.11.2021 19:37:30,-16.802,524.139,643.493,641.784,642.974,-0.146,-16.199
18.11.2021 19:37:31,-16.699,524.810,642.883,642.028,642.883,-0.105,-16.024
18.11.2021 19:37:32,-16.606,524.871,642.761,642.150,642.517,-0.045,-16.000
18.11.2021 19:37:33,-16.501,525.604,641.998,641.113,642.578,-0.180,-15.798
18.11.2021 19:37:34,-16.393,525.756,641.601,640.960,641.784,-0.101,-15.726
18.11.2021 19:37:35,-16.302,526.092,641.418,640.716,641.693,-0.120,-15.654
18.11.2021 19:37:36,-16.202,527.069,640.502,640.655,641.204,-0.067,-15.396
18.11.2021 19:37:37,-16.106,527.160,639.984,639.831,641.082,-0.154,-15.319
18.11.2021 19:37:38,-16.001,527.618,640.075,639.556,640.594,-0.128,-15.262
18.11.2021 19:37:39,-15.903,528.076,639.831,639.465,640.411,-0.117,-15.164
18.11.2021 19:37:40,-15.802,528.869,639.648,639.373,639.739,-0.045,-15.024
18.11.2021 19:37:41,-15.699,529.449,639.160,639.190,639.709,-0.064,-14.878
18.11.2021 19:37:42,-15.599,529.815,638.671,638.580,639.648,-0.132,-14.763
18.11.2021 19:37:43,-15.503,529.937,638.214,638.366,639.251,-0.109,-14.689
18.11.2021 19:37:44,-15.405,530.456,638.366,638.061,638.732,-0.083,-14.631
18.11.2021 19:37:45,-15.297,531.219,637.420,638.061,638.977,-0.113,-14.401
18.11.2021 19:37:46,-15.207,531.219,637.298,637.908,638.397,-0.060,-14.386
18.11.2021 19:37:47,-15.101,531.585,636.688,637.725,638.153,-0.053,-14.257
18.11.2021 19:37:48,-15.003,532.196,636.077,636.932,638.000,-0.132,-14.091
18.11.2021 19:37:49,-14.900,532.470,635.864,637.023,637.451,-0.053,-14.024
18.11.2021 19:37:50,-14.807,533.111,635.284,636.291,637.329,-0.129,-13.858
18.11.2021 19:37:51,-14.702,533.111,635.345,636.383,636.810,-0.053,-13.866
18.11.2021 19:37:52,-14.609,533.691,634.490,636.169,636.871,-0.087,-13.674
18.11.2021 19:37:53,-14.493,534.362,634.399,636.016,636.474,-0.057,-13.564
18.11.2021 19:37:54,-14.393,534.454,634.002,635.589,635.955,-0.045,-13.501
18.11.2021 19:37:55,-14.300,534.851,633.392,634.948,635.650,-0.087,-13.367
18.11.2021 19:37:56,-14.197,534.851,632.537,634.826,635.314,-0.060,-13.261
18.11.2021 19:37:57,-14.104,535.491,632.293,634.155,635.345,-0.148,-13.136
18.11.2021 19:37:58,-13.996,535.552,631.500,634.338,634.674,-0.041,-13.029
18.11.2021 19:37:59,-13.905,536.010,631.652,634.429,634.399,0.003,-12.980
18.11.2021 19:38:00,-13.805,536.102,630.737,633.972,634.033,-0.007,-12.853
18.11.2021 19:38:01,-13.699,536.376,630.584,633.544,633.483,0.007,-12.793
18.11.2021 19:38:02,-13.606,537.628,630.096,632.934,633.880,-0.118,-12.549
18.11.2021 19:38:03,-13.501,537.506,629.547,632.873,633.056,-0.022,-12.498
18.11.2021 19:38:04,-13.395,538.116,629.150,632.019,632.965,-0.118,-12.359
18.11.2021 19:38:05,-13.300,538.421,628.723,632.293,632.720,-0.053,-12.261
18.11.2021 19:38:06,-13.192,539.123,628.479,631.835,632.446,-0.076,-12.128
18.11.2021 19:38:07,-13.104,539.703,628.173,631.713,632.171,-0.057,-12.005
18.11.2021 19:38:08,-12.998,540.100,627.258,630.706,631.469,-0.095,-11.832
18.11.2021 19:38:09,-12.905,540.740,627.075,630.554,631.866,-0.164,-11.715
18.11.2021 19:38:10,-12.807,541.168,626.251,630.798,631.072,-0.034,-11.550
18.11.2021 19:38:11,-12.704,541.351,626.251,630.218,630.889,-0.084,-11.523
18.11.2021 19:38:12,-12.604,542.388,625.152,629.791,630.432,-0.080,-11.234
18.11.2021 19:38:13,-12.501,542.907,625.335,629.913,629.913,0.000,-11.181
18.11.2021 19:38:16,-12.393,543.243,624.969,629.241,629.516,-0.034,-11.086
18.11.2021 19:38:17,-12.302,543.701,624.145,629.058,629.638,-0.073,-10.916
18.11.2021 19:38:20,-12.199,544.036,623.168,628.967,629.516,-0.069,-10.744
18.11.2021 19:38:21,-12.106,544.433,622.772,628.295,629.180,-0.111,-10.636
18.11.2021 19:38:22,-12.003,544.830,622.222,628.601,628.814,-0.026,-10.509
18.11.2021 19:38:24,-11.900,545.654,621.429,627.899,628.265,-0.046,-10.289
18.11.2021 19:38:25,-11.805,545.837,620.544,627.258,628.173,-0.115,-10.150
18.11.2021 19:38:26,-11.699,546.417,620.147,626.953,627.563,-0.077,-10.016
18.11.2021 19:38:27,-11.609,546.508,619.171,627.044,627.166,-0.015,-9.878
18.11.2021 19:38:28,-11.506,547.332,618.927,626.586,627.044,-0.057,-9.728
18.11.2021 19:38:29,-11.400,547.607,618.194,626.373,626.922,-0.069,-9.595
18.11.2021 19:38:30,-11.302,547.576,617.706,625.732,626.068,-0.042,-9.537
18.11.2021 19:38:31,-11.204,548.034,617.065,625.671,626.129,-0.057,-9.389
18.11.2021 19:38:32,-11.101,548.248,616.851,625.518,626.037,-0.065,-9.331
18.11.2021 19:38:33,-10.978,548.706,616.058,625.213,625.762,-0.069,-9.163
18.11.2021 19:38:34,-10.893,548.950,615.417,625.122,625.122,0.000,-9.046
18.11.2021 19:38:35,-10.807,549.285,614.837,624.603,624.908,-0.038,-8.923
18.11.2021 19:38:36,-10.692,549.407,614.562,624.511,624.603,-0.011,-8.871
18.11.2021 19:38:37,-10.604,549.468,613.983,623.870,625.030,-0.147,-8.787
18.11.2021 19:38:38,-10.498,549.621,613.464,624.237,623.840,0.050,-8.699
18.11.2021 19:38:39,-10.400,549.652,613.250,623.535,623.840,-0.038,-8.667
18.11.2021 19:38:40,-10.300,549.652,612.640,623.596,623.596,0.000,-8.588
18.11.2021 19:38:41,-10.207,549.957,612.243,623.229,623.474,-0.031,-8.493
18.11.2021 19:38:42,-10.109,550.384,611.755,622.955,623.199,-0.031,-8.369
18.11.2021 19:38:43,-10.003,549.926,611.114,622.955,623.046,-0.011,-8.351
18.11.2021 19:38:44,-9.908,551.086,611.206,622.863,623.016,-0.019,-8.197
18.11.2021 19:38:45,-9.807,550.994,610.382,622.497,622.467,0.003,-8.103
18.11.2021 19:38:46,-9.699,551.116,610.351,622.100,622.253,-0.019,-8.082
18.11.2021 19:38:47,-9.609,551.422,609.802,621.520,622.039,-0.066,-7.967
18.11.2021 19:38:48,-9.501,551.727,609.588,621.734,621.826,-0.011,-7.896
18.11.2021 19:38:49,-9.398,551.452,609.375,621.398,621.429,-0.003,-7.907
18.11.2021 19:38:50,-9.300,551.361,609.252,620.697,621.154,-0.058,-7.904
18.11.2021 19:38:51,-9.199,551.849,608.062,620.635,621.368,-0.093,-7.680
18.11.2021 19:38:52,-9.109,552.368,608.062,620.788,620.910,-0.015,-7.606
18.11.2021 19:38:53,-9.006,552.398,608.062,620.483,620.422,0.007,-7.601
18.11.2021 19:38:54,-8.908,552.612,607.391,620.300,619.934,0.046,-7.483
18.11.2021 19:38:55,-8.807,552.581,606.903,620.117,620.300,-0.023,-7.424
18.11.2021 19:38:56,-8.699,552.978,606.719,619.934,619.842,0.011,-7.344
18.11.2021 19:38:57,-8.604,553.253,606.445,619.720,620.025,-0.039,-7.268
18.11.2021 19:38:58,-8.506,553.833,605.865,619.476,619.262,0.027,-7.110
18.11.2021 19:38:59,-8.410,553.314,605.224,618.804,619.323,-0.066,-7.100
18.11.2021 19:39:00,-8.297,553.985,604.675,618.530,619.293,-0.097,-6.933
18.11.2021 19:39:01,-8.207,553.619,604.858,618.408,618.469,-0.007,-7.009
18.11.2021 19:39:02,-8.106,554.504,604.156,618.896,618.988,-0.011,-6.791
18.11.2021 19:39:03,-8.001,554.748,604.125,618.438,618.316,0.015,-6.752
18.11.2021 19:39:04,-7.903,554.779,603.271,617.675,618.164,-0.062,-6.636
18.11.2021 19:39:05,-7.797,554.962,602.966,617.736,617.828,-0.011,-6.570
18.11.2021 19:39:07,-7.699,555.114,602.355,617.034,617.767,-0.094,-6.468
18.11.2021 19:39:08,-7.599,555.328,602.142,617.401,616.912,0.062,-6.409
18.11.2021 19:39:09,-7.506,555.664,601.776,616.912,617.156,-0.031,-6.313
18.11.2021 19:39:10,-7.395,555.755,601.562,617.034,616.790,0.031,-6.272
18.11.2021 19:39:11,-7.305,555.969,601.745,616.485,616.210,0.035,-6.266
18.11.2021 19:39:12,-7.199,556.335,600.982,616.668,616.424,0.031,-6.113
18.11.2021 19:39:13,-7.099,556.762,600.372,616.027,616.302,-0.035,-5.972
18.11.2021 19:39:14,-7.001,557.220,600.585,616.455,616.607,-0.019,-5.935
18.11.2021 19:39:15,-6.903,557.312,599.609,616.058,615.631,0.054,-5.794
18.11.2021 19:39:16,-6.805,557.220,599.426,615.661,615.722,-0.007,-5.782
18.11.2021 19:39:17,-6.704,557.891,598.510,615.264,615.753,-0.062,-5.566
18.11.2021 19:39:18,-6.604,557.525,598.358,614.715,615.570,-0.110,-5.598
18.11.2021 19:39:19,-6.503,558.135,598.175,614.593,615.142,-0.070,-5.487
18.11.2021 19:39:20,-6.405,558.319,597.503,614.196,614.593,-0.051,-5.372
18.11.2021 19:39:21,-6.300,559.295,597.076,613.983,614.624,-0.082,-5.177
18.11.2021 19:39:22,-6.192,559.631,596.435,613.952,614.349,-0.051,-5.045
18.11.2021 19:39:23,-6.101,560.455,596.435,614.013,614.074,-0.007,-4.928
18.11.2021 19:39:24,-6.006,560.516,595.794,613.952,614.105,-0.019,-4.835
18.11.2021 19:39:25,-5.895,561.187,595.367,613.403,614.288,-0.114,-4.683
18.11.2021 19:39:26,-5.805,561.584,595.062,613.494,613.800,-0.039,-4.586
18.11.2021 19:39:27,-5.702,561.614,594.451,613.769,613.006,0.098,-4.501
18.11.2021 19:39:28,-5.609,562.316,593.383,613.067,613.433,-0.047,-4.260
18.11.2021 19:39:29,-5.503,562.103,593.109,613.281,613.159,0.015,-4.253
18.11.2021 19:39:30,-5.408,562.744,592.681,613.128,613.159,-0.003,-4.106
18.11.2021 19:39:31,-5.307,563.049,591.888,613.128,613.067,0.007,-3.957
18.11.2021 19:39:32,-5.204,563.018,591.796,613.098,613.281,-0.023,-3.949
18.11.2021 19:39:33,-5.106,563.385,590.606,612.945,612.762,0.023,-3.738
18.11.2021 19:39:34,-5.001,563.873,590.911,612.365,612.640,-0.035,-3.710
18.11.2021 19:39:35,-4.903,563.812,590.026,612.213,612.579,-0.047,-3.600
18.11.2021 19:39:36,-4.807,564.575,589.538,612.060,612.487,-0.055,-3.427
18.11.2021 19:39:37,-4.704,564.605,589.050,611.999,611.968,0.003,-3.357
18.11.2021 19:39:38,-4.599,564.575,588.806,612.030,612.121,-0.011,-3.329
18.11.2021 19:39:39,-4.501,564.971,588.195,611.846,612.091,-0.031,-3.191
18.11.2021 19:39:40,-4.398,564.575,588.378,611.785,612.274,-0.063,-3.271
18.11.2021 19:39:41,-4.300,564.727,587.554,611.633,611.907,-0.035,-3.139
18.11.2021 19:39:42,-4.199,565.093,587.127,611.175,611.633,-0.059,-3.030
18.11.2021 19:39:43,-4.101,565.307,586.547,610.809,611.267,-0.059,-2.922
18.11.2021 19:39:44,-3.998,565.521,586.517,610.900,611.175,-0.035,-2.888
18.11.2021 19:39:45,-3.900,565.460,586.181,611.053,610.656,0.051,-2.851
18.11.2021 19:39:46,-3.800,565.948,585.723,610.778,610.961,-0.023,-2.721
18.11.2021 19:39:47,-3.707,565.551,585.266,610.321,610.900,-0.075,-2.714
18.11.2021 19:39:48,-3.609,566.345,585.479,610.443,610.961,-0.067,-2.632
18.11.2021 19:39:49,-3.498,566.040,584.777,610.443,610.717,-0.035,-2.580
18.11.2021 19:39:50,-3.400,566.497,584.625,610.260,610.595,-0.043,-2.495
18.11.2021 19:39:51,-3.305,566.253,584.106,610.565,610.382,0.023,-2.459
18.11.2021 19:39:52,-3.202,566.467,584.014,610.290,610.382,-0.011,-2.417
18.11.2021 19:39:53,-3.096,567.108,583.984,609.985,610.382,-0.051,-2.323
18.11.2021 19:39:54,-3.003,567.382,583.831,609.771,610.107,-0.043,-2.264
18.11.2021 19:39:55,-2.900,567.626,583.251,609.954,609.893,0.007,-2.151
18.11.2021 19:39:56,-2.807,567.657,583.282,609.558,609.771,-0.027,-2.151
18.11.2021 19:39:57,-2.702,568.145,582.946,609.619,610.198,-0.075,-2.037
18.11.2021 19:39:58,-2.601,568.084,583.007,610.046,609.588,0.059,-2.054
18.11.2021 19:39:59,-2.506,568.420,582.824,609.802,609.832,-0.003,-1.982
18.11.2021 19:40:00,-2.408,568.664,582.611,609.436,609.558,-0.015,-1.919
18.11.2021 19:40:01,-2.307,568.908,582.244,609.558,609.893,-0.043,-1.835
18.11.2021 19:40:06,-2.192,569.091,581.756,609.466,609.436,0.003,-1.744
18.11.2021 19:40:07,-2.106,569.580,581.909,609.436,609.344,0.011,-1.696
18.11.2021 19:40:08,-2.006,569.519,581.787,609.558,609.802,-0.031,-1.688
18.11.2021 19:40:09,-1.903,569.915,581.207,609.191,609.405,-0.027,-1.554
18.11.2021 19:40:13,-1.792,570.251,580.932,609.497,609.710,-0.027,-1.470
18.11.2021 19:40:14,-1.707,570.007,580.627,609.130,609.130,0.000,-1.462
18.11.2021 19:40:15,-1.609,570.922,580.505,609.313,609.283,0.003,-1.318
18.11.2021 19:40:16,-1.501,570.983,580.108,609.039,608.703,0.043,-1.256
18.11.2021 19:40:17,-1.408,571.716,579.864,609.100,609.069,0.003,-1.121
18.11.2021 19:40:18,-1.300,571.380,579.895,609.100,609.191,-0.011,-1.172
18.11.2021 19:40:19,-1.202,572.113,579.071,609.100,609.008,0.011,-0.957
18.11.2021 19:40:20,-1.104,571.746,579.223,608.917,609.161,-0.031,-1.029
18.11.2021 19:40:21,-1.006,572.265,578.826,609.191,608.947,0.031,-0.903
18.11.2021 19:40:22,-0.900,572.479,578.521,609.069,609.039,0.003,-0.831
18.11.2021 19:40:23,-0.792,573.028,577.850,608.917,608.978,-0.007,-0.663
18.11.2021 19:40:24,-0.707,573.150,577.758,609.252,609.008,0.031,-0.634
18.11.2021 19:40:25,-0.601,573.913,577.423,609.069,608.612,0.059,-0.483
18.11.2021 19:40:26,-0.501,573.669,577.117,609.161,608.886,0.035,-0.474
18.11.2021 19:40:27,-0.405,574.676,576.995,609.069,609.008,0.007,-0.319
18.11.2021 19:40:28,-0.295,575.073,576.477,609.100,609.008,0.011,-0.193
18.11.2021 19:40:29,-0.202,575.164,576.507,609.039,609.252,-0.027,-0.184
18.11.2021 19:40:30,-0.099,575.683,576.690,609.191,608.856,0.043,-0.138
18.11.2021 19:40:31,-0.008,576.293,576.354,609.680,609.375,0.039,-0.008
18.11.2021 19:40:32,0.105,576.568,575.286,609.680,608.978,0.091,0.176
18.11.2021 19:40:33,0.193,576.965,575.195,609.344,608.856,0.063,0.243
18.11.2021 19:40:34,0.296,577.148,575.286,609.558,609.375,0.023,0.255
18.11.2021 19:40:35,0.391,578.002,574.523,608.947,609.313,-0.047,0.478
18.11.2021 19:40:36,0.497,578.552,573.974,609.344,609.466,-0.015,0.629
18.11.2021 19:40:37,0.595,578.308,573.791,609.191,609.222,-0.003,0.621
18.11.2021 19:40:38,0.695,579.467,573.242,609.283,609.588,-0.039,0.855
18.11.2021 19:40:39,0.796,578.979,572.937,608.886,609.191,-0.039,0.831
18.11.2021 19:40:40,0.899,579.986,572.875,609.497,609.191,0.039,0.977
18.11.2021 19:40:41,0.999,579.986,571.960,609.344,609.344,0.000,1.104
18.11.2021 19:40:42,1.102,580.749,571.777,609.130,609.161,-0.003,1.233
18.11.2021 19:40:43,1.208,580.963,571.166,609.283,609.375,-0.011,1.347
18.11.2021 19:40:44,1.301,581.451,571.105,609.527,609.771,-0.031,1.422
18.11.2021 19:40:45,1.406,581.665,570.648,609.802,609.466,0.043,1.515
18.11.2021 19:40:46,1.494,582.061,569.976,609.710,609.863,-0.019,1.662
18.11.2021 19:40:47,1.600,582.458,569.946,609.893,609.832,0.007,1.720
18.11.2021 19:40:48,1.700,582.580,569.305,609.741,609.741,0.000,1.826
18.11.2021 19:40:49,1.796,583.190,568.969,610.107,609.741,0.047,1.956
18.11.2021 19:40:50,1.894,583.007,569.030,609.466,609.893,-0.055,1.922
18.11.2021 19:40:51,1.997,583.435,568.359,610.290,610.321,-0.003,2.074
18.11.2021 19:40:53,2.095,583.526,568.298,609.802,610.015,-0.027,2.095
18.11.2021 19:40:54,2.198,583.953,567.871,609.985,610.351,-0.047,2.212
18.11.2021 19:40:55,2.298,584.472,567.840,610.168,610.778,-0.079,2.287
18.11.2021 19:40:56,2.401,584.503,567.382,610.595,610.717,-0.015,2.355
18.11.2021 19:40:57,2.492,584.991,567.108,610.473,610.351,0.015,2.459
18.11.2021 19:40:58,2.597,585.174,566.436,610.382,610.778,-0.051,2.578
18.11.2021 19:40:59,2.698,585.266,566.528,610.656,610.565,0.011,2.578
18.11.2021 19:41:00,2.803,585.144,566.528,610.717,610.748,-0.003,2.561
18.11.2021 19:41:01,2.891,585.662,566.406,611.145,610.809,0.043,2.648
18.11.2021 19:41:02,2.992,586.090,566.558,611.083,611.114,-0.003,2.685
18.11.2021 19:41:03,3.107,586.212,566.284,611.175,611.328,-0.019,2.740
18.11.2021 19:41:04,3.198,586.853,566.650,611.633,611.114,0.067,2.775
18.11.2021 19:41:05,3.293,586.975,566.009,611.877,611.206,0.086,2.881
18.11.2021 19:41:06,3.391,586.761,565.856,612.548,611.511,0.134,2.874
18.11.2021 19:41:07,3.499,587.677,565.704,612.152,611.755,0.051,3.019
18.11.2021 19:41:08,3.595,587.677,565.704,612.091,612.121,-0.003,3.019
18.11.2021 19:41:09,3.695,588.317,565.063,612.762,612.152,0.078,3.195
18.11.2021 19:41:10,3.803,588.165,565.185,612.365,612.304,0.007,3.157
18.11.2021 19:41:11,3.891,588.500,565.032,612.884,612.243,0.082,3.224
18.11.2021 19:41:12,3.999,589.263,565.124,612.884,612.945,-0.007,3.313
18.11.2021 19:41:13,4.100,589.385,564.605,613.159,612.792,0.047,3.403
18.11.2021 19:41:14,4.193,590.332,564.514,613.159,613.006,0.019,3.542
18.11.2021 19:41:15,4.298,590.332,564.361,613.739,613.098,0.082,3.564
18.11.2021 19:41:16,4.396,590.728,564.117,613.281,613.708,-0.055,3.651
18.11.2021 19:41:17,4.499,591.583,564.208,613.922,613.250,0.086,3.753
18.11.2021 19:41:18,4.600,591.461,563.934,613.281,613.922,-0.082,3.775
18.11.2021 19:41:19,4.703,592.132,563.507,614.135,613.586,0.070,3.925
18.11.2021 19:41:20,4.793,592.742,563.385,614.105,614.044,0.007,4.024
18.11.2021 19:41:21,4.891,593.170,562.927,614.288,613.952,0.043,4.145
18.11.2021 19:41:22,4.997,593.353,562.744,614.227,613.800,0.055,4.195
18.11.2021 19:41:23,5.107,593.872,562.744,614.593,614.654,-0.007,4.265
18.11.2021 19:41:24,5.193,594.360,562.652,614.288,614.440,-0.019,4.343
18.11.2021 19:41:25,5.303,594.604,562.042,615.081,614.715,0.047,4.461
18.11.2021 19:41:26,5.399,595.062,562.286,615.325,614.990,0.043,4.488
18.11.2021 19:41:27,5.492,595.733,561.981,615.203,615.203,0.000,4.620
18.11.2021 19:41:28,5.592,596.191,561.828,615.600,615.112,0.062,4.702
18.11.2021 19:41:29,5.703,596.740,561.523,615.631,615.447,0.023,4.818
18.11.2021 19:41:30,5.801,596.618,561.218,616.394,615.600,0.102,4.845
18.11.2021 19:41:31,5.896,596.557,560.699,616.363,616.088,0.035,4.910
18.11.2021 19:41:32,5.994,597.991,560.699,617.004,616.241,0.098,5.100
18.11.2021 19:41:33,6.100,597.839,560.394,616.607,616.363,0.031,5.123
18.11.2021 19:41:34,6.195,599.121,560.241,616.973,616.699,0.035,5.314
18.11.2021 19:41:35,6.298,599.395,560.119,617.248,616.851,0.050,5.368
18.11.2021 19:41:36,6.401,599.792,559.539,617.218,617.004,0.027,5.502
18.11.2021 19:41:37,6.492,600.006,559.295,617.187,617.248,-0.007,5.565
18.11.2021 19:41:38,6.595,600.585,558.807,618.103,617.767,0.043,5.710
18.11.2021 19:41:39,6.700,601.135,558.715,617.858,617.431,0.054,5.796
18.11.2021 19:41:40,6.801,601.928,558.197,618.011,617.797,0.027,5.973
18.11.2021 19:41:41,6.904,602.508,557.983,618.469,617.889,0.074,6.080
18.11.2021 19:41:42,6.997,602.783,557.067,618.377,618.103,0.035,6.246
18.11.2021 19:41:43,7.095,603.637,557.159,618.133,618.103,0.003,6.345
18.11.2021 19:41:44,7.195,604.095,556.671,618.682,618.194,0.062,6.474
18.11.2021 19:41:45,7.301,604.827,556.854,619.049,618.469,0.074,6.544
18.11.2021 19:41:46,7.391,605.224,555.603,619.476,618.652,0.105,6.774
18.11.2021 19:41:47,7.497,605.712,555.358,619.384,618.927,0.058,6.872
18.11.2021 19:41:48,7.592,606.170,554.321,619.750,618.804,0.121,7.080
18.11.2021 19:41:49,7.705,606.597,554.565,619.873,619.354,0.066,7.101
18.11.2021 19:41:50,7.803,607.147,553.619,620.239,619.628,0.078,7.308
18.11.2021 19:41:51,7.899,607.330,553.802,620.483,619.964,0.066,7.305
18.11.2021 19:41:52,7.992,607.879,553.588,621.154,620.025,0.144,7.407
18.11.2021 19:41:53,8.095,608.154,553.100,620.727,620.361,0.046,7.513
18.11.2021 19:41:54,8.195,608.795,552.246,621.582,620.910,0.085,7.718
18.11.2021 19:41:57,8.298,608.581,552.276,621.093,620.819,0.035,7.686
18.11.2021 19:42:00,8.406,608.856,551.483,622.161,620.880,0.163,7.835
18.11.2021 19:42:01,8.497,609.710,551.116,622.192,621.826,0.046,7.999
18.11.2021 19:42:03,8.605,609.466,551.025,622.131,622.039,0.011,7.980
18.11.2021 19:42:04,8.708,609.771,550.323,622.802,622.314,0.062,8.121
18.11.2021 19:42:05,8.793,609.863,550.292,622.833,622.375,0.058,8.137
18.11.2021 19:42:06,8.901,610.260,550.109,623.138,622.131,0.128,8.215
18.11.2021 19:42:07,8.999,610.961,549.713,623.565,622.863,0.089,8.362
18.11.2021 19:42:08,9.100,611.328,549.377,623.687,622.985,0.089,8.458
18.11.2021 19:42:09,9.195,611.175,549.072,623.840,623.107,0.093,8.482
18.11.2021 19:42:10,9.303,611.968,549.011,624.328,624.420,-0.011,8.593
18.11.2021 19:42:11,9.399,612.213,548.767,624.633,623.748,0.112,8.660
18.11.2021 19:42:12,9.497,612.670,548.400,624.664,624.176,0.061,8.772
18.11.2021 19:42:13,9.602,613.159,548.614,624.938,624.298,0.081,8.804
18.11.2021 19:42:14,9.703,613.464,548.034,625.122,624.694,0.054,8.927
18.11.2021 19:42:15,9.803,614.166,547.912,625.671,624.755,0.116,9.035
18.11.2021 19:42:16,9.899,614.013,547.424,625.457,625.274,0.023,9.086
18.11.2021 19:42:17,9.997,614.807,547.302,626.403,625.427,0.123,9.205
18.11.2021 19:42:18,10.092,615.447,547.515,626.220,625.915,0.038,9.257
18.11.2021 19:42:19,10.200,616.027,547.332,626.403,625.854,0.069,9.357
18.11.2021 19:42:20,10.296,616.271,546.875,626.861,626.373,0.061,9.455
18.11.2021 19:42:21,10.401,616.180,546.661,627.624,626.739,0.111,9.474
18.11.2021 19:42:22,10.502,617.034,547.210,627.716,627.166,0.069,9.504
18.11.2021 19:42:23,10.607,617.797,546.356,627.868,626.800,0.134,9.725
18.11.2021 19:42:24,10.693,618.103,546.173,628.082,627.777,0.038,9.790
18.11.2021 19:42:25,10.793,618.865,545.989,628.845,627.685,0.146,9.914
18.11.2021 19:42:26,10.891,618.896,545.715,628.417,627.929,0.061,9.958
18.11.2021 19:42:27,11.004,619.079,545.135,629.028,628.234,0.100,10.065
18.11.2021 19:42:28,11.102,619.720,544.952,629.119,628.387,0.092,10.173
18.11.2021 19:42:29,11.200,620.483,544.830,629.608,628.936,0.084,10.288
18.11.2021 19:42:30,11.301,620.605,544.586,629.211,628.875,0.042,10.339
18.11.2021 19:42:31,11.404,621.246,543.792,629.882,629.669,0.026,10.535
18.11.2021 19:42:32,11.494,621.368,543.395,630.065,629.333,0.092,10.608
18.11.2021 19:42:33,11.592,622.100,543.304,630.462,630.004,0.057,10.715
18.11.2021 19:42:34,11.705,622.283,542.694,630.676,629.638,0.130,10.827
18.11.2021 19:42:35,11.806,623.077,542.327,631.164,630.279,0.111,10.980
18.11.2021 19:42:36,11.899,623.657,541.870,631.134,630.279,0.107,11.120
18.11.2021 19:42:37,11.999,623.840,541.290,631.530,630.920,0.076,11.228
18.11.2021 19:42:39,12.102,624.664,540.771,631.378,630.828,0.068,11.407
18.11.2021 19:42:40,12.205,624.664,540.710,632.080,631.042,0.130,11.416
18.11.2021 19:42:41,12.306,625.457,539.764,631.744,631.652,0.011,11.654
18.11.2021 19:42:42,12.396,625.671,539.611,632.904,631.683,0.152,11.704
18.11.2021 19:42:43,12.499,626.434,539.245,632.598,632.019,0.072,11.853
18.11.2021 19:42:44,12.607,626.770,538.757,632.843,632.232,0.076,11.967
18.11.2021 19:42:45,12.698,627.410,538.146,633.209,632.751,0.057,12.137
18.11.2021 19:42:46,12.798,627.990,537.536,633.483,632.720,0.095,12.299
18.11.2021 19:42:47,12.896,628.387,536.712,633.819,633.300,0.064,12.469
18.11.2021 19:42:48,12.997,629.455,536.346,634.155,632.537,0.202,12.657
18.11.2021 19:42:49,13.092,629.669,535.522,634.002,633.422,0.072,12.804
18.11.2021 19:42:50,13.205,630.249,535.125,634.613,633.850,0.095,12.935
18.11.2021 19:42:51,13.293,630.554,534.362,634.765,634.063,0.087,13.086
18.11.2021 19:42:52,13.406,631.439,533.813,634.460,634.368,0.011,13.277
18.11.2021 19:42:53,13.494,632.019,533.172,635.253,634.216,0.129,13.444
18.11.2021 19:42:54,13.607,632.934,532.775,635.314,634.948,0.045,13.616
18.11.2021 19:42:55,13.708,633.361,531.982,635.803,634.948,0.106,13.786
18.11.2021 19:42:56,13.801,633.636,531.555,635.620,635.162,0.057,13.884
18.11.2021 19:42:57,13.904,634.613,530.578,636.383,635.223,0.144,14.149
18.11.2021 19:42:58,14.007,634.765,529.968,635.772,635.589,0.022,14.259
18.11.2021 19:42:59,14.105,635.375,529.022,636.322,635.833,0.060,14.475
18.11.2021 19:43:00,14.203,635.894,528.625,636.077,635.925,0.019,14.598
18.11.2021 19:43:01,14.306,636.779,527.770,637.023,636.138,0.110,14.834
18.11.2021 19:43:02,14.401,636.566,527.038,636.932,635.986,0.117,14.917
18.11.2021 19:43:03,14.502,637.145,526.611,637.084,636.413,0.083,15.052
18.11.2021 19:43:04,14.595,637.237,525.695,637.268,636.474,0.098,15.200
18.11.2021 19:43:05,14.698,638.000,525.085,637.481,636.840,0.079,15.385
18.11.2021 19:43:06,14.793,638.549,524.353,637.939,636.566,0.170,15.562
18.11.2021 19:43:07,14.891,638.427,524.261,637.756,637.207,0.068,15.561
18.11.2021 19:43:08,15.002,638.916,523.529,638.336,637.359,0.121,15.730
18.11.2021 19:43:09,15.102,638.824,523.162,638.549,637.420,0.140,15.774
18.11.2021 19:43:10,15.205,639.587,522.491,638.916,637.481,0.178,15.968
18.11.2021 19:43:11,15.303,639.617,521.942,639.007,637.786,0.151,16.055
18.11.2021 19:43:12,15.401,639.678,521.057,639.190,638.061,0.140,16.195
18.11.2021 19:43:13,15.499,640.197,521.026,638.854,638.031,0.102,16.263
18.11.2021 19:43:14,15.597,640.686,520.355,639.404,638.671,0.090,16.424
18.11.2021 19:43:15,15.695,640.472,519.622,639.709,638.732,0.121,16.509
18.11.2021 19:43:16,15.801,640.716,519.531,639.862,638.916,0.117,16.552
18.11.2021 19:43:17,15.901,640.838,519.195,640.197,638.519,0.208,16.618
18.11.2021 19:43:18,15.999,641.204,518.493,639.831,639.373,0.056,16.769
18.11.2021 19:43:19,16.100,641.357,517.883,640.411,639.587,0.102,16.880
18.11.2021 19:43:20,16.198,641.082,517.822,640.533,639.373,0.143,16.855
18.11.2021 19:43:21,16.301,642.272,516.113,640.380,639.556,0.102,17.259
18.11.2021 19:43:22,16.394,641.967,516.174,640.350,639.801,0.068,17.213
18.11.2021 19:43:23,16.504,642.730,515.838,640.686,640.045,0.079,17.357
18.11.2021 19:43:24,16.592,642.700,515.441,640.838,639.678,0.143,17.413
18.11.2021 19:43:25,16.708,643.127,514.434,640.869,639.862,0.124,17.618
18.11.2021 19:43:26,16.801,643.371,513.916,640.869,639.801,0.132,17.727
18.11.2021 19:43:27,16.899,644.012,513.122,640.991,640.045,0.117,17.926
18.11.2021 19:43:28,17.002,644.195,512.908,641.082,640.197,0.109,17.981
18.11.2021 19:43:29,17.092,644.256,512.268,640.747,640.167,0.071,18.086
18.11.2021 19:43:30,17.203,644.775,511.718,640.930,639.862,0.132,18.233
18.11.2021 19:43:31,17.303,644.897,510.650,640.991,639.953,0.128,18.411
18.11.2021 19:43:32,17.391,645.599,510.253,641.326,640.014,0.162,18.557
18.11.2021 19:43:33,17.497,645.965,509.765,641.113,640.136,0.120,18.676
18.11.2021 19:43:34,17.607,646.331,509.155,641.510,640.380,0.139,18.814
18.11.2021 19:43:35,17.693,646.118,508.636,641.265,639.739,0.188,18.867
18.11.2021 19:43:36,17.798,647.186,508.453,641.357,640.472,0.109,19.025
18.11.2021 19:43:37,17.894,647.552,507.202,641.601,640.350,0.154,19.261
18.11.2021 19:43:38,17.992,647.674,506.896,641.052,640.472,0.071,19.323
18.11.2021 19:43:39,18.105,647.888,505.645,641.662,640.106,0.192,19.542
18.11.2021 19:43:40,18.203,648.040,505.279,641.906,640.350,0.192,19.616
18.11.2021 19:43:41,18.303,649.078,504.699,641.876,640.594,0.158,19.831
18.11.2021 19:43:43,18.406,648.895,503.326,642.089,640.533,0.192,20.021
18.11.2021 19:43:44,18.492,649.261,503.021,641.662,639.739,0.237,20.113
18.11.2021 19:43:46,18.602,649.719,501.831,641.662,640.075,0.196,20.352
18.11.2021 19:43:47,18.700,650.695,501.251,642.242,640.563,0.207,20.559
18.11.2021 19:43:49,18.806,650.299,500.671,641.662,640.594,0.132,20.602
18.11.2021 19:43:50,18.901,651.092,499.786,641.510,640.197,0.162,20.835
18.11.2021 19:43:52,19.007,651.092,498.413,641.296,640.136,0.143,21.049
18.11.2021 19:43:53,19.105,651.519,497.955,641.418,639.953,0.181,21.171
18.11.2021 19:43:54,19.195,652.404,496.887,641.235,639.862,0.169,21.444
18.11.2021 19:43:55,19.298,652.587,496.215,640.960,639.953,0.124,21.571
18.11.2021 19:43:56,19.394,653.289,495.025,640.960,640.136,0.101,21.841
18.11.2021 19:43:57,19.497,653.686,494.689,641.143,639.526,0.200,21.941
18.11.2021 19:43:58,19.605,654.052,493.255,640.930,639.892,0.128,22.211
18.11.2021 19:43:59,19.695,654.571,492.889,640.869,639.190,0.207,22.330
18.11.2021 19:44:00,19.808,654.907,492.004,640.258,639.373,0.109,22.509
18.11.2021 19:44:01,19.904,655.212,490.966,640.655,639.129,0.188,22.709
18.11.2021 19:44:02,20.002,655.639,490.173,640.411,639.282,0.139,22.885
18.11.2021 19:44:03,20.095,655.883,489.318,640.441,639.007,0.177,23.050
18.11.2021 19:44:04,20.198,655.792,488.891,640.106,638.793,0.162,23.106
18.11.2021 19:44:05,20.306,656.341,487.823,640.655,638.854,0.223,23.341
18.11.2021 19:44:06,20.396,656.280,487.274,639.923,638.397,0.189,23.421
18.11.2021 19:44:07,20.492,656.433,486.053,640.167,638.732,0.177,23.633
18.11.2021 19:44:08,20.600,656.341,485.626,639.953,638.183,0.219,23.691
18.11.2021 19:44:09,20.700,656.982,484.680,639.953,637.908,0.253,23.917
18.11.2021 19:44:10,20.801,656.982,484.130,639.678,637.664,0.249,24.005
18.11.2021 19:44:11,20.899,656.799,483.215,639.526,637.481,0.253,24.130
18.11.2021 19:44:12,21.002,657.226,482.421,639.312,637.451,0.231,24.308
18.11.2021 19:44:13,21.092,657.318,481.170,639.099,637.664,0.178,24.519
18.11.2021 19:44:14,21.203,657.196,480.560,639.190,637.329,0.231,24.603
18.11.2021 19:44:15,21.296,656.921,479.766,638.580,636.932,0.204,24.699
18.11.2021 19:44:16,21.391,657.257,479.431,638.549,636.962,0.197,24.792
18.11.2021 19:44:17,21.499,657.318,478.790,638.397,636.566,0.227,24.903
18.11.2021 19:44:18,21.602,657.043,477.722,638.122,636.962,0.144,25.043
18.11.2021 19:44:19,21.693,656.982,476.806,638.153,636.352,0.223,25.184
18.11.2021 19:44:20,21.798,656.982,476.135,637.725,636.291,0.178,25.293
18.11.2021 19:44:21,21.899,657.745,475.433,637.756,636.138,0.201,25.496
18.11.2021 19:44:22,21.992,657.409,474.670,637.725,636.199,0.189,25.581
18.11.2021 19:44:23,22.102,657.348,474.151,637.451,635.620,0.227,25.658
18.11.2021 19:44:25,22.203,657.226,473.449,636.718,635.070,0.205,25.758
18.11.2021 19:44:26,22.308,657.379,472.534,637.298,635.162,0.266,25.925
18.11.2021 19:44:27,22.396,657.287,472.259,636.810,635.101,0.212,25.959
18.11.2021 19:44:28,22.499,657.348,471.740,636.230,634.796,0.178,26.051
18.11.2021 19:44:29,22.600,657.440,471.130,636.413,634.490,0.239,26.162
18.11.2021 19:44:30,22.700,657.348,470.520,636.322,634.521,0.224,26.251
18.11.2021 19:44:31,22.796,657.409,469.879,635.955,634.094,0.232,26.363
18.11.2021 19:44:32,22.896,657.318,469.482,635.833,633.941,0.236,26.418
18.11.2021 19:44:33,22.997,657.135,468.688,635.681,633.422,0.282,26.526
18.11.2021 19:44:34,23.102,657.287,468.017,635.223,633.361,0.232,26.655
18.11.2021 19:44:35,23.195,657.409,467.712,635.070,633.483,0.198,26.719
18.11.2021 19:44:36,23.303,657.379,467.041,634.735,632.354,0.297,26.826
18.11.2021 19:44:37,23.404,657.348,466.522,634.613,632.415,0.274,26.908
18.11.2021 19:44:38,23.499,657.592,466.217,634.521,631.958,0.320,26.987
18.11.2021 19:44:39,23.600,657.867,465.728,633.941,632.629,0.164,27.100
18.11.2021 19:44:40,23.700,657.592,464.935,634.277,631.835,0.305,27.199
18.11.2021 19:44:41,23.796,658.111,463.806,633.453,631.561,0.237,27.446
18.11.2021 19:44:42,23.891,657.989,463.439,633.178,631.256,0.240,27.493
18.11.2021 19:44:43,23.999,657.501,463.012,632.843,631.286,0.195,27.507
18.11.2021 19:44:44,24.090,658.111,462.036,633.178,630.645,0.317,27.740
18.11.2021 19:44:45,24.198,658.172,461.853,632.690,630.371,0.291,27.778
18.11.2021 19:44:46,24.293,658.416,460.876,632.720,630.432,0.287,27.969
18.11.2021 19:44:47,24.386,658.325,460.632,632.476,630.218,0.283,27.999
18.11.2021 19:44:48,24.494,658.996,459.594,632.110,629.760,0.295,28.250
18.11.2021 19:44:49,24.587,659.027,459.350,632.171,630.035,0.268,28.294
18.11.2021 19:44:50,24.690,659.454,458.526,631.774,629.760,0.253,28.482
18.11.2021 19:44:51,24.793,659.118,457.580,631.866,629.425,0.306,28.601
18.11.2021 19:44:52,24.886,659.759,457.122,631.500,629.516,0.249,28.752
18.11.2021 19:44:53,24.992,659.667,456.298,631.591,629.150,0.306,28.880
18.11.2021 19:44:54,25.092,660.003,455.627,631.072,628.753,0.291,29.032
18.11.2021 19:44:55,25.190,660.339,454.833,631.164,628.631,0.318,29.204
18.11.2021 19:44:56,25.291,660.827,453.979,630.645,628.906,0.218,29.405
18.11.2021 19:44:57,25.389,660.797,453.247,630.523,628.570,0.245,29.525
18.11.2021 19:44:58,25.489,660.522,452.545,630.676,628.143,0.318,29.611
18.11.2021 19:44:59,25.590,661.315,451.782,629.943,628.082,0.234,29.832
18.11.2021 19:45:00,25.693,660.980,451.171,630.310,627.563,0.346,29.897
18.11.2021 19:45:01,25.788,661.071,450.225,630.126,627.593,0.319,30.068
18.11.2021 19:45:02,25.896,661.560,449.310,629.821,627.105,0.342,30.279
18.11.2021 19:45:03,25.999,661.529,449.462,630.004,627.532,0.311,30.250
18.11.2021 19:45:04,26.092,661.529,448.394,629.821,626.953,0.361,30.432
18.11.2021 19:45:05,26.198,661.529,447.784,629.516,627.563,0.246,30.536
18.11.2021 19:45:06,26.296,661.743,446.746,629.486,627.258,0.280,30.737
18.11.2021 19:45:07,26.394,661.376,446.594,629.302,626.770,0.319,30.721
18.11.2021 19:45:08,26.494,661.987,445.648,629.333,627.166,0.273,30.953
18.11.2021 19:45:09,26.595,661.560,445.098,629.333,627.136,0.277,30.998
18.11.2021 19:45:10,26.695,661.376,444.641,629.089,626.770,0.292,31.055
18.11.2021 19:45:11,26.796,661.651,443.572,628.845,626.800,0.258,31.270
18.11.2021 19:45:12,26.889,661.193,443.328,628.692,626.586,0.265,31.259
18.11.2021 19:45:13,26.992,661.468,442.810,628.051,626.373,0.212,31.380
18.11.2021 19:45:14,27.095,661.010,441.925,628.295,626.098,0.277,31.479
18.11.2021 19:45:15,27.198,661.071,441.314,628.540,625.823,0.343,31.592
18.11.2021 19:45:16,27.296,661.102,440.582,627.929,625.976,0.246,31.722
18.11.2021 19:45:17,27.394,661.010,439.910,628.356,626.007,0.296,31.827
18.11.2021 19:45:18,27.494,661.041,439.819,627.655,625.610,0.258,31.846
18.11.2021 19:45:19,27.592,660.980,439.056,627.380,625.335,0.258,31.971
18.11.2021 19:45:20,27.688,660.919,438.415,627.929,625.396,0.320,32.075
18.11.2021 19:45:21,27.793,660.919,438.140,627.502,624.938,0.324,32.123
18.11.2021 19:45:22,27.896,660.675,437.225,627.288,625.061,0.281,32.254
18.11.2021 19:45:23,27.997,660.186,436.645,627.136,624.389,0.347,32.298
18.11.2021 19:45:24,28.102,659.729,435.852,627.380,624.603,0.351,32.384
18.11.2021 19:45:25,28.200,659.637,435.668,627.471,624.389,0.390,32.405
18.11.2021 19:45:26,28.301,659.759,434.417,626.983,624.267,0.344,32.638
18.11.2021 19:45:27,28.399,659.667,434.204,627.227,624.328,0.367,32.664
18.11.2021 19:45:28,28.499,659.332,433.959,627.410,624.084,0.421,32.668
18.11.2021 19:45:29,28.602,659.118,433.074,627.258,624.053,0.405,32.799
18.11.2021 19:45:32,28.695,658.782,432.647,626.831,624.298,0.320,32.835
18.11.2021 19:45:33,28.796,658.996,432.128,626.831,624.176,0.336,32.950
18.11.2021 19:45:35,28.901,658.355,431.518,626.770,624.206,0.324,32.984
18.11.2021 19:45:36,28.987,657.623,430.847,626.159,623.748,0.305,33.018
18.11.2021 19:45:38,29.102,657.623,430.541,625.793,623.535,0.286,33.071
18.11.2021 19:45:39,29.195,658.050,429.931,625.915,623.443,0.313,33.228
18.11.2021 19:45:41,29.303,657.226,429.687,626.007,623.657,0.298,33.176
18.11.2021 19:45:42,29.396,657.440,429.718,625.885,623.443,0.309,33.195
18.11.2021 19:45:43,29.499,656.890,428.863,626.068,623.474,0.328,33.283
18.11.2021 19:45:44,29.597,656.738,428.253,626.068,623.168,0.367,33.373
18.11.2021 19:45:45,29.698,656.463,428.009,625.823,623.291,0.321,33.385
18.11.2021 19:45:46,29.801,656.555,427.215,625.640,622.131,0.445,33.536
18.11.2021 19:45:47,29.891,656.005,427.459,625.762,622.985,0.352,33.429
18.11.2021 19:45:48,29.999,655.822,426.269,626.098,623.077,0.383,33.619
18.11.2021 19:45:49,30.100,655.456,426.330,625.457,622.863,0.329,33.566
18.11.2021 19:45:50,30.195,655.609,425.506,625.488,622.894,0.329,33.730
18.11.2021 19:45:51,30.298,655.334,424.987,625.640,622.863,0.352,33.790
18.11.2021 19:45:52,30.399,655.212,424.713,625.396,622.497,0.368,33.825
18.11.2021 19:45:53,30.497,655.120,423.858,625.000,621.978,0.383,33.967
18.11.2021 19:45:54,30.597,654.815,423.797,624.572,622.314,0.287,33.943
18.11.2021 19:45:55,30.695,655.273,422.698,624.450,621.673,0.353,34.192
18.11.2021 19:45:56,30.796,654.937,422.058,624.267,621.368,0.368,34.267
18.11.2021 19:45:57,30.899,655.426,421.142,624.237,620.941,0.419,34.488
18.11.2021 19:45:58,30.999,655.517,420.745,624.298,621.032,0.415,34.569
18.11.2021 19:45:59,31.100,655.670,420.349,624.084,621.307,0.353,34.658
18.11.2021 19:46:00,31.195,655.364,419.616,624.114,620.758,0.427,34.755
18.11.2021 19:46:01,31.298,655.670,419.189,623.474,620.880,0.330,34.867
18.11.2021 19:46:02,31.396,655.273,418.548,623.626,619.903,0.474,34.936
18.11.2021 19:46:03,31.497,655.364,417.968,623.565,620.391,0.404,35.051
18.11.2021 19:46:04,31.597,655.578,417.083,623.809,620.056,0.478,35.236
18.11.2021 19:46:05,31.693,655.517,416.137,623.626,619.812,0.486,35.399
18.11.2021 19:46:06,31.801,654.907,415.710,623.168,619.567,0.459,35.407
18.11.2021 19:46:07,31.891,655.364,414.886,622.436,619.567,0.366,35.609
18.11.2021 19:46:08,31.999,654.846,413.940,622.253,619.232,0.385,35.721
18.11.2021 19:46:09,32.087,654.937,413.726,622.192,619.079,0.397,35.770
18.11.2021 19:46:11,32.193,655.120,412.689,621.856,618.560,0.421,35.980
18.11.2021 19:46:12,32.298,654.571,411.956,621.429,618.347,0.394,36.050
18.11.2021 19:46:13,32.396,654.571,411.102,621.002,618.164,0.362,36.206
18.11.2021 19:46:14,32.494,654.327,410.644,621.215,617.523,0.472,36.262
18.11.2021 19:46:15,32.595,654.113,410.125,620.758,617.156,0.461,36.332
18.11.2021 19:46:16,32.695,653.808,409.423,620.178,616.333,0.492,36.426
18.11.2021 19:46:17,32.796,653.717,408.569,620.025,616.271,0.481,36.572
18.11.2021 19:46:18,32.896,652.832,408.081,619.903,616.149,0.481,36.560
18.11.2021 19:46:19,32.994,652.740,407.440,619.598,615.753,0.493,36.668
18.11.2021 19:46:20,33.095,652.374,406.646,619.262,615.386,0.497,36.772
18.11.2021 19:46:21,33.195,651.489,406.036,619.079,614.776,0.552,36.783
18.11.2021 19:46:22,33.296,651.245,405.212,618.133,615.325,0.360,36.907
18.11.2021 19:46:23,33.396,651.184,404.418,617.889,614.227,0.471,37.047
18.11.2021 19:46:24,33.502,650.482,403.533,617.340,613.952,0.435,37.130
18.11.2021 19:46:25,33.597,649.688,403.045,617.462,613.647,0.491,37.129
18.11.2021 19:46:26,33.693,649.108,402.343,616.394,612.854,0.456,37.193
18.11.2021 19:46:27,33.793,649.169,401.611,616.546,612.335,0.543,37.336
18.11.2021 19:46:28,33.899,648.529,400.604,615.295,611.907,0.437,37.450
18.11.2021 19:46:29,33.994,648.040,399.932,615.112,611.480,0.469,37.519
18.11.2021 19:46:30,34.097,647.644,399.444,614.837,610.443,0.568,37.565
18.11.2021 19:46:31,34.200,646.942,398.742,613.952,610.046,0.505,37.615
18.11.2021 19:46:32,34.298,646.453,398.071,613.586,609.954,0.470,37.685
18.11.2021 19:46:33,34.396,645.629,397.521,612.823,609.680,0.407,37.693
18.11.2021 19:46:34,34.492,645.629,396.820,612.121,608.520,0.467,37.825
18.11.2021 19:46:35,34.595,644.989,396.331,611.694,608.398,0.428,37.843
18.11.2021 19:46:36,34.698,644.439,395.446,611.267,607.116,0.539,37.946
18.11.2021 19:46:37,34.796,644.104,394.775,610.229,607.086,0.409,38.034
18.11.2021 19:46:38,34.896,643.371,394.653,610.046,606.445,0.469,37.972
18.11.2021 19:46:39,34.994,642.303,393.768,609.375,606.170,0.417,38.016
18.11.2021 19:46:40,35.090,641.296,392.913,609.222,605.133,0.533,38.061
18.11.2021 19:46:41,35.200,641.204,392.822,608.367,604.309,0.530,38.067
18.11.2021 19:46:42,35.298,640.441,391.784,607.360,603.820,0.463,38.176
18.11.2021 19:46:43,35.399,639.801,391.601,607.055,603.546,0.459,38.136
18.11.2021 19:46:44,35.497,638.763,390.716,605.926,602.752,0.416,38.184
18.11.2021 19:46:45,35.600,637.878,389.862,606.018,602.081,0.516,38.244
18.11.2021 19:46:46,35.698,637.481,389.648,604.736,601.531,0.420,38.238
18.11.2021 19:46:47,35.801,636.657,388.366,604.583,600.738,0.505,38.388
18.11.2021 19:46:48,35.896,636.169,388.122,603.729,599.914,0.502,38.377
18.11.2021 19:46:49,35.994,635.467,387.542,603.149,599.212,0.518,38.407
18.11.2021 19:46:50,36.102,634.704,386.810,601.898,598.205,0.487,38.458
18.11.2021 19:46:51,36.203,633.941,386.230,601.623,597.991,0.479,38.480
18.11.2021 19:46:52,36.298,633.789,385.955,600.646,597.076,0.472,38.515
18.11.2021 19:46:53,36.401,633.392,384.704,600.463,596.801,0.484,38.711
18.11.2021 19:46:54,36.494,632.476,384.429,599.456,595.794,0.485,38.656
18.11.2021 19:46:55,36.600,632.110,384.368,598.846,595.123,0.494,38.625
18.11.2021 19:46:56,36.703,631.988,383.331,597.991,594.055,0.523,38.812
18.11.2021 19:46:57,36.803,631.530,382.568,597.198,593.597,0.479,38.906
18.11.2021 19:46:58,36.899,630.798,382.049,597.259,592.956,0.572,38.921
18.11.2021 19:46:59,36.997,630.401,381.530,596.435,592.407,0.536,38.975
18.11.2021 19:47:00,37.100,630.767,380.432,595.611,591.735,0.517,39.233
18.11.2021 19:47:01,37.198,629.272,379.821,594.696,590.850,0.514,39.176
18.11.2021 19:47:02,37.298,629.119,378.570,593.780,589.935,0.514,39.403
18.11.2021 19:47:03,37.386,628.601,378.387,592.681,588.928,0.503,39.378
18.11.2021 19:47:04,37.502,628.173,377.655,592.285,587.860,0.594,39.471
18.11.2021 19:47:05,37.597,627.410,376.586,591.522,587.829,0.496,39.591
18.11.2021 19:47:06,37.703,627.563,375.915,590.423,587.249,0.427,39.742
18.11.2021 19:47:07,37.798,627.136,374.908,590.118,586.120,0.538,39.891
18.11.2021 19:47:08,37.894,626.190,374.084,589.202,585.906,0.444,39.942
18.11.2021 19:47:09,37.997,625.793,373.352,588.653,584.899,0.506,40.040
18.11.2021 19:47:10,38.095,624.908,372.070,587.402,584.350,0.412,40.190
18.11.2021 19:47:11,38.198,624.755,371.582,586.914,583.190,0.504,40.270
18.11.2021 19:47:12,38.303,623.962,370.605,585.723,582.427,0.447,40.370
18.11.2021 19:47:13,38.396,623.535,369.049,584.960,581.695,0.443,40.631
18.11.2021 19:47:14,38.502,622.558,368.286,584.136,580.657,0.473,40.669
18.11.2021 19:47:15,38.600,622.222,367.431,583.312,579.956,0.457,40.801
18.11.2021 19:47:16,38.695,621.002,366.516,582.305,579.162,0.428,40.840
18.11.2021 19:47:17,38.788,620.697,366.180,581.420,578.155,0.446,40.871
18.11.2021 19:47:18,38.901,620.117,365.020,580.505,577.362,0.430,41.037
18.11.2021 19:47:19,39.002,618.835,364.166,579.528,576.690,0.389,41.057
18.11.2021 19:47:20,39.095,618.469,363.128,579.071,575.744,0.456,41.224
18.11.2021 19:47:22,39.203,617.553,362.091,578.521,575.042,0.477,41.326
18.11.2021 19:47:23,39.293,616.485,361.938,577.453,573.699,0.516,41.229
18.11.2021 19:47:24,39.399,615.692,360.534,576.721,573.547,0.437,41.421
18.11.2021 19:47:25,39.502,614.685,359.619,576.110,572.357,0.517,41.488
18.11.2021 19:47:26,39.590,613.708,358.306,574.584,571.655,0.405,41.640
18.11.2021 19:47:27,39.693,612.945,357.482,574.462,570.861,0.498,41.719
18.11.2021 19:47:28,39.796,611.694,356.658,573.608,570.281,0.460,41.738
18.11.2021 19:47:29,39.894,611.083,355.407,572.845,569.335,0.486,41.924
18.11.2021 19:47:30,39.994,610.137,354.888,571.502,568.420,0.428,41.917
18.11.2021 19:47:31,40.092,609.039,353.454,570.465,567.596,0.399,42.083
18.11.2021 19:47:32,40.193,608.154,352.844,569.946,567.108,0.395,42.103
18.11.2021 19:47:33,40.293,606.994,351.959,568.542,566.162,0.332,42.147
18.11.2021 19:47:34,40.396,605.895,351.226,567.718,565.093,0.367,42.167
18.11.2021 19:47:35,40.499,605.194,350.006,567.047,564.147,0.406,42.338
18.11.2021 19:47:36,40.600,604.553,348.999,566.650,563.018,0.509,42.472
18.11.2021 19:47:37,40.698,603.424,348.541,565.490,562.835,0.372,42.431
18.11.2021 19:47:38,40.793,602.600,347.290,565.002,561.889,0.437,42.595
18.11.2021 19:47:39,40.886,601.226,346.588,564.453,561.187,0.459,42.576
18.11.2021 19:47:40,40.992,600.646,345.489,563.507,560.211,0.464,42.739
18.11.2021 19:47:41,41.087,599.395,344.940,562.255,559.997,0.318,42.702
18.11.2021 19:47:42,41.198,598.480,344.177,561.706,558.868,0.401,42.753
18.11.2021 19:47:43,41.288,597.686,343.811,560.791,558.044,0.389,42.733
18.11.2021 19:47:44,41.401,596.557,342.620,560.089,557.189,0.411,42.849
18.11.2021 19:47:45,41.489,595.581,342.041,559.509,556.549,0.420,42.853
18.11.2021 19:47:46,41.590,594.268,341.064,558.746,555.847,0.412,42.901
18.11.2021 19:47:47,41.688,593.444,340.332,557.922,555.175,0.391,42.957
18.11.2021 19:47:48,41.791,592.803,339.843,557.159,554.229,0.417,42.983
18.11.2021 19:47:49,41.889,591.583,338.775,555.969,553.527,0.348,43.063
18.11.2021 19:47:50,41.992,590.515,338.806,555.328,552.673,0.379,42.924
18.11.2021 19:47:51,42.090,589.355,337.493,554.901,552.124,0.397,43.064
18.11.2021 19:47:52,42.188,588.714,337.127,554.290,551.879,0.345,43.064
18.11.2021 19:47:53,42.291,587.371,336.578,553.710,550.323,0.486,43.016
18.11.2021 19:47:54,42.394,586.853,335.754,552.825,549.835,0.429,43.131
18.11.2021 19:47:55,42.492,586.334,334.991,552.215,549.224,0.430,43.233
18.11.2021 19:47:57,42.595,584.655,334.136,550.781,548.492,0.329,43.210
18.11.2021 19:47:58,42.690,583.984,333.496,550.415,547.698,0.391,43.267
18.11.2021 19:47:59,42.803,583.099,332.824,549.743,546.905,0.410,43.304
18.11.2021 19:48:00,42.899,582.305,332.336,548.797,546.447,0.340,43.311
18.11.2021 19:48:01,42.992,581.695,331.420,548.645,545.562,0.446,43.437
18.11.2021 19:48:02,43.097,580.657,331.237,547.698,545.043,0.385,43.346
18.11.2021 19:48:03,43.193,580.047,329.895,546.844,543.792,0.443,43.567
18.11.2021 19:48:04,43.298,579.071,329.040,545.776,542.999,0.404,43.633
18.11.2021 19:48:05,43.396,578.826,328.582,545.471,542.755,0.395,43.705
18.11.2021 19:48:06,43.492,578.063,327.575,544.647,541.381,0.476,43.833
18.11.2021 19:48:07,43.600,577.667,326.751,543.365,540.466,0.423,43.967
18.11.2021 19:48:08,43.703,576.721,325.897,542.694,540.130,0.375,44.038
18.11.2021 19:48:09,43.793,575.805,324.981,541.870,539.031,0.416,44.128
18.11.2021 19:48:10,43.901,575.775,324.188,541.076,538.269,0.412,44.303
18.11.2021 19:48:11,43.989,574.401,323.089,540.161,537.536,0.385,44.376
18.11.2021 19:48:12,44.102,573.883,322.540,539.489,536.804,0.395,44.434
18.11.2021 19:48:13,44.198,573.303,321.960,538.360,536.163,0.324,44.492
18.11.2021 19:48:14,44.303,572.631,320.739,537.445,535.064,0.351,44.684
18.11.2021 19:48:15,44.401,571.868,319.946,536.254,533.935,0.343,44.767
18.11.2021 19:48:16,44.502,571.563,319.183,535.644,533.752,0.280,44.902
18.11.2021 19:48:17,44.602,570.495,317.901,534.393,532.073,0.344,45.059
18.11.2021 19:48:18,44.703,569.885,317.382,533.782,531.646,0.317,45.100
18.11.2021 19:48:19,44.798,568.695,316.436,532.897,530.700,0.327,45.165
18.11.2021 19:48:20,44.899,568.054,315.948,532.073,529.541,0.378,45.195
18.11.2021 19:48:21,44.999,567.291,314.849,530.944,528.411,0.378,45.351
18.11.2021 19:48:22,45.102,566.131,314.605,530.578,527.557,0.452,45.259
18.11.2021 19:48:23,45.200,565.612,313.873,529.083,526.458,0.394,45.362
18.11.2021 19:48:24,45.298,564.483,312.774,528.442,525.756,0.403,45.471
18.11.2021 19:48:25,45.399,563.507,311.676,527.862,524.536,0.500,45.601
18.11.2021 19:48:26,45.502,562.255,311.492,526.611,523.956,0.400,45.482
18.11.2021 19:48:27,45.592,561.309,310.394,525.390,522.888,0.378,45.617
18.11.2021 19:48:28,45.688,559.906,309.448,524.841,522.094,0.415,45.657
18.11.2021 19:48:29,45.801,559.356,308.288,523.437,521.423,0.305,45.858
18.11.2021 19:48:30,45.901,558.013,307.037,522.857,520.141,0.412,45.979
18.11.2021 19:48:31,45.994,556.945,307.128,522.094,519.592,0.380,45.818
18.11.2021 19:48:32,46.102,556.854,305.938,520.660,518.280,0.363,46.088
18.11.2021 19:48:33,46.203,555.145,305.816,519.866,517.242,0.401,45.894
18.11.2021 19:48:34,46.303,554.138,304.321,519.195,516.204,0.457,46.118
18.11.2021 19:48:35,46.399,552.734,304.351,517.852,515.319,0.388,45.926
18.11.2021 19:48:36,46.499,551.971,302.795,517.456,514.312,0.482,46.198
18.11.2021 19:48:37,46.590,550.842,302.947,515.991,513.275,0.418,46.013
18.11.2021 19:48:38,46.695,549.804,301.788,514.892,512.817,0.320,46.155
18.11.2021 19:48:39,46.801,548.645,300.994,514.099,511.352,0.424,46.192
18.11.2021 19:48:40,46.896,548.065,300.354,513.305,510.589,0.420,46.270
18.11.2021 19:48:41,46.999,546.264,299.194,511.840,509.460,0.369,46.312
18.11.2021 19:48:42,47.102,545.104,298.767,510.833,508.026,0.436,46.262
18.11.2021 19:48:43,47.200,544.036,297.882,509.948,507.537,0.375,46.334
18.11.2021 19:48:44,47.301,543.151,297.058,508.819,506.835,0.309,46.417
18.11.2021 19:48:45,47.394,542.175,296.630,507.690,505.249,0.381,46.391
18.11.2021 19:48:46,47.502,541.168,295.806,506.683,504.241,0.382,46.458
18.11.2021 19:48:47,47.600,540.130,295.471,505.981,502.868,0.488,46.401
18.11.2021 19:48:48,47.693,538.848,294.708,504.486,502.502,0.312,46.416
18.11.2021 19:48:49,47.803,537.689,294.097,504.119,501.312,0.442,46.410
18.11.2021 19:48:50,47.894,536.468,294.189,502.777,499.847,0.463,46.223
18.11.2021 19:48:51,47.997,534.606,293.365,501.708,499.145,0.405,46.174
18.11.2021 19:48:52,48.102,533.660,292.877,500.976,497.924,0.484,46.167
18.11.2021 19:48:53,48.198,532.379,292.175,499.542,496.978,0.407,46.166
18.11.2021 19:48:54,48.293,531.341,291.595,498.992,495.880,0.495,46.169
18.11.2021 19:48:55,48.401,530.059,291.198,497.528,495.147,0.380,46.093
18.11.2021 19:48:56,48.499,528.839,290.191,496.490,493.438,0.488,46.177
18.11.2021 19:48:57,48.590,527.557,289.947,495.056,492.980,0.332,46.062
18.11.2021 19:48:58,48.688,526.275,289.062,494.018,491.271,0.441,46.107
18.11.2021 19:48:59,48.801,525.329,288.421,492.950,490.722,0.358,46.137
18.11.2021 19:49:00,48.889,524.444,287.963,491.699,489.440,0.364,46.130
18.11.2021 19:49:01,48.999,522.705,287.567,490.447,487.945,0.405,45.989
18.11.2021 19:49:02,49.100,521.911,286.529,489.379,486.877,0.406,46.141
18.11.2021 19:49:04,49.203,520.690,285.766,488.128,486.114,0.327,46.165
18.11.2021 19:49:05,49.303,519.958,285.034,487.060,484.832,0.363,46.249
18.11.2021 19:49:07,49.399,518.768,284.790,485.809,483.215,0.424,46.145
18.11.2021 19:49:09,49.502,517.272,283.813,484.283,482.086,0.360,46.185
18.11.2021 19:49:10,49.600,517.211,283.538,483.459,481.262,0.360,46.246
18.11.2021 19:49:12,49.688,515.625,283.050,481.964,480.041,0.316,46.148
18.11.2021 19:49:14,49.803,514.495,282.226,480.651,478.271,0.393,46.201
18.11.2021 19:49:15,49.891,514.068,281.158,479.187,477.355,0.303,46.416
18.11.2021 19:49:16,50.002,512.512,280.670,478.424,476.013,0.400,46.322
18.11.2021 19:49:17,50.090,511.779,279.876,477.569,475.006,0.426,46.423
18.11.2021 19:49:18,50.203,510.650,279.357,475.982,473.693,0.381,46.398
18.11.2021 19:49:19,50.303,510.131,278.442,474.914,472.656,0.377,46.562
18.11.2021 19:49:20,50.396,509.368,277.984,473.449,471.588,0.312,46.573
18.11.2021 19:49:21,50.502,508.178,277.496,472.259,470.520,0.292,46.530
18.11.2021 19:49:22,50.587,507.659,276.153,471.313,469.604,0.287,46.808
18.11.2021 19:49:23,50.703,506.103,275.817,469.635,468.231,0.237,46.673
18.11.2021 19:49:24,50.793,504.852,274.932,468.505,466.979,0.258,46.727
18.11.2021 19:49:25,50.894,503.997,274.597,468.200,466.156,0.346,46.693
18.11.2021 19:49:26,50.994,503.387,273.406,466.308,464.782,0.259,46.919
18.11.2021 19:49:27,51.102,501.586,272.949,465.270,463.623,0.281,46.781
18.11.2021 19:49:28,51.190,500.976,272.430,463.928,462.921,0.172,46.831
18.11.2021 19:49:29,51.298,499.633,271.270,463.500,461.547,0.334,46.945
18.11.2021 19:49:30,51.396,498.413,271.148,461.944,460.388,0.267,46.801
18.11.2021 19:49:31,51.497,497.497,270.233,461.029,459.411,0.278,46.912
18.11.2021 19:49:32,51.597,496.246,269.775,459.747,458.496,0.215,46.853
18.11.2021 19:49:33,51.703,495.025,268.554,458.526,456.970,0.269,47.003
18.11.2021 19:49:34,51.801,494.171,268.127,457.519,456.115,0.243,46.993
18.11.2021 19:49:35,51.899,493.041,267.028,456.146,455.139,0.175,47.124
18.11.2021 19:49:36,52.002,491.546,266.723,455.078,453.857,0.212,46.988
18.11.2021 19:49:37,52.102,490.814,265.899,454.101,452.911,0.207,47.103
18.11.2021 19:49:38,52.203,489.471,265.075,453.186,451.751,0.251,47.130
18.11.2021 19:49:39,52.303,488.677,264.801,451.995,450.836,0.203,47.087
18.11.2021 19:49:40,52.396,487.518,263.885,450.531,450.012,0.091,47.166
18.11.2021 19:49:41,52.497,486.663,263.397,449.523,448.913,0.107,47.173
18.11.2021 19:49:43,52.592,485.198,262.695,448.486,447.235,0.221,47.148
18.11.2021 19:49:44,52.693,483.795,262.420,447.143,446.655,0.086,47.014
18.11.2021 19:49:45,52.801,483.062,260.955,446.289,445.373,0.162,47.309
18.11.2021 19:49:46,52.899,481.811,260.559,445.739,444.702,0.184,47.232
18.11.2021 19:49:47,52.989,480.468,259.826,444.335,443.450,0.157,47.233
18.11.2021 19:49:48,53.100,479.553,259.857,443.695,442.169,0.272,47.087
18.11.2021 19:49:49,53.190,478.698,258.789,442.382,441.253,0.202,47.256
18.11.2021 19:49:50,53.303,477.355,258.117,441.436,440.338,0.197,47.241
18.11.2021 19:49:51,53.396,476.043,257.263,440.795,439.971,0.148,47.281
18.11.2021 19:49:52,53.499,474.945,256.500,439.453,438.720,0.132,47.329
18.11.2021 19:49:53,53.592,473.419,255.920,438.293,437.561,0.132,47.260
18.11.2021 19:49:54,53.703,472.564,255.737,437.347,436.737,0.110,47.181
18.11.2021 19:49:55,53.796,470.886,254.760,436.645,435.729,0.166,47.201
18.11.2021 19:49:56,53.901,470.001,254.119,435.272,434.478,0.144,47.247
18.11.2021 19:49:57,53.994,468.597,253.234,434.204,433.563,0.117,47.282
18.11.2021 19:49:58,54.102,467.559,252.838,433.166,432.525,0.117,47.236
18.11.2021 19:49:59,54.195,466.522,252.716,431.915,431.182,0.134,47.110
18.11.2021 19:50:00,54.303,465.301,251.983,430.725,430.786,-0.011,47.130
18.11.2021 19:50:01,54.396,463.958,250.762,430.175,429.809,0.067,47.272
18.11.2021 19:50:02,54.492,462.738,250.762,428.985,428.894,0.016,47.082
18.11.2021 19:50:03,54.587,461.761,249.816,428.100,427.459,0.118,47.203
18.11.2021 19:50:04,54.703,460.784,249.786,427.124,427.032,0.016,47.058
18.11.2021 19:50:05,54.798,459.472,248.870,426.361,425.476,0.164,47.118
18.11.2021 19:50:06,54.901,458.038,248.870,425.048,425.170,-0.022,46.892
18.11.2021 19:50:07,54.994,456.909,247.680,424.224,423.889,0.062,47.060
18.11.2021 19:50:08,55.095,455.444,247.009,423.034,422.943,0.017,47.024
18.11.2021 19:50:09,55.190,454.284,246.276,422.363,422.058,0.057,47.054
18.11.2021 19:50:10,55.301,453.369,245.452,420.989,421.447,-0.086,47.151
18.11.2021 19:50:11,55.401,452.209,244.873,420.379,420.532,-0.028,47.137
18.11.2021 19:50:12,55.499,450.897,244.201,419.433,419.616,-0.034,47.125
18.11.2021 19:50:13,55.592,449.920,243.865,418.151,418.823,-0.127,47.068
18.11.2021 19:50:14,55.693,448.883,243.041,417.297,417.358,-0.011,47.145
18.11.2021 19:50:15,55.793,447.418,242.218,416.076,416.076,0.000,47.155
18.11.2021 19:50:16,55.896,447.235,241.516,415.191,415.344,-0.029,47.335
18.11.2021 19:50:17,56.002,446.380,240.966,414.154,414.581,-0.081,47.361
18.11.2021 19:50:18,56.087,445.434,239.898,413.085,413.330,-0.046,47.528
18.11.2021 19:50:19,56.200,444.366,239.501,412.231,412.506,-0.052,47.474
18.11.2021 19:50:20,56.303,443.206,238.983,411.102,411.529,-0.082,47.442
18.11.2021 19:50:21,56.399,442.199,238.037,410.034,410.705,-0.129,47.564
18.11.2021 19:50:22,56.502,441.375,237.670,409.118,409.637,-0.100,47.541
18.11.2021 19:50:23,56.597,440.551,236.907,408.294,408.325,-0.005,47.638
18.11.2021 19:50:24,56.690,439.697,236.389,407.928,407.989,-0.011,47.656
18.11.2021 19:50:25,56.803,438.751,235.107,406.585,407.135,-0.106,47.893
18.11.2021 19:50:26,56.891,437.347,234.802,405.914,405.853,0.011,47.755
18.11.2021 19:50:27,56.987,437.225,234.191,404.937,405.548,-0.119,47.923
18.11.2021 19:50:28,57.100,435.699,233.184,403.839,403.900,-0.011,47.981
18.11.2021 19:50:29,57.193,434.783,232.574,402.404,403.106,-0.138,48.018
18.11.2021 19:50:30,57.303,434.448,231.842,401.824,402.496,-0.132,48.190
18.11.2021 19:50:31,57.394,433.044,231.231,401.031,401.428,-0.078,48.147
18.11.2021 19:50:32,57.499,431.823,230.194,399.444,399.871,-0.084,48.267
18.11.2021 19:50:33,57.600,431.335,229.370,398.834,399.383,-0.109,48.443
18.11.2021 19:50:34,57.698,430.755,228.759,397.827,398.345,-0.103,48.538
18.11.2021 19:50:35,57.796,429.290,227.874,397.003,397.277,-0.054,48.572
18.11.2021 19:50:36,57.891,428.894,227.203,395.812,396.514,-0.140,48.717
18.11.2021 19:50:37,57.999,427.673,226.257,394.836,395.080,-0.048,48.812
18.11.2021 19:50:38,58.095,426.818,225.341,393.981,394.195,-0.042,48.960
18.11.2021 19:50:39,58.195,425.720,224.578,392.974,393.432,-0.092,49.018
18.11.2021 19:50:40,58.296,424.194,223.724,391.845,392.242,-0.080,49.034
18.11.2021 19:50:41,58.391,423.706,222.869,391.143,391.510,-0.074,49.225
18.11.2021 19:50:42,58.494,422.119,222.381,390.197,389.801,0.080,49.114
18.11.2021 19:50:43,58.597,421.813,221.618,388.854,389.617,-0.155,49.308
18.11.2021 19:50:44,58.698,420.257,220.550,387.969,388.244,-0.056,49.389
18.11.2021 19:50:45,58.803,418.731,219.848,386.962,387.603,-0.131,49.357
18.11.2021 19:50:46,58.894,417.785,219.238,386.108,386.322,-0.043,49.394
18.11.2021 19:50:47,58.999,416.595,218.597,385.009,385.009,0.000,49.399
18.11.2021 19:50:48,59.092,415.588,217.407,384.185,384.429,-0.050,49.617
18.11.2021 19:50:49,59.200,414.611,217.346,382.781,383.209,-0.088,49.469
18.11.2021 19:50:50,59.288,413.543,216.217,381.713,382.537,-0.170,49.657
18.11.2021 19:50:51,59.401,411.895,215.240,380.828,381.042,-0.044,49.695
18.11.2021 19:50:52,59.497,410.614,214.721,379.669,380.279,-0.127,49.644
18.11.2021 19:50:54,59.597,409.362,213.653,378.265,379.058,-0.166,49.783
18.11.2021 19:50:56,59.700,408.355,213.287,377.319,377.899,-0.121,49.729
18.11.2021 19:50:57,59.788,406.677,211.914,376.617,377.044,-0.089,49.896
18.11.2021 19:50:59,59.901,405.303,211.212,375.091,375.518,-0.090,49.892
18.11.2021 19:51:00,59.997,404.418,210.601,373.901,374.511,-0.129,49.942
