# Sensor: ADPD2140, Rotationstage: ELL18M
Datetime,Stage Angle,xL,xR,yL,yR,X,Y
18.11.2021 18:55:09,-59.991,370.849,704.376,646.057,648.071,-0.246,-49.158
18.11.2021 18:55:10,-59.903,373.107,706.298,648.498,650.085,-0.193,-48.919
18.11.2021 18:55:11,-59.793,373.016,707.733,649.627,651.397,-0.215,-49.082
18.11.2021 18:55:12,-59.702,373.992,709.259,651.641,653.259,-0.196,-49.049
18.11.2021 18:55:13,-59.597,375.122,710.754,653.289,654.754,-0.177,-48.983
18.11.2021 18:55:14,-59.504,376.892,713.104,654.602,656.982,-0.287,-48.883
18.11.2021 18:55:15,-59.403,377.746,714.813,656.158,657.958,-0.217,-48.892
18.11.2021 18:55:16,-59.295,378.753,716.735,657.348,659.667,-0.279,-48.894
18.11.2021 18:55:17,-59.192,379.852,717.895,659.393,661.682,-0.274,-48.802
18.11.2021 18:55:18,-59.094,381.225,720.214,660.614,662.719,-0.252,-48.774
18.11.2021 18:55:19,-59.006,383.270,722.381,662.933,664.764,-0.218,-48.606
18.11.2021 18:55:20,-58.906,383.514,723.388,664.306,665.588,-0.152,-48.660
18.11.2021 18:55:21,-58.800,384.918,725.402,666.015,667.663,-0.195,-48.598
18.11.2021 18:55:22,-58.692,386.383,727.508,667.877,669.464,-0.188,-48.533
18.11.2021 18:55:23,-58.599,386.962,729.339,669.067,671.722,-0.313,-48.606
18.11.2021 18:55:24,-58.496,388.732,731.170,671.386,673.339,-0.230,-48.458
18.11.2021 18:55:25,-58.393,390.075,733.123,672.241,674.835,-0.305,-48.402
18.11.2021 18:55:26,-58.308,390.991,734.680,673.645,675.842,-0.258,-48.386
18.11.2021 18:55:27,-58.200,392.211,736.877,676.666,678.283,-0.189,-48.377
18.11.2021 18:55:28,-58.094,393.768,738.983,678.039,679.870,-0.213,-48.297
18.11.2021 18:55:29,-57.996,394.622,740.570,679.565,681.488,-0.223,-48.295
18.11.2021 18:55:30,-57.893,395.416,742.279,681.030,682.861,-0.212,-48.317
18.11.2021 18:55:31,-57.795,396.392,744.079,682.556,685.028,-0.286,-48.314
18.11.2021 18:55:32,-57.692,398.101,746.063,684.448,686.462,-0.232,-48.196
18.11.2021 18:55:33,-57.594,398.803,748.046,685.974,688.018,-0.235,-48.260
18.11.2021 18:55:34,-57.501,400.177,749.359,687.103,689.605,-0.288,-48.139
18.11.2021 18:55:35,-57.393,401.519,751.312,689.361,691.345,-0.227,-48.085
18.11.2021 18:55:36,-57.303,402.587,753.082,689.971,693.054,-0.353,-48.063
18.11.2021 18:55:37,-57.205,403.930,755.065,691.925,693.969,-0.233,-48.013
18.11.2021 18:55:38,-57.102,405.517,756.774,693.786,696.014,-0.254,-47.893
18.11.2021 18:55:39,-57.001,406.280,758.666,696.014,697.448,-0.163,-47.938
18.11.2021 18:55:40,-56.896,407.592,760.925,697.509,699.707,-0.249,-47.920
18.11.2021 18:55:41,-56.805,409.057,763.000,699.493,701.477,-0.224,-47.858
18.11.2021 18:55:42,-56.700,409.790,764.312,700.866,702.880,-0.227,-47.852
18.11.2021 18:55:43,-56.597,410.980,766.448,702.850,704.925,-0.233,-47.845
18.11.2021 18:55:44,-56.491,411.682,768.310,704.376,706.542,-0.243,-47.896
18.11.2021 18:55:45,-56.406,412.719,769.500,705.169,707.702,-0.284,-47.827
18.11.2021 18:55:46,-56.308,414.062,771.026,707.214,709.747,-0.283,-47.735
18.11.2021 18:55:47,-56.202,415.374,772.674,708.496,711.120,-0.292,-47.661
18.11.2021 18:55:48,-56.104,416.259,774.108,709.747,712.371,-0.292,-47.641
18.11.2021 18:55:49,-55.994,417.602,776.519,712.249,713.836,-0.176,-47.633
18.11.2021 18:55:50,-55.896,418.457,777.893,713.531,715.698,-0.240,-47.613
18.11.2021 18:55:51,-55.805,418.975,779.144,714.569,716.522,-0.216,-47.640
18.11.2021 18:55:52,-55.705,420.532,781.066,716.064,718.475,-0.266,-47.550
18.11.2021 18:55:53,-55.599,421.630,782.623,718.109,720.092,-0.218,-47.506
18.11.2021 18:55:55,-55.506,422.088,783.782,719.635,721.679,-0.224,-47.534
18.11.2021 18:55:56,-55.408,423.492,785.980,721.405,723.571,-0.237,-47.497
18.11.2021 18:55:57,-55.300,424.377,787.445,722.900,724.578,-0.183,-47.480
18.11.2021 18:55:58,-55.207,425.384,789.001,724.151,726.531,-0.260,-47.452
18.11.2021 18:55:59,-55.092,426.391,790.374,726.135,727.783,-0.179,-47.407
18.11.2021 18:56:00,-55.004,427.246,791.870,726.989,729.644,-0.288,-47.399
18.11.2021 18:56:01,-54.901,428.649,793.701,729.187,730.987,-0.195,-47.329
18.11.2021 18:56:02,-54.808,429.748,795.288,730.407,732.513,-0.228,-47.288
18.11.2021 18:56:03,-54.702,430.725,797.454,732.147,734.497,-0.253,-47.321
18.11.2021 18:56:04,-54.604,432.128,799.499,734.924,736.785,-0.200,-47.271
18.11.2021 18:56:05,-54.504,432.495,800.903,735.595,737.884,-0.246,-47.336
18.11.2021 18:56:06,-54.401,434.204,802.734,738.098,739.898,-0.193,-47.216
18.11.2021 18:56:07,-54.298,435.028,804.534,739.562,742.004,-0.261,-47.241
18.11.2021 18:56:08,-54.207,436.065,805.664,741.302,743.591,-0.244,-47.170
18.11.2021 18:56:09,-54.102,436.828,807.128,743.316,744.934,-0.172,-47.175
18.11.2021 18:56:10,-53.999,437.866,809.387,744.812,747.009,-0.233,-47.206
18.11.2021 18:56:11,-53.908,438.781,811.035,746.032,748.535,-0.265,-47.202
18.11.2021 18:56:12,-53.803,440.002,812.286,747.772,750.030,-0.238,-47.112
18.11.2021 18:56:13,-53.695,441.192,814.422,749.908,751.770,-0.196,-47.107
18.11.2021 18:56:14,-53.597,441.986,815.826,751.068,753.295,-0.234,-47.102
18.11.2021 18:56:15,-53.504,443.389,818.267,753.417,755.889,-0.259,-47.088
18.11.2021 18:56:16,-53.401,444.030,819.915,755.218,757.171,-0.204,-47.129
18.11.2021 18:56:17,-53.303,444.671,821.411,756.988,759.399,-0.251,-47.157
18.11.2021 18:56:18,-53.207,445.953,823.181,758.941,761.230,-0.238,-47.104
18.11.2021 18:56:21,-53.094,446.807,824.920,760.833,762.878,-0.212,-47.119
18.11.2021 18:56:22,-52.999,448.089,827.240,762.054,764.556,-0.259,-47.115
18.11.2021 18:56:23,-52.896,449.066,828.643,763.732,765.869,-0.221,-47.080
18.11.2021 18:56:25,-52.795,450.195,830.718,766.021,768.402,-0.245,-47.079
18.11.2021 18:56:26,-52.700,451.019,832.794,767.700,769.958,-0.232,-47.127
18.11.2021 18:56:28,-52.594,451.995,834.686,770.233,771.911,-0.172,-47.135
18.11.2021 18:56:29,-52.501,452.606,836.791,771.392,774.017,-0.269,-47.219
18.11.2021 18:56:30,-52.408,453.613,837.951,772.735,774.902,-0.221,-47.159
18.11.2021 18:56:31,-52.293,454.681,840.881,775.238,777.740,-0.255,-47.241
18.11.2021 18:56:32,-52.192,456.024,842.803,777.221,779.815,-0.264,-47.193
18.11.2021 18:56:33,-52.099,457.244,845.062,779.357,781.158,-0.182,-47.193
18.11.2021 18:56:34,-51.996,457.763,846.649,780.670,783.264,-0.262,-47.247
18.11.2021 18:56:35,-51.893,459.136,848.846,782.623,784.790,-0.219,-47.218
18.11.2021 18:56:36,-51.798,459.991,850.677,784.515,786.834,-0.233,-47.239
18.11.2021 18:56:37,-51.700,461.273,853.149,786.895,788.970,-0.208,-47.248
18.11.2021 18:56:38,-51.604,462.188,854.950,788.970,791.381,-0.241,-47.257
18.11.2021 18:56:39,-51.501,463.256,857.513,790.710,793.273,-0.256,-47.306
18.11.2021 18:56:40,-51.406,464.904,858.917,792.602,794.921,-0.231,-47.168
18.11.2021 18:56:41,-51.303,465.576,860.931,794.494,796.875,-0.237,-47.233
18.11.2021 18:56:42,-51.207,466.644,862.213,796.356,798.858,-0.248,-47.175
18.11.2021 18:56:43,-51.099,467.742,864.227,798.400,800.415,-0.199,-47.173
18.11.2021 18:56:44,-50.991,468.841,865.814,799.835,802.337,-0.247,-47.136
18.11.2021 18:56:45,-50.901,470.062,867.248,802.307,803.955,-0.162,-47.068
18.11.2021 18:56:46,-50.793,470.977,869.537,803.039,806.091,-0.300,-47.118
18.11.2021 18:56:47,-50.707,472.106,871.154,805.236,807.861,-0.257,-47.079
18.11.2021 18:56:48,-50.599,472.686,872.161,806.121,808.715,-0.254,-47.074
18.11.2021 18:56:49,-50.501,474.121,874.481,808.471,810.943,-0.241,-47.047
18.11.2021 18:56:50,-50.393,475.097,876.190,811.096,812.988,-0.184,-47.040
18.11.2021 18:56:51,-50.298,476.318,877.960,812.042,815.124,-0.300,-47.000
18.11.2021 18:56:52,-50.202,477.661,879.974,814.636,816.497,-0.180,-46.962
18.11.2021 18:56:53,-50.092,478.515,881.317,815.795,818.420,-0.254,-46.943
18.11.2021 18:56:54,-50.006,479.980,883.758,817.993,820.373,-0.230,-46.922
18.11.2021 18:56:55,-49.903,480.773,884.307,819.244,821.411,-0.209,-46.848
18.11.2021 18:56:56,-49.793,481.933,886.169,820.892,823.760,-0.276,-46.825
18.11.2021 18:56:57,-49.702,482.971,887.908,822.540,825.897,-0.322,-46.812
18.11.2021 18:56:58,-49.597,483.886,889.343,824.157,826.904,-0.263,-46.791
18.11.2021 18:56:59,-49.496,485.076,890.838,825.714,828.521,-0.268,-46.735
18.11.2021 18:57:00,-49.401,486.694,892.791,828.002,830.017,-0.192,-46.653
18.11.2021 18:57:01,-49.303,487.579,894.256,829.315,832.214,-0.276,-46.640
18.11.2021 18:57:02,-49.207,488.220,896.179,831.085,833.312,-0.212,-46.700
18.11.2021 18:57:03,-49.097,489.654,897.827,833.068,835.662,-0.246,-46.621
18.11.2021 18:57:04,-48.994,490.936,899.108,835.052,836.883,-0.173,-46.535
18.11.2021 18:57:05,-48.903,491.668,900.512,836.181,838.684,-0.236,-46.540
18.11.2021 18:57:06,-48.795,493.011,901.672,837.616,840.850,-0.305,-46.436
18.11.2021 18:57:07,-48.700,493.804,903.289,839.385,842.346,-0.278,-46.449
18.11.2021 18:57:08,-48.602,495.269,905.578,840.820,844.207,-0.318,-46.418
18.11.2021 18:57:09,-48.506,496.429,906.738,843.475,845.581,-0.197,-46.341
18.11.2021 18:57:10,-48.408,497.497,907.897,843.933,847.320,-0.317,-46.278
18.11.2021 18:57:11,-48.293,498.779,909.484,845.001,848.327,-0.311,-46.218
18.11.2021 18:57:12,-48.197,500.091,910.491,847.167,850.646,-0.324,-46.108
18.11.2021 18:57:13,-48.099,501.495,912.628,849.029,851.898,-0.267,-46.075
18.11.2021 18:57:14,-48.006,502.532,913.604,850.494,853.393,-0.269,-46.002
18.11.2021 18:57:15,-47.896,502.990,915.344,851.745,855.041,-0.306,-46.074
18.11.2021 18:57:16,-47.793,504.760,916.381,853.942,856.781,-0.262,-45.901
18.11.2021 18:57:17,-47.702,505.828,918.243,855.346,858.367,-0.279,-45.895
18.11.2021 18:57:18,-47.592,507.293,919.097,857.269,860.321,-0.281,-45.753
18.11.2021 18:57:19,-47.494,508.483,921.203,858.612,862.091,-0.320,-45.749
18.11.2021 18:57:20,-47.393,509.735,922.302,859.832,863.861,-0.370,-45.657
18.11.2021 18:57:21,-47.305,510.650,923.706,861.389,864.379,-0.274,-45.637
18.11.2021 18:57:22,-47.197,511.688,925.415,862.670,866.546,-0.355,-45.624
18.11.2021 18:57:23,-47.094,513.153,926.727,864.562,867.248,-0.245,-45.519
18.11.2021 18:57:24,-46.994,514.495,928.802,865.692,869.049,-0.306,-45.492
18.11.2021 18:57:25,-46.896,515.563,930.114,867.095,870.788,-0.336,-45.444
18.11.2021 18:57:26,-46.800,516.906,932.556,868.926,872.039,-0.283,-45.445
18.11.2021 18:57:27,-46.697,518.188,933.868,870.269,873.687,-0.310,-45.367
18.11.2021 18:57:28,-46.597,519.470,935.241,872.192,875.122,-0.265,-45.294
18.11.2021 18:57:29,-46.506,520.416,937.103,873.443,876.647,-0.290,-45.307
18.11.2021 18:57:30,-46.398,521.728,938.476,874.969,878.509,-0.319,-45.230
18.11.2021 18:57:31,-46.298,522.247,940.399,876.220,878.479,-0.203,-45.307
18.11.2021 18:57:32,-46.202,523.681,941.436,877.044,880.889,-0.346,-45.187
18.11.2021 18:57:33,-46.099,524.902,943.115,878.936,882.141,-0.288,-45.147
18.11.2021 18:57:34,-45.996,526.184,944.915,880.066,883.911,-0.345,-45.109
18.11.2021 18:57:35,-45.893,526.947,946.350,881.256,884.918,-0.328,-45.114
18.11.2021 18:57:36,-45.808,528.442,948.242,882.415,886.230,-0.341,-45.053
18.11.2021 18:57:37,-45.705,529.602,949.523,883.819,887.481,-0.327,-44.991
18.11.2021 18:57:38,-45.602,531.219,951.110,884.979,888.610,-0.324,-44.891
18.11.2021 18:57:40,-45.496,532.012,953.125,886.444,890.167,-0.332,-44.936
18.11.2021 18:57:41,-45.403,533.813,954.376,888.122,891.326,-0.285,-44.786
18.11.2021 18:57:42,-45.293,534.271,955.902,888.641,892.700,-0.361,-44.840
18.11.2021 18:57:43,-45.200,535.461,957.214,890.441,893.890,-0.306,-44.777
18.11.2021 18:57:44,-45.104,537.139,959.075,891.876,895.324,-0.305,-44.691
18.11.2021 18:57:45,-45.001,538.299,960.784,893.402,897.186,-0.334,-44.663
18.11.2021 18:57:46,-44.901,539.398,961.639,894.225,897.918,-0.326,-44.579
18.11.2021 18:57:47,-44.803,540.374,963.043,894.897,899.109,-0.372,-44.554
18.11.2021 18:57:48,-44.700,541.870,964.141,896.820,900.390,-0.314,-44.435
18.11.2021 18:57:49,-44.607,543.182,965.820,897.827,901.458,-0.319,-44.386
18.11.2021 18:57:50,-44.496,544.616,967.468,898.590,902.465,-0.341,-44.318
18.11.2021 18:57:51,-44.403,545.959,969.085,900.329,904.327,-0.351,-44.260
18.11.2021 18:57:52,-44.298,547.332,970.703,901.611,905.639,-0.353,-44.198
18.11.2021 18:57:53,-44.202,548.645,972.076,903.411,906.616,-0.280,-44.126
18.11.2021 18:57:54,-44.107,549.346,973.602,904.449,907.653,-0.280,-44.148
18.11.2021 18:57:55,-43.999,551.513,974.853,905.700,909.545,-0.335,-43.954
18.11.2021 18:57:56,-43.901,552.459,976.776,907.073,910.797,-0.324,-43.972
18.11.2021 18:57:57,-43.805,553.009,977.844,908.142,911.682,-0.308,-43.980
18.11.2021 18:57:58,-43.707,555.206,979.400,910.003,913.452,-0.299,-43.806
18.11.2021 18:57:59,-43.597,556.579,980.957,910.919,914.337,-0.296,-43.741
18.11.2021 18:58:00,-43.491,558.135,982.543,912.689,915.649,-0.256,-43.655
18.11.2021 18:58:01,-43.401,559.387,984.283,913.482,916.839,-0.290,-43.621
18.11.2021 18:58:02,-43.305,560.974,985.198,914.642,918.060,-0.295,-43.481
18.11.2021 18:58:03,-43.202,561.981,986.633,915.771,919.281,-0.303,-43.457
18.11.2021 18:58:04,-43.094,563.385,987.823,916.351,920.684,-0.373,-43.362
18.11.2021 18:58:05,-42.999,564.788,988.860,917.388,921.203,-0.328,-43.257
18.11.2021 18:58:07,-42.901,566.345,990.356,918.945,922.546,-0.309,-43.166
18.11.2021 18:58:09,-42.795,567.260,992.095,919.891,923.614,-0.320,-43.176
18.11.2021 18:58:10,-42.707,568.786,993.194,921.447,925.384,-0.337,-43.060
18.11.2021 18:58:11,-42.594,570.220,994.781,922.699,926.666,-0.339,-42.992
18.11.2021 18:58:12,-42.494,571.411,995.208,923.675,927.337,-0.313,-42.871
18.11.2021 18:58:14,-42.393,573.242,996.978,925.109,928.985,-0.331,-42.766
18.11.2021 18:58:15,-42.308,574.462,997.924,926.849,930.206,-0.286,-42.680
18.11.2021 18:58:16,-42.197,575.683,999.603,927.581,931.793,-0.358,-42.647
18.11.2021 18:58:17,-42.104,577.178,1000.366,928.985,932.708,-0.316,-42.512
18.11.2021 18:58:18,-41.994,578.857,1001.617,930.938,934.539,-0.305,-42.391
18.11.2021 18:58:19,-41.903,579.925,1002.716,931.854,935.546,-0.313,-42.336
18.11.2021 18:58:20,-41.803,581.207,1004.211,933.197,936.096,-0.245,-42.283
18.11.2021 18:58:21,-41.707,582.794,1004.821,934.417,937.896,-0.294,-42.127
18.11.2021 18:58:22,-41.597,584.411,1005.859,935.302,939.331,-0.340,-41.999
18.11.2021 18:58:23,-41.501,585.662,1007.110,936.645,940.338,-0.311,-41.933
18.11.2021 18:58:24,-41.406,587.249,1008.483,937.683,941.528,-0.324,-41.834
18.11.2021 18:58:25,-41.308,588.989,1008.941,939.178,942.932,-0.316,-41.649
18.11.2021 18:58:26,-41.207,590.026,1010.803,940.185,944.030,-0.323,-41.655
18.11.2021 18:58:27,-41.102,591.827,1011.840,941.802,946.014,-0.353,-41.506
18.11.2021 18:58:28,-41.001,592.468,1012.878,943.206,946.319,-0.261,-41.502
18.11.2021 18:58:29,-40.893,594.024,1013.946,944.549,948.333,-0.316,-41.386
18.11.2021 18:58:30,-40.803,595.062,1014.556,945.342,949.218,-0.324,-41.302
18.11.2021 18:58:31,-40.707,595.855,1015.625,946.472,950.256,-0.316,-41.281
18.11.2021 18:58:32,-40.599,596.923,1017.364,947.875,951.690,-0.318,-41.275
18.11.2021 18:58:33,-40.496,598.388,1018.279,948.730,952.575,-0.320,-41.161
18.11.2021 18:58:34,-40.403,599.975,1019.348,950.439,953.735,-0.274,-41.042
18.11.2021 18:58:35,-40.295,601.074,1020.568,951.416,954.803,-0.281,-40.996
18.11.2021 18:58:36,-40.207,601.959,1021.759,951.965,955.993,-0.334,-40.973
18.11.2021 18:58:37,-40.099,602.996,1023.010,953.186,957.122,-0.326,-40.936
18.11.2021 18:58:38,-39.999,604.736,1024.291,954.559,958.343,-0.313,-40.816
18.11.2021 18:58:39,-39.906,604.980,1024.993,955.749,958.679,-0.242,-40.836
18.11.2021 18:58:40,-39.803,606.201,1026.458,957.000,960.327,-0.274,-40.793
18.11.2021 18:58:41,-39.700,607.208,1028.137,958.557,961.181,-0.216,-40.791
18.11.2021 18:58:42,-39.607,608.551,1029.602,959.228,962.493,-0.269,-40.733
18.11.2021 18:58:43,-39.496,609.436,1030.456,960.815,964.050,-0.266,-40.687
18.11.2021 18:58:44,-39.403,610.443,1031.280,962.036,965.118,-0.253,-40.624
18.11.2021 18:58:45,-39.298,611.907,1032.562,962.890,966.613,-0.305,-40.538
18.11.2021 18:58:46,-39.202,612.609,1033.355,963.745,967.346,-0.295,-40.510
18.11.2021 18:58:47,-39.102,614.013,1035.217,965.270,969.085,-0.312,-40.474
18.11.2021 18:58:48,-38.999,614.776,1035.675,965.850,969.787,-0.322,-40.415
18.11.2021 18:58:49,-38.903,616.180,1036.956,967.315,970.550,-0.264,-40.337
18.11.2021 18:58:50,-38.800,617.523,1038.482,968.505,971.832,-0.271,-40.285
18.11.2021 18:58:51,-38.702,619.201,1039.459,969.757,973.114,-0.273,-40.153
18.11.2021 18:58:52,-38.597,619.659,1040.252,970.977,973.632,-0.216,-40.155
18.11.2021 18:58:53,-38.496,620.605,1041.107,971.282,974.975,-0.300,-40.103
18.11.2021 18:58:54,-38.396,621.917,1042.083,972.778,976.196,-0.277,-40.016
18.11.2021 18:58:55,-38.305,622.802,1042.999,973.846,977.081,-0.262,-39.976
18.11.2021 18:58:56,-38.207,624.114,1044.311,975.250,978.637,-0.274,-39.913
18.11.2021 18:58:57,-38.107,625.122,1045.471,976.287,979.339,-0.247,-39.875
18.11.2021 18:58:58,-38.001,626.220,1046.691,977.813,981.079,-0.264,-39.832
18.11.2021 18:58:59,-37.893,627.624,1047.180,978.057,981.841,-0.305,-39.700
18.11.2021 18:59:00,-37.808,628.570,1048.187,979.614,983.032,-0.275,-39.660
18.11.2021 18:59:01,-37.705,630.126,1049.469,980.560,984.313,-0.302,-39.567
18.11.2021 18:59:02,-37.602,631.195,1050.811,981.781,985.656,-0.312,-39.536
18.11.2021 18:59:03,-37.499,631.927,1051.361,982.604,986.358,-0.302,-39.488
18.11.2021 18:59:04,-37.408,633.422,1052.520,983.612,987.060,-0.277,-39.395
18.11.2021 18:59:05,-37.293,634.857,1053.894,985.015,988.098,-0.247,-39.323
18.11.2021 18:59:06,-37.202,635.894,1054.595,986.083,989.349,-0.261,-39.252
18.11.2021 18:59:07,-37.099,637.908,1055.786,987.426,990.753,-0.266,-39.100
18.11.2021 18:59:08,-37.006,638.336,1056.793,988.159,992.034,-0.310,-39.121
18.11.2021 18:59:09,-36.906,640.106,1057.189,989.410,992.889,-0.278,-38.943
18.11.2021 18:59:10,-36.805,640.777,1057.617,990.081,994.201,-0.329,-38.895
18.11.2021 18:59:11,-36.705,641.571,1058.807,990.570,994.598,-0.321,-38.887
18.11.2021 18:59:12,-36.599,643.066,1059.509,992.157,995.697,-0.282,-38.763
18.11.2021 18:59:13,-36.506,644.378,1060.485,993.011,997.009,-0.318,-38.679
18.11.2021 18:59:14,-36.406,645.629,1060.974,994.201,997.497,-0.262,-38.569
18.11.2021 18:59:15,-36.300,647.125,1061.920,994.873,998.962,-0.325,-38.463
18.11.2021 18:59:16,-36.192,647.979,1062.835,995.971,999.755,-0.300,-38.429
18.11.2021 18:59:17,-36.107,649.566,1063.629,996.734,1000.671,-0.312,-38.302
18.11.2021 18:59:18,-36.006,650.146,1063.995,997.406,1001.312,-0.309,-38.261
18.11.2021 18:59:19,-35.906,651.947,1065.002,998.718,1002.105,-0.268,-38.126
18.11.2021 18:59:20,-35.808,653.137,1065.155,999.328,1003.051,-0.294,-38.000
18.11.2021 18:59:21,-35.705,653.778,1065.704,1000.335,1003.906,-0.282,-37.965
18.11.2021 18:59:22,-35.604,654.846,1065.826,1000.824,1004.547,-0.294,-37.852
18.11.2021 18:59:23,-35.504,656.036,1066.436,1002.105,1005.828,-0.293,-37.759
18.11.2021 18:59:25,-35.393,657.104,1067.169,1002.533,1005.706,-0.250,-37.689
18.11.2021 18:59:26,-35.305,657.958,1067.565,1003.417,1006.866,-0.271,-37.619
18.11.2021 18:59:27,-35.207,659.149,1067.779,1004.058,1007.903,-0.302,-37.499
18.11.2021 18:59:28,-35.102,659.576,1068.084,1005.309,1008.605,-0.259,-37.472
18.11.2021 18:59:29,-34.996,661.010,1068.267,1005.493,1009.460,-0.312,-37.322
18.11.2021 18:59:30,-34.893,662.353,1068.756,1006.195,1010.009,-0.299,-37.205
18.11.2021 18:59:31,-34.808,662.780,1069.580,1006.561,1010.070,-0.275,-37.214
18.11.2021 18:59:32,-34.705,664.062,1069.793,1007.629,1010.955,-0.261,-37.084
18.11.2021 18:59:33,-34.597,665.496,1070.343,1008.270,1011.657,-0.265,-36.961
18.11.2021 18:59:34,-34.499,666.229,1070.800,1008.758,1012.573,-0.299,-36.911
18.11.2021 18:59:35,-34.401,666.778,1071.838,1009.307,1013.030,-0.291,-36.922
18.11.2021 18:59:36,-34.305,668.121,1072.174,1009.826,1013.397,-0.279,-36.794
18.11.2021 18:59:37,-34.202,668.762,1072.418,1010.925,1014.221,-0.257,-36.739
18.11.2021 18:59:38,-34.104,669.677,1073.577,1011.413,1014.923,-0.274,-36.718
18.11.2021 18:59:39,-33.999,670.349,1073.883,1011.810,1015.533,-0.291,-36.664
18.11.2021 18:59:40,-33.906,671.142,1074.645,1012.664,1015.991,-0.259,-36.629
18.11.2021 18:59:41,-33.808,671.844,1075.164,1012.908,1016.174,-0.255,-36.586
18.11.2021 18:59:42,-33.707,672.546,1075.958,1013.091,1016.693,-0.281,-36.563
18.11.2021 18:59:43,-33.597,674.163,1076.904,1014.160,1017.211,-0.238,-36.449
18.11.2021 18:59:44,-33.496,674.407,1077.758,1014.800,1018.127,-0.259,-36.481
18.11.2021 18:59:45,-33.398,674.926,1078.369,1014.740,1018.524,-0.294,-36.466
18.11.2021 18:59:46,-33.300,676.025,1078.521,1015.411,1019.073,-0.285,-36.355
18.11.2021 18:59:47,-33.202,676.879,1079.620,1015.930,1019.348,-0.266,-36.336
18.11.2021 18:59:48,-33.094,678.100,1079.315,1015.838,1018.890,-0.237,-36.180
18.11.2021 18:59:49,-33.004,679.077,1080.657,1016.876,1019.683,-0.218,-36.165
18.11.2021 18:59:50,-32.893,679.809,1081.024,1016.601,1020.446,-0.299,-36.110
18.11.2021 18:59:51,-32.798,680.480,1081.085,1017.303,1020.477,-0.246,-36.040
18.11.2021 18:59:52,-32.707,681.488,1081.390,1017.730,1020.629,-0.225,-35.950
18.11.2021 18:59:53,-32.602,682.128,1082.183,1017.639,1021.240,-0.279,-35.934
18.11.2021 18:59:56,-32.494,683.654,1082.733,1018.463,1021.270,-0.218,-35.804
18.11.2021 18:59:57,-32.406,683.959,1082.916,1019.164,1021.545,-0.184,-35.784
18.11.2021 19:00:00,-32.300,684.936,1083.221,1019.409,1022.613,-0.248,-35.697
18.11.2021 19:00:03,-32.192,686.157,1082.672,1019.378,1022.308,-0.227,-35.525
18.11.2021 19:00:04,-32.094,686.340,1084.045,1019.653,1022.705,-0.236,-35.601
18.11.2021 19:00:06,-32.001,688.049,1084.075,1020.324,1023.559,-0.250,-35.416
18.11.2021 19:00:07,-31.893,688.751,1084.594,1020.355,1023.254,-0.224,-35.375
18.11.2021 19:00:08,-31.805,690.032,1084.930,1020.294,1023.468,-0.246,-35.258
18.11.2021 19:00:09,-31.705,691.131,1085.418,1020.996,1024.169,-0.245,-35.172
18.11.2021 19:00:10,-31.602,691.925,1085.388,1020.690,1024.017,-0.257,-35.084
18.11.2021 19:00:11,-31.501,692.596,1085.723,1022.033,1024.627,-0.200,-35.034
18.11.2021 19:00:12,-31.403,693.939,1085.723,1022.125,1024.780,-0.205,-34.888
18.11.2021 19:00:13,-31.305,694.580,1085.906,1022.033,1025.329,-0.255,-34.831
18.11.2021 19:00:14,-31.202,695.770,1086.303,1022.491,1025.390,-0.224,-34.729
18.11.2021 19:00:15,-31.102,696.838,1086.547,1022.674,1026.001,-0.257,-34.631
18.11.2021 19:00:16,-30.996,697.570,1087.005,1022.796,1025.665,-0.221,-34.583
18.11.2021 19:00:17,-30.893,698.760,1086.669,1022.888,1026.061,-0.245,-34.431
18.11.2021 19:00:18,-30.803,699.951,1086.364,1023.468,1025.756,-0.177,-34.281
18.11.2021 19:00:19,-30.702,700.531,1087.219,1023.681,1026.794,-0.240,-34.278
18.11.2021 19:00:20,-30.599,701.232,1087.524,1024.109,1026.824,-0.209,-34.224
18.11.2021 19:00:21,-30.506,702.636,1087.554,1024.536,1026.885,-0.181,-34.075
18.11.2021 19:00:22,-30.401,703.186,1087.127,1023.986,1026.977,-0.231,-33.986
18.11.2021 19:00:23,-30.300,704.376,1087.280,1024.688,1027.465,-0.214,-33.869
18.11.2021 19:00:24,-30.207,705.078,1087.463,1025.146,1027.648,-0.193,-33.806
18.11.2021 19:00:25,-30.099,705.535,1086.914,1025.451,1027.740,-0.176,-33.719
18.11.2021 19:00:26,-29.991,706.878,1087.585,1025.390,1027.893,-0.193,-33.622
18.11.2021 19:00:27,-29.896,707.763,1086.791,1025.604,1028.259,-0.204,-33.472
18.11.2021 19:00:28,-29.793,708.343,1086.974,1026.184,1028.289,-0.162,-33.423
18.11.2021 19:00:29,-29.707,709.259,1086.914,1025.604,1028.472,-0.221,-33.320
18.11.2021 19:00:30,-29.594,710.418,1086.425,1026.458,1028.686,-0.171,-33.163
18.11.2021 19:00:31,-29.501,711.425,1086.517,1026.611,1029.357,-0.211,-33.062
18.11.2021 19:00:32,-29.406,711.791,1086.059,1026.519,1029.205,-0.207,-32.991
18.11.2021 19:00:33,-29.298,712.982,1086.029,1027.435,1029.266,-0.141,-32.862
18.11.2021 19:00:34,-29.207,713.623,1085.906,1027.465,1029.876,-0.185,-32.785
18.11.2021 19:00:35,-29.107,714.660,1085.784,1027.465,1030.242,-0.213,-32.667
18.11.2021 19:00:36,-29.004,715.576,1085.144,1028.320,1030.700,-0.183,-32.525
18.11.2021 19:00:37,-28.898,716.705,1085.815,1027.984,1030.242,-0.173,-32.452
18.11.2021 19:00:38,-28.793,717.559,1084.594,1028.106,1030.426,-0.178,-32.276
18.11.2021 19:00:39,-28.702,718.719,1083.984,1028.778,1030.944,-0.166,-32.111
18.11.2021 19:00:40,-28.607,719.390,1084.686,1028.503,1031.127,-0.201,-32.089
18.11.2021 19:00:41,-28.494,720.123,1084.686,1028.777,1031.372,-0.199,-32.011
18.11.2021 19:00:42,-28.406,721.923,1084.777,1029.113,1031.158,-0.157,-31.828
18.11.2021 19:00:43,-28.305,722.320,1085.052,1029.418,1031.463,-0.157,-31.805
18.11.2021 19:00:44,-28.192,723.175,1084.716,1029.968,1032.592,-0.201,-31.692
18.11.2021 19:00:45,-28.104,723.632,1085.022,1030.426,1032.287,-0.143,-31.665
18.11.2021 19:00:46,-27.999,724.914,1085.266,1030.395,1032.196,-0.138,-31.548
18.11.2021 19:00:47,-27.898,725.708,1085.174,1030.548,1032.501,-0.150,-31.458
18.11.2021 19:00:48,-27.803,726.226,1084.930,1031.127,1033.172,-0.156,-31.387
18.11.2021 19:00:49,-27.702,727.233,1084.625,1030.944,1033.050,-0.161,-31.260
18.11.2021 19:00:50,-27.602,728.240,1085.449,1031.432,1033.813,-0.182,-31.212
18.11.2021 19:00:51,-27.494,728.790,1085.571,1031.402,1033.569,-0.166,-31.163
18.11.2021 19:00:52,-27.393,729.797,1085.540,1031.646,1033.325,-0.128,-31.056
18.11.2021 19:00:53,-27.293,730.499,1086.090,1032.470,1033.996,-0.117,-31.021
18.11.2021 19:00:54,-27.207,731.842,1085.662,1032.623,1033.599,-0.074,-30.851
18.11.2021 19:00:55,-27.094,732.330,1085.968,1032.531,1034.576,-0.156,-30.822
18.11.2021 19:00:56,-27.004,733.581,1086.517,1033.233,1034.973,-0.133,-30.730
18.11.2021 19:00:57,-26.896,734.619,1086.700,1033.874,1035.369,-0.114,-30.635
18.11.2021 19:00:58,-26.805,735.382,1086.975,1033.721,1035.766,-0.156,-30.575
18.11.2021 19:00:59,-26.695,736.389,1086.792,1034.149,1036.102,-0.149,-30.458
18.11.2021 19:01:00,-26.602,737.457,1086.181,1034.393,1036.346,-0.149,-30.304
18.11.2021 19:01:01,-26.499,738.708,1087.158,1034.759,1036.346,-0.121,-30.244
18.11.2021 19:01:02,-26.408,739.471,1086.761,1035.003,1037.078,-0.158,-30.137
18.11.2021 19:01:03,-26.308,740.875,1087.005,1035.461,1037.200,-0.132,-30.009
18.11.2021 19:01:04,-26.195,741.943,1086.944,1035.400,1036.956,-0.119,-29.895
18.11.2021 19:01:05,-26.094,742.980,1086.547,1035.583,1037.567,-0.151,-29.760
18.11.2021 19:01:06,-26.001,743.988,1086.395,1036.254,1037.475,-0.093,-29.646
18.11.2021 19:01:07,-25.901,745.117,1086.456,1036.224,1038.055,-0.139,-29.534
18.11.2021 19:01:08,-25.798,746.276,1086.700,1036.529,1038.543,-0.153,-29.432
18.11.2021 19:01:10,-25.705,747.497,1086.486,1037.689,1038.177,-0.037,-29.292
18.11.2021 19:01:11,-25.592,748.718,1086.791,1037.384,1039.031,-0.125,-29.189
18.11.2021 19:01:12,-25.491,749.908,1086.242,1038.055,1039.337,-0.097,-29.029
18.11.2021 19:01:13,-25.393,751.647,1085.571,1038.147,1039.398,-0.095,-28.804
18.11.2021 19:01:14,-25.293,752.410,1085.937,1038.513,1040.008,-0.114,-28.752
18.11.2021 19:01:15,-25.195,753.967,1085.510,1038.360,1040.344,-0.151,-28.563
18.11.2021 19:01:16,-25.102,755.218,1085.113,1039.367,1041.015,-0.125,-28.408
18.11.2021 19:01:17,-25.001,756.561,1085.052,1039.459,1041.107,-0.125,-28.268
18.11.2021 19:01:18,-24.893,757.415,1085.052,1039.550,1041.168,-0.123,-28.181
18.11.2021 19:01:19,-24.803,758.941,1085.113,1040.222,1040.985,-0.058,-28.031
18.11.2021 19:01:20,-24.700,760.101,1084.930,1040.496,1041.839,-0.102,-27.901
18.11.2021 19:01:21,-24.594,761.718,1084.716,1040.893,1042.663,-0.134,-27.722
18.11.2021 19:01:22,-24.499,762.725,1084.320,1041.748,1042.450,-0.053,-27.593
18.11.2021 19:01:23,-24.403,763.305,1084.350,1041.442,1043.334,-0.143,-27.536
18.11.2021 19:01:24,-24.308,764.556,1083.770,1041.595,1042.846,-0.095,-27.369
18.11.2021 19:01:25,-24.192,766.235,1083.343,1042.266,1043.426,-0.088,-27.170
18.11.2021 19:01:26,-24.107,767.181,1083.007,1042.358,1043.426,-0.081,-27.052
18.11.2021 19:01:27,-23.991,768.066,1082.489,1042.236,1044.006,-0.134,-26.926
18.11.2021 19:01:28,-23.893,769.805,1082.855,1042.602,1044.189,-0.120,-26.778
18.11.2021 19:01:29,-23.800,770.202,1082.733,1042.877,1044.281,-0.106,-26.730
18.11.2021 19:01:30,-23.692,771.697,1081.848,1043.121,1045.288,-0.164,-26.517
18.11.2021 19:01:31,-23.594,772.308,1081.451,1043.701,1044.525,-0.062,-26.428
18.11.2021 19:01:32,-23.491,774.108,1081.695,1044.586,1045.623,-0.078,-26.266
18.11.2021 19:01:33,-23.408,775.390,1080.902,1044.555,1046.081,-0.115,-26.082
18.11.2021 19:01:34,-23.295,776.306,1080.169,1044.616,1046.234,-0.122,-25.939
18.11.2021 19:01:35,-23.207,777.343,1080.078,1045.135,1046.569,-0.108,-25.829
18.11.2021 19:01:36,-23.107,778.686,1079.437,1045.379,1046.875,-0.113,-25.650
18.11.2021 19:01:37,-23.004,780.151,1079.010,1045.257,1046.142,-0.067,-25.475
18.11.2021 19:01:38,-22.901,780.975,1079.620,1045.867,1047.180,-0.099,-25.437
18.11.2021 19:01:39,-22.793,782.043,1078.796,1046.234,1047.149,-0.069,-25.272
18.11.2021 19:01:40,-22.700,783.386,1078.430,1046.691,1047.515,-0.062,-25.114
18.11.2021 19:01:41,-22.604,784.301,1078.094,1047.180,1048.492,-0.099,-24.999
18.11.2021 19:01:42,-22.501,785.675,1077.606,1046.508,1047.912,-0.106,-24.829
18.11.2021 19:01:43,-22.396,786.895,1077.453,1046.814,1048.401,-0.120,-24.698
18.11.2021 19:01:44,-22.303,788.208,1077.423,1047.088,1048.400,-0.099,-24.567
18.11.2021 19:01:45,-22.205,789.947,1077.117,1047.546,1048.431,-0.066,-24.375
18.11.2021 19:01:46,-22.107,791.076,1076.782,1047.576,1048.706,-0.085,-24.240
18.11.2021 19:01:47,-21.999,792.114,1076.629,1048.034,1049.224,-0.089,-24.128
18.11.2021 19:01:48,-21.908,793.029,1076.416,1048.339,1049.011,-0.050,-24.023
18.11.2021 19:01:51,-21.793,794.342,1076.293,1048.370,1049.072,-0.053,-23.886
18.11.2021 19:01:52,-21.692,795.318,1076.019,1048.126,1050.109,-0.149,-23.771
18.11.2021 19:01:54,-21.597,797.149,1076.141,1048.614,1049.285,-0.050,-23.602
18.11.2021 19:01:55,-21.504,797.912,1075.378,1048.797,1049.652,-0.064,-23.473
18.11.2021 19:01:56,-21.401,799.804,1075.683,1048.889,1050.323,-0.108,-23.311
18.11.2021 19:01:57,-21.298,800.933,1075.286,1049.346,1050.048,-0.052,-23.173
18.11.2021 19:01:58,-21.192,801.330,1075.378,1048.980,1050.842,-0.140,-23.141
18.11.2021 19:01:59,-21.102,802.734,1074.707,1049.774,1050.689,-0.069,-22.957
18.11.2021 19:02:00,-21.006,803.924,1074.523,1049.652,1050.445,-0.059,-22.829
18.11.2021 19:02:01,-20.908,805.236,1074.157,1049.835,1050.720,-0.066,-22.676
18.11.2021 19:02:02,-20.795,806.365,1073.822,1049.224,1050.811,-0.119,-22.543
18.11.2021 19:02:03,-20.695,807.464,1073.944,1049.743,1050.628,-0.066,-22.446
18.11.2021 19:02:04,-20.597,808.532,1073.242,1049.713,1050.567,-0.064,-22.293
18.11.2021 19:02:05,-20.491,810.607,1073.089,1049.713,1050.750,-0.078,-22.083
18.11.2021 19:02:06,-20.396,811.157,1072.753,1050.018,1050.781,-0.057,-22.006
18.11.2021 19:02:07,-20.303,812.347,1072.143,1049.774,1051.025,-0.094,-21.847
18.11.2021 19:02:08,-20.205,813.903,1071.441,1050.170,1050.750,-0.043,-21.648
18.11.2021 19:02:09,-20.104,814.544,1071.197,1049.987,1050.659,-0.050,-21.569
18.11.2021 19:02:10,-20.004,816.375,1070.922,1050.079,1051.116,-0.078,-21.374
18.11.2021 19:02:11,-19.903,817.260,1070.068,1049.865,1051.147,-0.096,-21.228
18.11.2021 19:02:12,-19.800,818.176,1069.671,1049.530,1050.506,-0.073,-21.112
18.11.2021 19:02:13,-19.692,819.641,1069.305,1049.194,1050.842,-0.124,-20.946
18.11.2021 19:02:14,-19.599,821.685,1068.847,1049.743,1050.415,-0.050,-20.718
18.11.2021 19:02:15,-19.496,822.265,1068.603,1049.530,1050.475,-0.071,-20.646
18.11.2021 19:02:16,-19.396,823.455,1068.206,1049.133,1050.354,-0.092,-20.504
18.11.2021 19:02:17,-19.293,825.073,1067.809,1049.926,1050.354,-0.032,-20.322
18.11.2021 19:02:18,-19.200,826.202,1067.443,1049.255,1050.231,-0.073,-20.189
18.11.2021 19:02:19,-19.094,827.667,1066.955,1049.468,1050.323,-0.064,-20.015
18.11.2021 19:02:20,-18.994,829.071,1066.314,1049.621,1050.445,-0.062,-19.836
18.11.2021 19:02:21,-18.903,830.261,1065.338,1049.163,1050.048,-0.066,-19.653
18.11.2021 19:02:22,-18.803,831.329,1064.819,1048.919,1050.048,-0.085,-19.514
18.11.2021 19:02:23,-18.702,832.611,1064.117,1049.194,1049.835,-0.048,-19.343
18.11.2021 19:02:24,-18.597,833.923,1063.995,1048.553,1049.346,-0.059,-19.211
18.11.2021 19:02:25,-18.506,835.418,1062.805,1048.278,1049.468,-0.089,-18.983
18.11.2021 19:02:26,-18.403,836.822,1061.950,1048.797,1049.652,-0.064,-18.790
18.11.2021 19:02:27,-18.293,837.493,1061.614,1048.248,1049.011,-0.057,-18.702
18.11.2021 19:02:28,-18.192,838.623,1061.279,1048.095,1048.614,-0.039,-18.572
18.11.2021 19:02:29,-18.097,840.087,1060.180,1048.248,1049.133,-0.066,-18.355
18.11.2021 19:02:30,-17.994,840.881,1059.265,1048.095,1048.553,-0.034,-18.213
18.11.2021 19:02:31,-17.893,841.888,1058.624,1047.424,1048.401,-0.073,-18.073
18.11.2021 19:02:32,-17.793,842.712,1057.159,1047.515,1048.614,-0.083,-17.888
18.11.2021 19:02:33,-17.707,843.688,1056.884,1047.332,1048.614,-0.096,-17.777
18.11.2021 19:02:34,-17.599,844.787,1056.152,1046.966,1048.248,-0.096,-17.621
18.11.2021 19:02:35,-17.506,846.221,1055.175,1046.478,1047.454,-0.073,-17.416
18.11.2021 19:02:36,-17.393,847.290,1054.718,1046.539,1047.119,-0.043,-17.283
18.11.2021 19:02:37,-17.298,847.961,1053.527,1045.898,1047.363,-0.110,-17.132
18.11.2021 19:02:38,-17.195,849.273,1052.459,1046.051,1046.813,-0.057,-16.932
18.11.2021 19:02:39,-17.092,849.578,1051.605,1045.501,1046.600,-0.083,-16.840
18.11.2021 19:02:40,-16.991,850.646,1051.452,1045.226,1046.173,-0.071,-16.730
18.11.2021 19:02:41,-16.893,851.470,1050.445,1045.562,1045.562,0.000,-16.579
18.11.2021 19:02:42,-16.805,851.776,1050.079,1045.227,1045.654,-0.032,-16.524
18.11.2021 19:02:43,-16.692,853.088,1049.133,1044.403,1045.287,-0.067,-16.332
18.11.2021 19:02:44,-16.599,854.064,1047.912,1044.250,1045.288,-0.078,-16.151
18.11.2021 19:02:45,-16.491,854.522,1047.576,1044.372,1044.494,-0.009,-16.084
18.11.2021 19:02:46,-16.408,856.079,1046.508,1043.823,1044.433,-0.046,-15.862
18.11.2021 19:02:47,-16.298,856.994,1045.684,1043.823,1044.097,-0.020,-15.716
18.11.2021 19:02:48,-16.197,858.215,1045.562,1043.273,1043.212,0.004,-15.595
18.11.2021 19:02:49,-16.097,858.612,1044.769,1042.694,1043.640,-0.071,-15.499
18.11.2021 19:02:50,-16.001,859.558,1044.067,1042.755,1043.304,-0.041,-15.360
18.11.2021 19:02:51,-15.906,859.954,1044.036,1042.449,1042.510,-0.004,-15.322
18.11.2021 19:02:52,-15.803,860.778,1043.334,1042.266,1042.572,-0.023,-15.194
18.11.2021 19:02:53,-15.700,861.480,1042.053,1041.534,1042.053,-0.039,-15.033
18.11.2021 19:02:55,-15.594,862.091,1041.748,1041.473,1041.748,-0.020,-14.954
18.11.2021 19:02:56,-15.499,863.067,1040.313,1040.283,1041.442,-0.088,-14.757
18.11.2021 19:02:57,-15.401,863.830,1040.374,1040.283,1040.527,-0.018,-14.692
18.11.2021 19:02:58,-15.295,863.830,1039.825,1039.398,1040.039,-0.048,-14.651
18.11.2021 19:02:59,-15.192,865.081,1038.940,1039.459,1039.398,0.004,-14.470
18.11.2021 19:03:00,-15.097,866.119,1038.848,1039.520,1039.337,0.013,-14.369
18.11.2021 19:03:01,-14.994,866.973,1037.750,1038.665,1038.726,-0.004,-14.209
18.11.2021 19:03:02,-14.903,867.095,1037.628,1038.421,1038.391,0.002,-14.188
18.11.2021 19:03:03,-14.793,868.408,1037.017,1038.146,1038.391,-0.018,-14.023
18.11.2021 19:03:04,-14.705,868.621,1036.438,1037.658,1038.238,-0.044,-13.960
18.11.2021 19:03:05,-14.592,869.262,1035.461,1037.231,1038.085,-0.065,-13.828
18.11.2021 19:03:06,-14.501,870.208,1034.576,1036.865,1037.628,-0.058,-13.675
18.11.2021 19:03:07,-14.396,870.513,1034.027,1035.980,1036.926,-0.072,-13.606
18.11.2021 19:03:08,-14.298,871.490,1033.905,1035.919,1036.712,-0.060,-13.508
18.11.2021 19:03:09,-14.202,872.436,1033.447,1035.858,1036.499,-0.049,-13.388
18.11.2021 19:03:10,-14.094,873.168,1032.806,1035.125,1035.552,-0.032,-13.273
18.11.2021 19:03:11,-13.991,873.809,1031.890,1035.095,1034.973,0.009,-13.146
18.11.2021 19:03:12,-13.901,874.511,1030.883,1034.667,1034.942,-0.021,-13.006
18.11.2021 19:03:13,-13.805,874.908,1031.402,1034.728,1034.576,0.011,-13.009
18.11.2021 19:03:14,-13.705,875.640,1030.151,1034.026,1034.210,-0.014,-12.848
18.11.2021 19:03:15,-13.602,876.129,1029.357,1033.843,1034.088,-0.018,-12.743
18.11.2021 19:03:16,-13.491,877.410,1028.747,1033.355,1033.141,0.016,-12.582
18.11.2021 19:03:17,-13.403,878.051,1028.167,1032.714,1033.019,-0.023,-12.480
18.11.2021 19:03:18,-13.305,878.601,1027.221,1032.196,1032.562,-0.028,-12.358
18.11.2021 19:03:19,-13.202,879.150,1026.733,1032.135,1032.073,0.004,-12.271
18.11.2021 19:03:20,-13.102,880.401,1025.604,1031.585,1031.799,-0.016,-12.073
18.11.2021 19:03:21,-13.006,880.950,1024.993,1031.067,1030.731,0.025,-11.977
18.11.2021 19:03:22,-12.893,881.805,1024.475,1030.090,1031.005,-0.070,-11.860
18.11.2021 19:03:23,-12.800,882.568,1024.261,1029.876,1030.334,-0.035,-11.776
18.11.2021 19:03:24,-12.702,883.270,1023.376,1029.266,1029.723,-0.035,-11.645
18.11.2021 19:03:25,-12.602,884.551,1022.308,1029.327,1029.418,-0.007,-11.448
18.11.2021 19:03:26,-12.496,885.314,1021.972,1028.991,1028.900,0.007,-11.355
18.11.2021 19:03:27,-12.398,885.955,1020.568,1028.747,1028.381,0.028,-11.189
18.11.2021 19:03:28,-12.295,886.688,1020.630,1028.045,1028.350,-0.023,-11.129
18.11.2021 19:03:29,-12.207,888.000,1019.470,1027.282,1027.892,-0.047,-10.922
18.11.2021 19:03:30,-12.092,888.549,1018.554,1027.038,1027.130,-0.007,-10.803
18.11.2021 19:03:32,-11.999,889.190,1017.211,1026.611,1026.763,-0.011,-10.642
18.11.2021 19:03:33,-11.898,890.228,1016.632,1026.611,1026.122,0.037,-10.505
18.11.2021 19:03:34,-11.793,890.991,1016.113,1025.665,1025.817,-0.011,-10.397
18.11.2021 19:03:35,-11.705,891.754,1015.167,1025.299,1025.299,0.000,-10.256
18.11.2021 19:03:36,-11.599,892.395,1014.526,1024.993,1025.238,-0.018,-10.149
18.11.2021 19:03:38,-11.491,893.066,1013.305,1024.597,1024.414,0.014,-9.995
18.11.2021 19:03:39,-11.401,893.280,1012.390,1024.017,1024.017,0.000,-9.905
18.11.2021 19:03:40,-11.295,894.042,1010.833,1023.406,1023.742,-0.026,-9.716
18.11.2021 19:03:41,-11.192,894.073,1010.009,1023.590,1023.010,0.044,-9.649
18.11.2021 19:03:42,-11.092,894.714,1009.155,1022.613,1022.369,0.018,-9.526
18.11.2021 19:03:43,-10.999,895.721,1008.666,1022.979,1022.338,0.049,-9.399
18.11.2021 19:03:44,-10.893,896.209,1007.751,1021.514,1021.942,-0.033,-9.284
18.11.2021 19:03:45,-10.805,896.698,1006.164,1021.423,1021.301,0.009,-9.116
18.11.2021 19:03:46,-10.707,896.942,1005.157,1021.026,1020.812,0.016,-9.016
18.11.2021 19:03:47,-10.599,897.369,1004.608,1020.324,1020.629,-0.023,-8.935
18.11.2021 19:03:48,-10.496,898.010,1003.509,1020.111,1019.622,0.037,-8.792
18.11.2021 19:03:49,-10.401,898.162,1003.448,1019.683,1019.439,0.018,-8.774
18.11.2021 19:03:50,-10.303,898.620,1002.807,1019.928,1019.378,0.042,-8.683
18.11.2021 19:03:51,-10.200,899.109,1001.159,1019.622,1018.493,0.087,-8.510
18.11.2021 19:03:52,-10.099,899.139,1001.678,1018.859,1019.165,-0.023,-8.549
18.11.2021 19:03:53,-10.001,899.871,1000.396,1018.401,1018.158,0.018,-8.383
18.11.2021 19:03:54,-9.906,899.749,999.542,1017.883,1017.059,0.064,-8.326
18.11.2021 19:03:55,-9.803,900.177,998.718,1017.120,1017.395,-0.021,-8.224
18.11.2021 19:03:56,-9.692,901.123,998.413,1016.815,1017.059,-0.019,-8.116
18.11.2021 19:03:57,-9.604,901.306,998.199,1016.998,1016.509,0.038,-8.083
18.11.2021 19:03:58,-9.494,901.428,997.741,1016.418,1016.693,-0.021,-8.037
18.11.2021 19:03:59,-9.401,901.977,996.978,1016.632,1016.418,0.016,-7.928
18.11.2021 19:04:00,-9.293,901.825,996.338,1016.174,1015.502,0.052,-7.890
18.11.2021 19:04:01,-9.192,903.045,996.215,1015.747,1015.045,0.054,-7.774
18.11.2021 19:04:02,-9.104,903.137,995.483,1015.258,1014.648,0.047,-7.708
18.11.2021 19:04:03,-8.994,904.022,994.750,1015.289,1014.800,0.038,-7.572
18.11.2021 19:04:04,-8.908,904.266,994.018,1014.617,1014.068,0.042,-7.492
18.11.2021 19:04:05,-8.803,904.358,993.530,1014.434,1013.916,0.040,-7.446
18.11.2021 19:04:06,-8.705,905.212,993.316,1014.953,1014.160,0.061,-7.354
18.11.2021 19:04:07,-8.604,905.425,993.011,1014.343,1014.038,0.023,-7.311
18.11.2021 19:04:08,-8.501,906.005,991.973,1013.549,1012.695,0.066,-7.178
18.11.2021 19:04:09,-8.393,906.372,991.210,1013.488,1013.336,0.011,-7.085
18.11.2021 19:04:10,-8.303,907.287,991.180,1012.908,1012.847,0.004,-7.003
18.11.2021 19:04:11,-8.200,907.165,990.142,1012.847,1012.359,0.038,-6.930
18.11.2021 19:04:12,-8.094,907.196,989.105,1011.566,1011.230,0.026,-6.845
18.11.2021 19:04:13,-8.004,907.928,989.074,1011.657,1010.681,0.076,-6.779
18.11.2021 19:04:14,-7.903,908.386,988.342,1011.382,1011.291,0.007,-6.680
18.11.2021 19:04:15,-7.805,909.301,987.793,1011.627,1010.864,0.059,-6.556
18.11.2021 19:04:16,-7.692,909.637,987.152,1011.108,1010.681,0.033,-6.476
18.11.2021 19:04:17,-7.602,909.729,987.365,1011.016,1010.375,0.050,-6.485
18.11.2021 19:04:18,-7.496,910.461,986.358,1010.772,1009.918,0.067,-6.341
18.11.2021 19:04:19,-7.408,910.522,985.809,1010.101,1009.857,0.019,-6.291
18.11.2021 19:04:20,-7.305,911.102,985.076,1009.796,1009.216,0.045,-6.182
18.11.2021 19:04:21,-7.195,911.193,984.832,1009.613,1008.727,0.069,-6.155
18.11.2021 19:04:22,-7.104,911.743,983.978,1009.429,1009.002,0.033,-6.038
18.11.2021 19:04:23,-7.004,912.261,983.734,1009.460,1008.789,0.052,-5.974
18.11.2021 19:04:24,-6.898,912.750,983.398,1009.002,1008.484,0.040,-5.904
18.11.2021 19:04:25,-6.795,913.574,982.330,1008.636,1007.934,0.055,-5.747
18.11.2021 19:04:26,-6.705,913.604,981.811,1008.117,1008.087,0.002,-5.702
18.11.2021 19:04:27,-6.599,914.123,980.865,1007.690,1007.293,0.031,-5.581
18.11.2021 19:04:28,-6.504,914.886,980.041,1007.904,1006.896,0.079,-5.449
18.11.2021 19:04:29,-6.408,915.618,979.797,1007.263,1007.415,-0.011,-5.366
18.11.2021 19:04:30,-6.308,916.381,978.637,1007.171,1006.225,0.074,-5.206
18.11.2021 19:04:31,-6.192,916.961,978.271,1006.469,1006.469,0.000,-5.126
18.11.2021 19:04:32,-6.099,917.450,977.813,1006.194,1005.950,0.019,-5.047
18.11.2021 19:04:33,-5.994,917.694,976.959,1006.103,1005.889,0.016,-4.957
18.11.2021 19:04:34,-5.898,918.701,976.684,1005.767,1005.767,0.000,-4.848
18.11.2021 19:04:35,-5.800,919.494,975.372,1005.767,1005.126,0.050,-4.673
18.11.2021 19:04:36,-5.697,919.616,974.609,1004.974,1004.974,0.000,-4.600
18.11.2021 19:04:37,-5.607,920.745,973.724,1005.065,1004.547,0.040,-4.431
18.11.2021 19:04:38,-5.499,921.203,973.266,1004.486,1004.303,0.014,-4.355
18.11.2021 19:04:40,-5.393,921.813,972.442,1004.821,1003.967,0.067,-4.235
18.11.2021 19:04:41,-5.300,922.088,970.794,1004.028,1003.570,0.036,-4.077
18.11.2021 19:04:42,-5.192,922.637,970.764,1003.997,1003.753,0.019,-4.028
18.11.2021 19:04:43,-5.107,923.583,970.581,1004.028,1003.753,0.021,-3.932
18.11.2021 19:04:44,-4.994,923.950,969.360,1003.417,1003.173,0.019,-3.801
18.11.2021 19:04:45,-4.901,924.591,968.994,1003.631,1003.051,0.045,-3.716
18.11.2021 19:04:46,-4.800,925.140,968.078,1003.509,1002.685,0.065,-3.594
18.11.2021 19:04:47,-4.705,925.079,967.254,1002.746,1002.319,0.033,-3.532
18.11.2021 19:04:48,-4.604,925.170,966.796,1002.899,1001.861,0.082,-3.486
18.11.2021 19:04:49,-4.496,926.055,965.911,1003.143,1002.380,0.060,-3.338
18.11.2021 19:04:50,-4.401,926.452,965.148,1002.044,1001.800,0.019,-3.241
18.11.2021 19:04:51,-4.303,926.391,964.172,1002.441,1001.403,0.082,-3.167
18.11.2021 19:04:52,-4.205,926.849,963.989,1002.410,1001.129,0.101,-3.112
18.11.2021 19:04:53,-4.107,926.910,963.378,1002.227,1001.190,0.082,-3.057
18.11.2021 19:04:54,-4.004,927.124,962.432,1001.678,1001.678,0.000,-2.961
18.11.2021 19:04:55,-3.906,927.612,961.730,1001.739,1001.373,0.028,-2.861
18.11.2021 19:04:56,-3.803,928.100,961.731,1001.526,1001.159,0.028,-2.820
18.11.2021 19:04:57,-3.707,928.405,961.303,1001.495,1001.159,0.026,-2.758
18.11.2021 19:04:58,-3.597,928.466,960.113,1001.373,1000.427,0.074,-2.655
18.11.2021 19:04:59,-3.504,928.375,959.930,1001.068,1000.244,0.065,-2.648
18.11.2021 19:05:00,-3.401,929.046,959.472,1000.701,1000.610,0.007,-2.553
18.11.2021 19:05:01,-3.300,929.473,958.709,1000.488,999.725,0.060,-2.453
18.11.2021 19:05:02,-3.205,930.328,958.648,1000.518,999.755,0.060,-2.375
18.11.2021 19:05:03,-3.102,929.748,958.496,1000.457,999.877,0.045,-2.412
18.11.2021 19:05:04,-2.996,930.725,958.221,1000.488,1000.396,0.007,-2.306
18.11.2021 19:05:05,-2.908,931.030,957.549,1000.579,999.603,0.077,-2.225
18.11.2021 19:05:06,-2.808,931.060,957.397,1000.183,999.633,0.043,-2.210
18.11.2021 19:05:07,-2.697,931.640,957.000,1000.671,1000.213,0.036,-2.128
18.11.2021 19:05:08,-2.607,932.098,956.481,1000.305,999.359,0.074,-2.046
18.11.2021 19:05:09,-2.499,932.403,955.474,999.938,999.664,0.021,-1.936
18.11.2021 19:05:10,-2.393,933.349,956.207,1000.030,999.572,0.036,-1.917
18.11.2021 19:05:11,-2.303,933.563,955.291,999.694,999.267,0.033,-1.823
18.11.2021 19:05:12,-2.205,934.051,954.711,1000.091,999.603,0.038,-1.733
18.11.2021 19:05:13,-2.092,934.295,954.437,999.542,999.450,0.007,-1.690
18.11.2021 19:05:14,-1.999,935.028,954.315,999.572,999.054,0.041,-1.617
18.11.2021 19:05:15,-1.896,935.363,954.070,999.481,999.115,0.029,-1.569
18.11.2021 19:05:16,-1.805,936.218,953.582,999.481,999.206,0.021,-1.456
18.11.2021 19:05:17,-1.700,936.126,953.155,999.236,998.718,0.041,-1.428
18.11.2021 19:05:18,-1.604,936.706,952.911,999.847,998.565,0.101,-1.359
18.11.2021 19:05:19,-1.494,936.767,952.453,999.298,999.298,-0.000,-1.315
18.11.2021 19:05:22,-1.393,937.469,951.660,999.542,998.901,0.050,-1.190
18.11.2021 19:05:23,-1.308,938.018,951.141,999.572,998.413,0.091,-1.100
18.11.2021 19:05:24,-1.197,938.415,950.805,999.481,998.779,0.055,-1.039
18.11.2021 19:05:25,-1.097,938.751,950.225,999.755,998.718,0.082,-0.962
18.11.2021 19:05:27,-0.996,939.270,949.768,999.603,998.443,0.091,-0.880
18.11.2021 19:05:28,-0.901,939.758,949.523,999.175,999.023,0.012,-0.819
18.11.2021 19:05:29,-0.808,940.765,949.096,999.694,998.657,0.082,-0.698
18.11.2021 19:05:30,-0.695,940.521,949.066,999.023,998.718,0.024,-0.716
18.11.2021 19:05:31,-0.602,941.711,948.455,999.267,998.809,0.036,-0.565
18.11.2021 19:05:32,-0.504,942.016,947.875,999.023,999.084,-0.004,-0.491
18.11.2021 19:05:33,-0.408,943.084,947.357,999.389,998.992,0.031,-0.358
18.11.2021 19:05:34,-0.303,943.542,947.082,999.572,999.023,0.043,-0.296
18.11.2021 19:05:35,-0.205,944.213,947.113,999.359,999.664,-0.024,-0.242
18.11.2021 19:05:36,-0.092,945.098,946.044,999.175,998.413,0.060,-0.079
18.11.2021 19:05:37,0.001,945.922,945.465,999.145,998.687,0.036,0.038
18.11.2021 19:05:38,0.104,947.051,945.342,999.420,999.054,0.029,0.143
18.11.2021 19:05:39,0.202,946.991,944.610,999.328,998.809,0.041,0.199
18.11.2021 19:05:40,0.298,947.692,944.397,999.908,998.840,0.084,0.276
18.11.2021 19:05:41,0.396,948.669,943.450,998.931,998.626,0.024,0.437
18.11.2021 19:05:42,0.494,949.188,943.176,1000.122,999.267,0.067,0.503
18.11.2021 19:05:43,0.592,950.591,942.993,1000.030,999.572,0.036,0.635
18.11.2021 19:05:44,0.692,950.744,942.169,1000.518,999.298,0.096,0.717
18.11.2021 19:05:45,0.803,951.385,941.833,999.938,999.542,0.031,0.799
18.11.2021 19:05:46,0.903,952.575,941.040,1000.427,999.725,0.055,0.965
18.11.2021 19:05:47,0.994,953.063,940.795,1000.610,1000.060,0.043,1.026
18.11.2021 19:05:48,1.097,953.338,939.727,1000.579,999.267,0.103,1.139
18.11.2021 19:05:49,1.192,953.613,939.483,1000.701,1000.152,0.043,1.182
18.11.2021 19:05:50,1.295,954.833,938.537,1000.671,1000.091,0.045,1.364
18.11.2021 19:05:51,1.401,955.230,937.927,1001.037,1000.244,0.062,1.448
18.11.2021 19:05:52,1.501,955.596,937.408,1000.457,1000.152,0.024,1.522
18.11.2021 19:05:53,1.597,956.237,936.645,1001.068,1000.152,0.072,1.640
18.11.2021 19:05:54,1.707,956.634,936.553,1001.007,1000.549,0.036,1.680
18.11.2021 19:05:55,1.793,957.031,935.546,1001.037,1000.152,0.070,1.799
18.11.2021 19:05:56,1.906,957.702,935.241,1001.556,1000.457,0.086,1.880
18.11.2021 19:05:57,2.001,958.221,934.417,1001.281,1000.579,0.055,1.993
18.11.2021 19:05:58,2.094,958.496,934.234,1001.373,1000.305,0.084,2.031
18.11.2021 19:05:59,2.195,959.258,933.990,1001.769,1001.281,0.038,2.115
18.11.2021 19:06:00,2.305,959.228,933.227,1001.831,1001.617,0.016,2.177
18.11.2021 19:06:01,2.396,960.266,932.952,1001.861,1001.281,0.045,2.286
18.11.2021 19:06:02,2.494,960.846,932.495,1002.533,1001.617,0.072,2.373
18.11.2021 19:06:03,2.602,960.662,932.159,1002.532,1001.922,0.048,2.386
18.11.2021 19:06:04,2.697,961.669,931.640,1002.929,1001.556,0.108,2.513
18.11.2021 19:06:05,2.800,961.425,931.304,1003.051,1001.861,0.094,2.522
18.11.2021 19:06:06,2.901,962.188,931.030,1003.295,1002.197,0.086,2.608
18.11.2021 19:06:07,3.004,962.951,930.786,1003.631,1002.349,0.101,2.691
18.11.2021 19:06:08,3.102,963.012,930.694,1003.662,1002.441,0.096,2.704
18.11.2021 19:06:09,3.192,963.775,930.084,1004.180,1003.234,0.074,2.819
18.11.2021 19:06:10,3.303,963.745,930.053,1003.814,1003.265,0.043,2.819
18.11.2021 19:06:11,3.396,964.691,929.504,1004.333,1003.051,0.101,2.943
18.11.2021 19:06:12,3.504,964.874,929.168,1005.096,1003.723,0.108,2.987
18.11.2021 19:06:13,3.594,965.637,928.955,1004.974,1003.692,0.101,3.068
18.11.2021 19:06:14,3.695,966.430,928.680,1005.065,1004.150,0.072,3.156
18.11.2021 19:06:15,3.798,966.705,928.344,1005.249,1004.333,0.072,3.208
18.11.2021 19:06:16,3.896,967.468,928.039,1005.523,1004.577,0.074,3.296
18.11.2021 19:06:17,4.006,967.804,928.161,1006.042,1004.486,0.122,3.313
18.11.2021 19:06:18,4.094,968.872,927.490,1006.286,1005.279,0.079,3.458
18.11.2021 19:06:19,4.207,969.146,927.062,1006.561,1005.066,0.117,3.517
18.11.2021 19:06:20,4.308,970.123,927.032,1006.225,1005.950,0.021,3.599
18.11.2021 19:06:21,4.401,970.886,926.452,1007.141,1005.828,0.103,3.711
18.11.2021 19:06:22,4.494,971.466,926.055,1006.896,1006.195,0.055,3.792
18.11.2021 19:06:23,4.599,971.893,925.903,1007.385,1006.683,0.055,3.840
18.11.2021 19:06:24,4.702,972.107,925.231,1008.270,1007.110,0.091,3.915
18.11.2021 19:06:26,4.795,973.114,925.079,1008.117,1007.140,0.076,4.010
18.11.2021 19:06:27,4.896,973.419,924.285,1008.300,1007.354,0.074,4.103
18.11.2021 19:06:28,5.004,974.456,924.407,1008.819,1007.751,0.083,4.177
18.11.2021 19:06:29,5.092,974.883,924.041,1009.033,1008.087,0.074,4.243
18.11.2021 19:06:30,5.207,975.341,923.400,1008.941,1007.995,0.074,4.335
18.11.2021 19:06:31,5.293,976.135,922.698,1009.735,1008.300,0.112,4.459
18.11.2021 19:06:32,5.396,976.898,922.485,1009.643,1008.575,0.083,4.540
18.11.2021 19:06:33,5.504,978.057,922.638,1010.192,1009.216,0.076,4.620
18.11.2021 19:06:34,5.604,978.454,922.149,1010.375,1008.880,0.117,4.694
18.11.2021 19:06:35,5.697,979.156,921.142,1010.559,1010.009,0.043,4.838
18.11.2021 19:06:36,5.798,980.071,921.386,1010.864,1009.918,0.074,4.891
18.11.2021 19:06:37,5.898,980.499,921.203,1011.535,1010.803,0.057,4.941
18.11.2021 19:06:38,5.999,981.170,919.982,1011.596,1010.986,0.047,5.100
18.11.2021 19:06:39,6.097,982.208,919.921,1011.718,1010.925,0.062,5.189
18.11.2021 19:06:40,6.197,983.093,919.586,1011.932,1011.169,0.059,5.289
18.11.2021 19:06:41,6.300,983.459,918.762,1012.298,1011.505,0.062,5.390
18.11.2021 19:06:42,6.396,984.680,918.792,1013.275,1011.474,0.140,5.485
18.11.2021 19:06:43,6.494,985.443,917.724,1012.969,1011.596,0.107,5.638
18.11.2021 19:06:44,6.594,986.267,917.785,1013.488,1012.420,0.083,5.699
18.11.2021 19:06:45,6.692,987.213,917.297,1013.519,1012.847,0.052,5.817
18.11.2021 19:06:46,6.805,988.220,917.358,1014.282,1012.878,0.109,5.893
18.11.2021 19:06:47,6.893,989.440,916.076,1014.831,1013.427,0.109,6.101
18.11.2021 19:06:48,7.004,989.807,915.679,1014.862,1013.488,0.107,6.165
18.11.2021 19:06:49,7.102,990.661,914.825,1015.350,1014.404,0.073,6.307
18.11.2021 19:06:50,7.205,991.882,914.520,1015.502,1014.038,0.114,6.431
18.11.2021 19:06:51,7.298,992.553,914.428,1016.021,1014.984,0.080,6.492
18.11.2021 19:06:52,7.393,993.469,913.330,1016.265,1015.045,0.095,6.660
18.11.2021 19:06:53,7.499,994.018,912.750,1017.059,1014.984,0.161,6.754
18.11.2021 19:06:54,7.602,995.147,912.719,1017.242,1016.113,0.088,6.846
18.11.2021 19:06:55,7.692,996.276,911.773,1017.395,1016.021,0.107,7.018
18.11.2021 19:06:56,7.803,996.459,911.285,1018.249,1016.693,0.121,7.075
18.11.2021 19:06:57,7.903,996.917,910.461,1018.463,1017.089,0.106,7.183
18.11.2021 19:06:58,7.994,997.863,909.851,1018.615,1017.089,0.118,7.311
18.11.2021 19:06:59,8.104,998.718,908.935,1018.859,1017.730,0.087,7.458
18.11.2021 19:07:00,8.200,999.511,908.294,1019.836,1018.005,0.142,7.577
18.11.2021 19:07:01,8.293,1000.030,908.325,1020.294,1018.829,0.113,7.615
18.11.2021 19:07:02,8.398,1000.976,907.287,1020.507,1018.951,0.120,7.780
18.11.2021 19:07:03,8.506,1000.946,906.372,1020.721,1019.134,0.123,7.858
18.11.2021 19:07:04,8.602,1001.800,905.944,1021.331,1019.592,0.135,7.962
18.11.2021 19:07:06,8.700,1002.716,905.914,1021.881,1020.568,0.101,8.037
18.11.2021 19:07:07,8.793,1002.929,904.876,1022.643,1020.629,0.156,8.145
18.11.2021 19:07:08,8.901,1003.295,904.418,1022.460,1021.057,0.108,8.213
18.11.2021 19:07:10,9.006,1003.784,903.930,1023.315,1021.575,0.134,8.295
18.11.2021 19:07:11,9.107,1004.394,902.984,1023.193,1021.606,0.122,8.425
18.11.2021 19:07:12,9.195,1005.157,902.648,1024.047,1022.583,0.113,8.515
18.11.2021 19:07:13,9.293,1005.523,902.313,1024.505,1022.644,0.144,8.573
18.11.2021 19:07:14,9.403,1005.767,901.763,1024.841,1023.101,0.134,8.640
18.11.2021 19:07:15,9.501,1006.744,901.000,1025.512,1023.651,0.143,8.784
18.11.2021 19:07:16,9.604,1006.774,901.214,1025.299,1023.986,0.101,8.767
18.11.2021 19:07:17,9.707,1008.178,900.390,1025.695,1024.139,0.120,8.950
18.11.2021 19:07:18,9.803,1008.758,899.932,1026.611,1025.268,0.103,9.035
18.11.2021 19:07:19,9.898,1009.521,899.749,1026.428,1025.787,0.049,9.111
18.11.2021 19:07:20,9.999,1009.887,899.139,1027.374,1025.573,0.139,9.193
18.11.2021 19:07:21,10.102,1010.955,898.193,1027.191,1026.580,0.047,9.360
18.11.2021 19:07:22,10.195,1011.352,897.918,1027.953,1026.886,0.082,9.415
18.11.2021 19:07:23,10.295,1011.718,897.827,1028.289,1027.252,0.079,9.452
18.11.2021 19:07:24,10.406,1012.451,896.881,1028.686,1028.137,0.042,9.592
18.11.2021 19:07:25,10.494,1013.519,896.606,1029.113,1027.923,0.091,9.699
18.11.2021 19:07:26,10.599,1014.129,896.575,1029.083,1028.076,0.077,9.750
18.11.2021 19:07:27,10.702,1015.380,895.782,1030.334,1028.564,0.136,9.917
18.11.2021 19:07:28,10.795,1015.441,895.629,1030.090,1029.022,0.082,9.935
18.11.2021 19:07:29,10.903,1016.540,895.049,1030.700,1029.510,0.091,10.072
18.11.2021 19:07:30,11.006,1016.845,894.348,1031.555,1030.212,0.103,10.157
18.11.2021 19:07:31,11.094,1018.188,893.737,1031.646,1030.212,0.110,10.315
18.11.2021 19:07:32,11.190,1018.798,893.005,1032.470,1031.219,0.096,10.427
18.11.2021 19:07:33,11.295,1019.683,892.181,1032.104,1031.188,0.070,10.568
18.11.2021 19:07:34,11.408,1019.958,891.998,1032.684,1031.555,0.086,10.606
18.11.2021 19:07:35,11.506,1020.873,891.509,1033.141,1032.104,0.079,10.720
18.11.2021 19:07:36,11.604,1021.392,890.533,1033.782,1032.257,0.117,10.846
18.11.2021 19:07:37,11.697,1022.674,890.411,1034.027,1032.745,0.098,10.956
18.11.2021 19:07:38,11.793,1022.949,889.556,1034.698,1033.111,0.121,11.053
18.11.2021 19:07:39,11.896,1023.193,889.007,1034.759,1033.172,0.121,11.120
18.11.2021 19:07:40,12.009,1024.932,888.305,1035.247,1033.691,0.119,11.317
18.11.2021 19:07:41,12.104,1024.719,887.695,1036.163,1034.576,0.121,11.354
18.11.2021 19:07:42,12.207,1025.726,886.962,1036.254,1034.973,0.098,11.497
18.11.2021 19:07:43,12.308,1026.458,886.047,1036.590,1035.400,0.091,11.635
18.11.2021 19:07:44,12.401,1027.832,885.620,1037.048,1035.278,0.135,11.778
18.11.2021 19:07:45,12.509,1028.686,885.131,1037.994,1036.071,0.146,11.887
18.11.2021 19:07:46,12.597,1029.388,884.216,1038.146,1036.102,0.156,12.022
18.11.2021 19:07:47,12.700,1030.151,883.758,1038.452,1037.597,0.065,12.121
18.11.2021 19:07:48,12.793,1030.792,882.263,1038.513,1037.475,0.079,12.304
18.11.2021 19:07:49,12.896,1031.829,881.561,1039.184,1037.445,0.132,12.446
18.11.2021 19:07:50,12.994,1033.020,880.950,1040.039,1038.574,0.111,12.591
18.11.2021 19:07:51,13.094,1033.355,879.913,1040.191,1038.452,0.132,12.709
18.11.2021 19:07:52,13.195,1034.423,878.601,1040.222,1038.848,0.104,12.908
18.11.2021 19:07:53,13.300,1035.339,878.234,1040.222,1039.764,0.034,13.011
18.11.2021 19:07:54,13.406,1036.255,877.166,1040.924,1039.459,0.111,13.176
18.11.2021 19:07:55,13.509,1037.475,876.129,1041.564,1039.550,0.153,13.362
18.11.2021 19:07:56,13.604,1038.330,875.000,1041.534,1040.191,0.102,13.528
18.11.2021 19:07:57,13.697,1039.215,873.809,1041.839,1040.222,0.123,13.702
18.11.2021 19:07:58,13.795,1040.100,873.199,1042.785,1040.924,0.141,13.824
18.11.2021 19:07:59,13.906,1041.015,872.039,1042.724,1040.985,0.132,13.998
18.11.2021 19:08:00,13.996,1041.748,871.032,1043.029,1041.412,0.122,14.144
18.11.2021 19:08:01,14.094,1043.029,870.025,1043.273,1042.510,0.057,14.331
18.11.2021 19:08:02,14.192,1043.945,868.652,1043.457,1041.778,0.127,14.524
18.11.2021 19:08:03,14.300,1044.647,868.011,1044.525,1042.877,0.125,14.635
18.11.2021 19:08:04,14.398,1045.410,866.607,1044.555,1043.060,0.113,14.820
18.11.2021 19:08:05,14.496,1045.440,865.478,1044.433,1043.212,0.092,14.924
18.11.2021 19:08:06,14.592,1045.989,864.288,1044.708,1043.670,0.078,15.074
18.11.2021 19:08:07,14.692,1047.271,863.342,1045.593,1043.884,0.129,15.256
18.11.2021 19:08:08,14.793,1047.698,862.304,1045.288,1043.884,0.106,15.382
18.11.2021 19:08:09,14.896,1048.217,861.419,1046.264,1044.342,0.145,15.502
18.11.2021 19:08:11,15.006,1049.011,860.809,1046.386,1044.922,0.110,15.617
18.11.2021 19:08:12,15.097,1049.377,859.252,1046.020,1044.891,0.085,15.786
18.11.2021 19:08:13,15.195,1049.743,858.306,1046.844,1045.166,0.127,15.900
18.11.2021 19:08:14,15.293,1049.865,857.360,1047.180,1045.532,0.124,15.995
18.11.2021 19:08:15,15.393,1050.292,856.475,1046.996,1045.929,0.080,16.108
18.11.2021 19:08:16,15.494,1051.055,855.255,1047.454,1045.745,0.129,16.277
18.11.2021 19:08:17,15.597,1051.605,854.675,1047.821,1046.264,0.117,16.371
18.11.2021 19:08:18,15.705,1051.330,853.759,1048.126,1046.905,0.092,16.435
18.11.2021 19:08:19,15.805,1052.001,852.752,1048.034,1046.752,0.096,16.577
18.11.2021 19:08:20,15.901,1052.490,852.233,1048.736,1047.332,0.106,16.661
18.11.2021 19:08:21,16.001,1053.070,851.135,1048.065,1047.332,0.055,16.806
18.11.2021 19:08:22,16.097,1053.711,850.311,1049.469,1047.180,0.173,16.929
18.11.2021 19:08:23,16.192,1053.802,849.182,1049.530,1047.973,0.117,17.040
18.11.2021 19:08:24,16.305,1054.473,848.236,1049.682,1048.004,0.126,17.177
18.11.2021 19:08:25,16.396,1054.504,847.625,1049.499,1047.698,0.136,17.236
18.11.2021 19:08:26,16.499,1054.992,846.740,1049.743,1048.187,0.117,17.354
18.11.2021 19:08:27,16.594,1055.481,846.313,1050.109,1048.370,0.131,17.430
18.11.2021 19:08:28,16.695,1055.755,845.397,1049.987,1048.095,0.142,17.535
18.11.2021 19:08:29,16.793,1056.305,844.116,1050.506,1048.828,0.126,17.694
18.11.2021 19:08:30,16.896,1057.647,843.444,1050.811,1048.828,0.149,17.856
18.11.2021 19:08:31,17.001,1057.464,842.437,1050.445,1048.950,0.112,17.936
18.11.2021 19:08:32,17.097,1058.593,841.461,1050.445,1048.858,0.119,18.110
18.11.2021 19:08:33,17.200,1058.258,840.270,1050.750,1048.797,0.147,18.196
18.11.2021 19:08:34,17.303,1058.654,839.538,1050.537,1049.072,0.110,18.293
18.11.2021 19:08:35,17.398,1059.723,838.439,1050.811,1048.919,0.142,18.475
18.11.2021 19:08:36,17.499,1060.272,837.554,1051.177,1049.133,0.154,18.598
18.11.2021 19:08:37,17.597,1060.852,836.334,1050.781,1049.163,0.122,18.754
18.11.2021 19:08:38,17.697,1061.218,835.479,1051.300,1048.980,0.175,18.861
18.11.2021 19:08:39,17.795,1061.737,833.984,1051.269,1049.041,0.168,19.039
18.11.2021 19:08:40,17.898,1062.835,833.190,1051.147,1048.461,0.202,19.194
18.11.2021 19:08:41,18.004,1063.354,832.183,1050.964,1048.889,0.156,19.327
18.11.2021 19:08:42,18.102,1063.873,830.963,1050.720,1048.950,0.133,19.479
18.11.2021 19:08:43,18.197,1064.239,829.650,1051.147,1049.102,0.154,19.630
18.11.2021 19:08:44,18.308,1065.246,828.643,1051.025,1048.523,0.188,19.798
18.11.2021 19:08:45,18.393,1064.941,827.728,1050.842,1048.492,0.177,19.862
18.11.2021 19:08:46,18.501,1066.497,826.171,1051.147,1048.645,0.188,20.123
18.11.2021 19:08:47,18.592,1066.558,824.676,1051.544,1048.644,0.218,20.268
18.11.2021 19:08:48,18.692,1067.474,823.730,1050.964,1048.492,0.186,20.425
18.11.2021 19:08:50,18.808,1068.389,822.387,1050.994,1048.187,0.211,20.619
18.11.2021 19:08:51,18.906,1068.664,820.861,1050.292,1048.095,0.165,20.783
18.11.2021 19:08:53,19.009,1069.335,819.915,1049.987,1047.698,0.172,20.922
18.11.2021 19:08:54,19.099,1070.220,818.786,1050.537,1047.973,0.193,21.094
18.11.2021 19:08:56,19.192,1070.098,817.535,1049.987,1047.790,0.166,21.204
18.11.2021 19:08:57,19.293,1071.441,815.338,1049.957,1048.004,0.147,21.511
18.11.2021 19:08:58,19.401,1071.533,814.910,1049.865,1047.576,0.172,21.558
18.11.2021 19:08:59,19.494,1072.662,813.354,1049.926,1047.302,0.198,21.789
18.11.2021 19:09:00,19.607,1072.967,811.737,1049.896,1047.973,0.145,21.966
18.11.2021 19:09:01,19.692,1073.547,810.394,1049.377,1047.180,0.166,22.136
18.11.2021 19:09:02,19.800,1074.371,809.143,1049.652,1046.752,0.219,22.316
18.11.2021 19:09:03,19.898,1074.523,807.861,1049.163,1046.875,0.173,22.450
18.11.2021 19:09:04,20.001,1075.225,806.457,1048.797,1046.722,0.156,22.636
18.11.2021 19:09:05,20.097,1075.500,804.992,1049.011,1046.417,0.196,22.797
18.11.2021 19:09:06,20.200,1075.927,804.412,1048.950,1046.112,0.214,22.883
18.11.2021 19:09:07,20.303,1076.416,802.856,1049.041,1046.112,0.221,23.069
18.11.2021 19:09:08,20.401,1077.026,801.391,1048.492,1045.715,0.210,23.254
18.11.2021 19:09:09,20.499,1076.873,799.957,1047.943,1045.043,0.219,23.382
18.11.2021 19:09:10,20.594,1077.697,799.255,1048.034,1046.020,0.152,23.510
18.11.2021 19:09:11,20.700,1077.972,796.844,1047.638,1045.196,0.184,23.763
18.11.2021 19:09:12,20.798,1078.430,796.234,1047.729,1045.471,0.170,23.856
18.11.2021 19:09:13,20.893,1078.216,794.982,1047.515,1044.586,0.221,23.962
18.11.2021 19:09:14,20.994,1078.460,793.487,1047.302,1044.647,0.201,24.125
18.11.2021 19:09:15,21.104,1078.796,792.144,1047.027,1044.036,0.226,24.280
18.11.2021 19:09:16,21.192,1078.674,790.435,1047.027,1043.731,0.249,24.439
18.11.2021 19:09:17,21.298,1078.948,789.794,1046.630,1043.823,0.212,24.521
18.11.2021 19:09:18,21.398,1079.468,788.574,1045.807,1043.334,0.187,24.678
18.11.2021 19:09:19,21.496,1079.315,786.621,1046.051,1042.511,0.268,24.859
18.11.2021 19:09:20,21.604,1079.345,786.132,1045.318,1042.388,0.222,24.909
18.11.2021 19:09:21,21.697,1079.193,784.606,1045.166,1042.205,0.224,25.048
18.11.2021 19:09:22,21.798,1079.772,783.660,1045.318,1041.961,0.254,25.183
18.11.2021 19:09:23,21.898,1079.834,783.081,1045.196,1042.175,0.229,25.244
18.11.2021 19:09:24,21.999,1079.772,781.829,1044.860,1041.839,0.229,25.363
18.11.2021 19:09:25,22.102,1079.925,780.426,1044.860,1041.717,0.238,25.513
18.11.2021 19:09:26,22.202,1080.108,779.571,1044.464,1040.893,0.271,25.611
18.11.2021 19:09:27,22.293,1080.078,778.289,1044.525,1040.771,0.285,25.736
18.11.2021 19:09:28,22.396,1080.322,777.191,1044.006,1040.832,0.241,25.862
18.11.2021 19:09:29,22.504,1080.047,776.702,1043.426,1040.924,0.190,25.891
18.11.2021 19:09:30,22.592,1079.895,774.719,1043.548,1040.222,0.252,26.077
18.11.2021 19:09:31,22.695,1079.833,774.078,1042.816,1039.856,0.225,26.136
18.11.2021 19:09:32,22.805,1079.742,772.796,1042.358,1039.306,0.232,26.258
18.11.2021 19:09:33,22.898,1079.956,771.606,1042.419,1038.970,0.262,26.392
18.11.2021 19:09:34,22.994,1080.169,771.240,1041.900,1038.787,0.237,26.444
18.11.2021 19:09:35,23.102,1080.596,769.866,1041.870,1038.757,0.237,26.611
18.11.2021 19:09:36,23.197,1080.139,769.195,1041.412,1038.390,0.230,26.646
18.11.2021 19:09:37,23.298,1079.803,768.310,1040.954,1037.994,0.225,26.710
18.11.2021 19:09:38,23.393,1080.902,766.876,1041.107,1037.658,0.262,26.933
18.11.2021 19:09:39,23.501,1080.932,766.143,1040.618,1036.926,0.281,27.008
18.11.2021 19:09:40,23.597,1080.902,764.862,1040.344,1037.109,0.246,27.135
18.11.2021 19:09:41,23.705,1080.566,764.465,1039.916,1036.315,0.274,27.151
18.11.2021 19:09:42,23.793,1080.535,763.092,1039.184,1036.682,0.191,27.287
18.11.2021 19:09:43,23.898,1081.542,762.573,1039.093,1036.254,0.216,27.411
18.11.2021 19:09:44,24.006,1080.993,761.413,1039.245,1035.644,0.275,27.489
18.11.2021 19:09:45,24.092,1081.298,760.864,1038.726,1035.461,0.249,27.566
18.11.2021 19:09:46,24.192,1081.451,759.185,1038.665,1034.759,0.298,27.747
18.11.2021 19:09:47,24.303,1081.695,758.514,1038.421,1034.850,0.272,27.832
18.11.2021 19:09:48,24.396,1082.550,757.049,1037.872,1034.423,0.263,28.041
18.11.2021 19:09:49,24.494,1082.397,755.950,1037.353,1034.026,0.254,28.141
18.11.2021 19:09:50,24.587,1082.427,755.310,1037.384,1034.057,0.254,28.209
18.11.2021 19:09:51,24.702,1083.038,754.119,1037.109,1033.782,0.254,28.373
18.11.2021 19:09:52,24.795,1083.038,752.777,1037.017,1033.203,0.292,28.510
18.11.2021 19:09:53,24.898,1083.313,751.373,1037.078,1032.958,0.315,28.672
18.11.2021 19:09:54,24.991,1084.167,749.877,1036.285,1033.080,0.245,28.885
18.11.2021 19:09:56,25.094,1084.777,749.298,1036.224,1032.745,0.266,28.988
18.11.2021 19:09:57,25.187,1084.381,748.382,1036.010,1032.592,0.261,29.053
18.11.2021 19:09:58,25.290,1085.083,746.459,1035.339,1032.196,0.240,29.300
18.11.2021 19:09:59,25.393,1084.716,745.513,1035.308,1031.829,0.266,29.371
18.11.2021 19:10:00,25.494,1085.266,744.323,1034.851,1031.921,0.224,29.532
18.11.2021 19:10:01,25.589,1085.693,742.767,1034.362,1031.250,0.238,29.722
18.11.2021 19:10:02,25.697,1085.205,741.912,1034.393,1030.883,0.269,29.776
18.11.2021 19:10:03,25.803,1086.242,740.509,1034.484,1031.280,0.245,29.993
18.11.2021 19:10:04,25.891,1086.334,739.349,1034.027,1030.792,0.248,30.120
18.11.2021 19:10:05,25.994,1086.914,738.739,1033.691,1030.822,0.220,30.223
18.11.2021 19:10:06,26.089,1086.914,736.663,1033.905,1030.182,0.285,30.438
18.11.2021 19:10:07,26.195,1086.883,736.938,1033.691,1030.090,0.276,30.408
18.11.2021 19:10:08,26.298,1087.219,735.168,1033.203,1029.907,0.253,30.615
18.11.2021 19:10:09,26.388,1086.761,733.795,1032.806,1029.754,0.234,30.725
18.11.2021 19:10:10,26.501,1086.578,733.062,1032.714,1029.174,0.272,30.788
18.11.2021 19:10:11,26.592,1086.883,732.177,1032.226,1029.663,0.197,30.902
18.11.2021 19:10:12,26.702,1087.280,731.018,1032.867,1028.930,0.302,31.050
18.11.2021 19:10:13,26.803,1086.883,730.651,1032.318,1028.961,0.258,31.061
18.11.2021 19:10:14,26.893,1087.066,728.851,1032.226,1028.747,0.267,31.262
18.11.2021 19:10:15,26.991,1087.097,728.240,1032.196,1028.656,0.272,31.328
18.11.2021 19:10:16,27.097,1087.097,727.416,1031.890,1028.015,0.298,31.414
18.11.2021 19:10:17,27.200,1086.669,726.196,1031.860,1028.198,0.281,31.512
18.11.2021 19:10:18,27.300,1086.334,725.402,1031.677,1027.709,0.305,31.571
18.11.2021 19:10:19,27.396,1086.914,724.212,1031.494,1027.771,0.286,31.737
18.11.2021 19:10:20,27.494,1086.700,723.144,1031.524,1027.526,0.307,31.834
18.11.2021 19:10:21,27.587,1086.669,722.259,1030.761,1027.282,0.267,31.925
18.11.2021 19:10:22,27.697,1086.944,721.191,1031.127,1027.587,0.272,32.057
18.11.2021 19:10:23,27.798,1085.906,720.489,1031.310,1026.947,0.336,32.058
18.11.2021 19:10:24,27.896,1086.303,720.001,1030.395,1027.252,0.242,32.138
18.11.2021 19:10:25,27.994,1085.876,719.024,1030.853,1026.672,0.322,32.211
18.11.2021 19:10:26,28.094,1085.815,717.498,1030.456,1026.611,0.296,32.368
18.11.2021 19:10:27,28.197,1086.059,716.888,1030.548,1026.367,0.322,32.450
18.11.2021 19:10:28,28.290,1086.273,716.033,1030.548,1026.306,0.326,32.555
18.11.2021 19:10:29,28.393,1085.510,714.996,1030.212,1026.092,0.317,32.612
18.11.2021 19:10:30,28.491,1085.479,714.080,1030.242,1026.000,0.326,32.707
18.11.2021 19:10:31,28.592,1084.930,713.104,1029.876,1025.756,0.317,32.772
18.11.2021 19:10:32,28.690,1084.686,712.493,1029.876,1025.573,0.331,32.820
18.11.2021 19:10:33,28.803,1084.533,711.303,1029.510,1025.146,0.336,32.936
18.11.2021 19:10:34,28.896,1084.228,710.540,1029.785,1025.024,0.367,32.996
18.11.2021 19:10:35,28.999,1083.679,710.113,1029.479,1025.573,0.301,33.003
18.11.2021 19:10:36,29.097,1083.465,708.679,1029.327,1025.085,0.327,33.142
18.11.2021 19:10:39,29.197,1083.007,707.824,1028.625,1024.749,0.299,33.201
18.11.2021 19:10:40,29.303,1082.611,707.641,1028.259,1024.475,0.292,33.193
18.11.2021 19:10:41,29.403,1082.641,706.420,1028.900,1024.536,0.336,33.326
18.11.2021 19:10:44,29.499,1082.519,705.718,1029.327,1024.230,0.393,33.393
18.11.2021 19:10:47,29.602,1081.634,704.772,1028.472,1024.078,0.339,33.432
18.11.2021 19:10:48,29.692,1081.390,704.498,1028.503,1024.566,0.303,33.445
18.11.2021 19:10:50,29.798,1081.085,703.765,1028.442,1024.444,0.308,33.502
18.11.2021 19:10:51,29.903,1079.986,702.880,1028.320,1024.230,0.315,33.520
18.11.2021 19:10:52,30.004,1080.657,702.087,1028.198,1023.742,0.344,33.653
18.11.2021 19:10:53,30.087,1080.261,701.507,1028.045,1023.559,0.346,33.688
18.11.2021 19:10:54,30.200,1080.322,700.653,1027.710,1023.590,0.318,33.784
18.11.2021 19:10:55,30.298,1079.711,699.890,1027.862,1023.345,0.348,33.824
18.11.2021 19:10:56,30.403,1079.620,699.188,1027.648,1022.979,0.360,33.893
18.11.2021 19:10:57,30.499,1079.132,697.631,1026.824,1022.644,0.323,34.027
18.11.2021 19:10:58,30.597,1079.620,697.143,1027.160,1022.308,0.375,34.115
18.11.2021 19:10:59,30.700,1079.162,696.166,1026.824,1021.850,0.384,34.188
18.11.2021 19:11:00,30.795,1078.918,694.732,1026.672,1021.789,0.377,34.327
18.11.2021 19:11:01,30.898,1079.010,694.122,1026.336,1021.972,0.337,34.400
18.11.2021 19:11:02,30.994,1078.765,693.145,1026.031,1021.545,0.347,34.489
18.11.2021 19:11:03,31.092,1078.613,691.436,1025.543,1020.721,0.373,34.665
18.11.2021 19:11:04,31.200,1078.796,690.795,1025.146,1020.355,0.371,34.747
18.11.2021 19:11:05,31.298,1078.613,689.941,1024.536,1020.263,0.331,34.828
18.11.2021 19:11:06,31.396,1078.765,688.476,1025.237,1019.989,0.406,34.999
18.11.2021 19:11:07,31.501,1078.857,687.591,1023.864,1019.775,0.317,35.102
18.11.2021 19:11:08,31.602,1078.063,685.913,1024.139,1018.951,0.402,35.231
18.11.2021 19:11:09,31.697,1078.186,684.997,1023.406,1018.432,0.386,35.340
18.11.2021 19:11:10,31.800,1078.246,684.204,1023.376,1018.676,0.364,35.432
18.11.2021 19:11:11,31.901,1078.063,682.952,1023.071,1017.761,0.412,35.557
18.11.2021 19:11:12,31.991,1077.972,681.610,1022.613,1017.181,0.422,35.698
18.11.2021 19:11:13,32.099,1077.117,680.847,1021.423,1017.364,0.315,35.723
18.11.2021 19:11:14,32.200,1077.728,679.443,1021.423,1015.899,0.429,35.921
18.11.2021 19:11:15,32.295,1077.057,678.436,1020.782,1016.357,0.344,35.985
18.11.2021 19:11:16,32.396,1076.904,677.398,1020.385,1015.441,0.384,36.090
18.11.2021 19:11:17,32.501,1076.812,676.177,1019.897,1014.892,0.389,36.219
18.11.2021 19:11:18,32.602,1076.324,675.598,1020.019,1014.800,0.406,36.249
18.11.2021 19:11:19,32.697,1075.653,674.224,1019.439,1014.282,0.401,36.355
18.11.2021 19:11:20,32.800,1075.500,673.248,1019.042,1013.122,0.461,36.453
18.11.2021 19:11:21,32.893,1074.951,672.271,1018.280,1013.122,0.402,36.524
18.11.2021 19:11:22,33.004,1074.707,670.623,1017.761,1012.146,0.438,36.691
18.11.2021 19:11:23,33.099,1073.852,669.311,1017.120,1011.230,0.460,36.778
18.11.2021 19:11:24,33.200,1073.242,668.823,1016.265,1010.681,0.436,36.790
18.11.2021 19:11:25,33.288,1072.815,667.419,1015.777,1010.559,0.408,36.918
18.11.2021 19:11:26,33.403,1071.746,666.229,1015.136,1009.094,0.473,36.977
18.11.2021 19:11:27,33.489,1071.502,665.435,1014.404,1008.972,0.425,37.049
18.11.2021 19:11:28,33.592,1071.136,663.909,1014.251,1008.758,0.430,37.195
18.11.2021 19:11:29,33.702,1070.068,663.360,1013.214,1007.415,0.454,37.183
18.11.2021 19:11:30,33.800,1069.915,661.987,1012.695,1007.080,0.440,37.327
18.11.2021 19:11:31,33.903,1068.420,661.071,1011.810,1006.286,0.433,37.326
18.11.2021 19:11:32,33.996,1068.023,659.820,1011.138,1005.889,0.412,37.440
18.11.2021 19:11:33,34.094,1067.352,658.599,1010.040,1004.791,0.412,37.532
18.11.2021 19:11:34,34.195,1066.955,657.684,1009.551,1003.723,0.458,37.608
18.11.2021 19:11:35,34.300,1065.765,656.341,1008.392,1003.295,0.401,37.677
18.11.2021 19:11:36,34.401,1064.727,654.937,1008.117,1002.258,0.461,37.764
18.11.2021 19:11:37,34.499,1064.392,654.022,1007.354,1001.373,0.471,37.845
18.11.2021 19:11:38,34.594,1062.957,652.893,1006.133,1000.732,0.426,37.874
18.11.2021 19:11:39,34.697,1062.408,651.885,1005.004,999.572,0.429,37.950
18.11.2021 19:11:41,34.800,1061.248,650.695,1004.516,998.352,0.487,38.005
18.11.2021 19:11:42,34.893,1060.333,649.505,1003.356,997.802,0.439,38.078
18.11.2021 19:11:43,34.994,1059.539,648.162,1002.380,996.673,0.452,38.176
18.11.2021 19:11:44,35.092,1057.983,647.674,1001.007,996.185,0.382,38.123
18.11.2021 19:11:45,35.200,1057.128,645.874,1000.213,994.384,0.463,38.270
18.11.2021 19:11:46,35.293,1055.816,644.927,999.206,993.987,0.414,38.287
18.11.2021 19:11:47,35.391,1054.962,643.798,997.955,992.919,0.400,38.357
18.11.2021 19:11:48,35.496,1054.107,643.585,997.192,991.729,0.435,38.322
18.11.2021 19:11:49,35.589,1052.917,641.906,996.246,990.997,0.418,38.432
18.11.2021 19:11:50,35.692,1052.062,640.899,995.819,989.807,0.479,38.489
18.11.2021 19:11:51,35.793,1050.994,639.831,994.415,988.769,0.451,38.537
18.11.2021 19:11:52,35.893,1049.835,638.580,992.919,987.426,0.439,38.601
18.11.2021 19:11:53,36.004,1048.431,637.664,992.217,986.480,0.459,38.608
18.11.2021 19:11:54,36.094,1047.576,636.749,990.478,985.229,0.421,38.654
18.11.2021 19:11:55,36.200,1046.234,635.650,989.593,983.886,0.458,38.687
18.11.2021 19:11:56,36.298,1045.928,634.918,988.647,983.032,0.451,38.752
18.11.2021 19:11:57,36.401,1044.830,633.239,987.518,981.689,0.469,38.871
18.11.2021 19:11:58,36.496,1043.762,632.659,985.443,980.499,0.398,38.863
18.11.2021 19:11:59,36.592,1042.785,630.676,984.588,978.881,0.460,39.027
18.11.2021 19:12:00,36.702,1041.442,630.249,983.764,977.844,0.478,38.981
18.11.2021 19:12:01,36.798,1041.168,629.364,982.360,976.837,0.446,39.066
18.11.2021 19:12:02,36.891,1040.374,628.143,981.262,975.555,0.462,39.154
18.11.2021 19:12:03,36.994,1039.184,627.105,980.407,974.578,0.472,39.192
18.11.2021 19:12:04,37.102,1038.970,626.159,978.546,973.388,0.418,39.289
18.11.2021 19:12:05,37.190,1037.170,624.481,977.600,972.290,0.431,39.359
18.11.2021 19:12:06,37.293,1036.773,623.687,976.501,971.313,0.422,39.425
18.11.2021 19:12:07,37.391,1036.438,622.558,975.738,969.390,0.517,39.536
18.11.2021 19:12:08,37.499,1035.614,621.002,974.273,968.750,0.450,39.663
18.11.2021 19:12:09,37.597,1034.637,619.934,973.358,967.254,0.498,39.721
18.11.2021 19:12:10,37.687,1033.294,618.103,971.740,966.369,0.439,39.844
18.11.2021 19:12:11,37.788,1032.867,617.095,971.130,965.423,0.467,39.934
18.11.2021 19:12:12,37.901,1032.165,616.180,969.268,963.775,0.450,39.994
18.11.2021 19:12:13,38.001,1031.799,614.685,968.872,962.646,0.510,40.148
18.11.2021 19:12:14,38.102,1030.120,613.342,967.223,961.212,0.494,40.189
18.11.2021 19:12:15,38.187,1029.632,611.907,966.033,960.174,0.482,40.328
18.11.2021 19:12:16,38.295,1028.442,610.961,964.599,959.258,0.439,40.357
18.11.2021 19:12:17,38.396,1027.374,609.100,962.951,957.855,0.420,40.506
18.11.2021 19:12:18,38.491,1026.458,607.635,961.853,956.176,0.469,40.618
18.11.2021 19:12:19,38.602,1025.299,606.750,960.388,955.139,0.434,40.642
18.11.2021 19:12:20,38.700,1024.719,605.041,959.472,954.437,0.416,40.809
18.11.2021 19:12:21,38.800,1023.407,603.729,958.679,952.972,0.473,40.875
18.11.2021 19:12:22,38.901,1022.064,602.386,956.604,951.446,0.428,40.943
18.11.2021 19:12:23,38.989,1021.392,600.921,956.085,950.744,0.443,41.074
18.11.2021 19:12:24,39.087,1019.683,599.700,954.223,949.279,0.411,41.100
18.11.2021 19:12:25,39.202,1019.103,597.900,953.674,947.662,0.501,41.281
18.11.2021 19:12:26,39.303,1017.547,596.649,951.812,946.716,0.425,41.322
18.11.2021 19:12:27,39.398,1016.449,595.184,950.866,945.404,0.456,41.424
18.11.2021 19:12:28,39.504,1014.190,593.292,949.493,943.969,0.462,41.495
18.11.2021 19:12:30,39.599,1013.610,592.041,947.906,942.718,0.434,41.609
18.11.2021 19:12:31,39.690,1011.871,590.393,946.563,941.253,0.445,41.688
18.11.2021 19:12:33,39.800,1009.979,588.134,944.915,940.155,0.400,41.832
18.11.2021 19:12:34,39.888,1008.453,587.524,943.115,938.964,0.349,41.797
18.11.2021 19:12:35,39.991,1007.415,585.845,942.565,937.255,0.447,41.932
18.11.2021 19:12:36,40.102,1005.645,584.411,940.490,936.248,0.358,41.983
18.11.2021 19:12:37,40.202,1004.791,582.977,939.270,934.936,0.366,42.102
18.11.2021 19:12:38,40.298,1002.716,581.268,938.201,933.532,0.395,42.166
18.11.2021 19:12:39,40.403,1001.526,579.986,937.011,932.220,0.406,42.241
18.11.2021 19:12:40,40.501,999.755,578.552,935.272,930.908,0.370,42.293
18.11.2021 19:12:41,40.602,997.924,577.362,934.265,929.840,0.376,42.309
18.11.2021 19:12:42,40.702,997.192,575.408,932.830,928.436,0.374,42.505
18.11.2021 19:12:43,40.800,995.300,574.127,931.274,926.910,0.372,42.529
18.11.2021 19:12:44,40.903,993.926,572.937,930.267,925.445,0.411,42.580
18.11.2021 19:12:45,40.994,992.492,571.533,928.802,924.499,0.367,42.654
18.11.2021 19:12:46,41.099,990.661,570.251,927.673,922.515,0.441,42.684
18.11.2021 19:12:47,41.192,989.379,569.030,925.842,922.027,0.327,42.746
18.11.2021 19:12:48,41.290,987.670,567.382,925.109,920.410,0.403,42.832
18.11.2021 19:12:49,41.401,985.656,566.253,923.553,919.128,0.380,42.828
18.11.2021 19:12:50,41.489,984.252,564.849,922.515,918.212,0.370,42.906
18.11.2021 19:12:51,41.589,982.299,563.140,921.173,916.717,0.384,42.983
18.11.2021 19:12:52,41.700,981.140,562.438,919.830,914.977,0.419,42.987
18.11.2021 19:12:53,41.793,979.339,560.760,918.487,913.787,0.406,43.072
18.11.2021 19:12:54,41.888,977.569,559.509,916.900,912.536,0.378,43.103
18.11.2021 19:12:55,41.999,975.799,558.471,916.076,911.438,0.402,43.106
18.11.2021 19:12:56,42.087,974.395,557.464,914.611,910.461,0.360,43.133
18.11.2021 19:12:57,42.190,973.541,556.060,913.452,909.698,0.326,43.254
18.11.2021 19:12:58,42.298,971.679,555.236,912.323,907.592,0.411,43.222
18.11.2021 19:12:59,42.401,970.275,553.955,911.102,906.616,0.391,43.286
18.11.2021 19:13:00,42.491,968.627,552.886,909.851,905.517,0.378,43.302
18.11.2021 19:13:01,42.589,967.010,551.635,908.203,904.479,0.325,43.346
18.11.2021 19:13:02,42.700,965.576,550.262,907.440,902.832,0.403,43.420
18.11.2021 19:13:03,42.795,964.080,549.591,905.761,901.641,0.361,43.396
18.11.2021 19:13:04,42.903,962.707,548.126,904.144,900.207,0.345,43.487
18.11.2021 19:13:05,42.999,961.639,547.180,903.411,899.444,0.348,43.532
18.11.2021 19:13:06,43.089,960.357,546.020,902.191,898.284,0.343,43.590
18.11.2021 19:13:07,43.187,958.953,544.891,900.604,896.575,0.355,43.634
18.11.2021 19:13:08,43.288,958.038,543.914,898.834,895.385,0.304,43.696
18.11.2021 19:13:09,43.403,956.787,542.327,898.040,893.920,0.364,43.814
18.11.2021 19:13:10,43.501,956.085,541.107,897.064,893.005,0.359,43.925
18.11.2021 19:13:11,43.594,954.467,539.978,895.874,891.387,0.397,43.954
18.11.2021 19:13:12,43.690,953.369,538.879,894.378,890.686,0.327,44.019
18.11.2021 19:13:13,43.793,951.751,537.506,893.218,888.977,0.377,44.081
18.11.2021 19:13:14,43.898,951.019,536.254,891.632,887.878,0.334,44.195
18.11.2021 19:13:15,43.999,950.073,534.790,890.594,886.505,0.364,44.322
18.11.2021 19:13:16,44.089,948.486,533.081,889.007,884.887,0.368,44.434
18.11.2021 19:13:17,44.197,947.906,532.440,888.031,883.575,0.398,44.477
18.11.2021 19:13:18,44.298,946.045,530.639,886.382,881.835,0.407,44.581
18.11.2021 19:13:19,44.403,945.159,529.235,884.643,880.798,0.345,44.706
18.11.2021 19:13:20,44.496,943.756,527.618,883.483,878.967,0.406,44.821
18.11.2021 19:13:21,44.589,942.199,526.672,881.683,877.746,0.354,44.831
18.11.2021 19:13:22,44.700,940.979,524.993,880.249,876.617,0.327,44.969
18.11.2021 19:13:23,44.798,939.758,523.712,878.967,875.000,0.358,45.053
18.11.2021 19:13:24,44.898,938.842,522.491,877.685,873.840,0.347,45.152
18.11.2021 19:13:26,44.999,936.584,521.209,875.793,871.856,0.356,45.155
18.11.2021 19:13:27,45.099,935.851,519.775,874.450,870.391,0.368,45.299
18.11.2021 19:13:28,45.192,934.417,518.798,872.741,869.232,0.319,45.324
18.11.2021 19:13:29,45.295,933.257,517.272,871.795,867.492,0.392,45.448
18.11.2021 19:13:30,45.398,930.877,516.082,869.812,865.448,0.398,45.430
18.11.2021 19:13:31,45.489,929.687,514.160,868.377,864.654,0.340,45.608
18.11.2021 19:13:32,45.592,927.703,513.183,866.607,862.976,0.332,45.591
18.11.2021 19:13:33,45.695,926.635,511.810,864.746,861.328,0.313,45.702
18.11.2021 19:13:34,45.803,924.255,510.192,863.159,859.558,0.331,45.745
18.11.2021 19:13:35,45.893,922.851,508.941,861.846,858.032,0.351,45.813
18.11.2021 19:13:36,46.001,920.898,507.568,860.321,856.170,0.383,45.856
18.11.2021 19:13:37,46.094,919.433,506.439,858.673,854.919,0.347,45.902
18.11.2021 19:13:38,46.192,917.663,504.821,857.147,853.485,0.339,45.994
18.11.2021 19:13:39,46.298,915.924,504.089,855.285,851.409,0.359,45.962
18.11.2021 19:13:40,46.398,914.092,502.502,853.515,849.639,0.360,46.045
18.11.2021 19:13:41,46.504,911.743,501.159,851.837,847.900,0.367,46.053
18.11.2021 19:13:42,46.597,910.736,500.335,850.372,846.710,0.341,46.092
18.11.2021 19:13:43,46.690,908.355,498.748,848.754,844.360,0.411,46.132
18.11.2021 19:13:44,46.793,906.982,497.894,847.167,843.414,0.351,46.147
18.11.2021 19:13:45,46.896,905.151,496.307,845.550,841.461,0.384,46.232
18.11.2021 19:13:46,47.001,903.167,495.483,843.719,840.179,0.333,46.193
18.11.2021 19:13:47,47.094,901.367,493.896,842.681,838.897,0.356,46.281
18.11.2021 19:13:48,47.192,900.085,492.797,840.332,836.608,0.351,46.340
18.11.2021 19:13:49,47.288,897.735,491.668,838.562,835.021,0.335,46.316
18.11.2021 19:13:50,47.403,895.996,491.058,837.066,832.885,0.396,46.266
18.11.2021 19:13:51,47.501,894.470,489.532,834.777,831.695,0.293,46.368
18.11.2021 19:13:52,47.594,892.181,488.525,833.770,829.711,0.386,46.331
18.11.2021 19:13:53,47.687,890.106,487.518,831.970,828.308,0.349,46.312
18.11.2021 19:13:54,47.790,888.580,486.633,830.383,827.148,0.309,46.320
18.11.2021 19:13:55,47.893,886.566,485.351,828.521,824.859,0.351,46.346
18.11.2021 19:13:56,47.994,884.826,484.527,826.599,822.937,0.351,46.327
18.11.2021 19:13:57,48.097,882.873,483.520,825.073,821.624,0.331,46.318
18.11.2021 19:13:58,48.202,881.286,482.757,823.272,820.342,0.282,46.302
18.11.2021 19:13:59,48.298,878.906,481.567,821.258,817.565,0.357,46.285
18.11.2021 19:14:00,48.398,877.044,480.682,819.488,817.016,0.239,46.264
18.11.2021 19:14:01,48.496,875.396,479.858,818.145,814.514,0.352,46.252
18.11.2021 19:14:02,48.597,873.199,478.759,816.162,813.323,0.276,46.236
18.11.2021 19:14:03,48.692,871.643,477.905,814.849,811.096,0.365,46.236
18.11.2021 19:14:04,48.788,869.140,476.715,812.530,808.685,0.375,46.209
18.11.2021 19:14:05,48.896,868.072,475.402,810.577,807.342,0.316,46.319
18.11.2021 19:14:06,49.001,865.509,475.036,808.715,805.023,0.362,46.161
18.11.2021 19:14:07,49.099,864.227,473.602,806.976,803.558,0.336,46.273
18.11.2021 19:14:08,49.197,861.999,472.961,804.901,802.032,0.282,46.184
18.11.2021 19:14:09,49.288,860.443,471.710,803.131,800.018,0.307,46.245
18.11.2021 19:14:10,49.393,859.283,470.825,801.849,798.675,0.314,46.283
18.11.2021 19:14:11,49.496,857.818,470.092,799.468,796.478,0.296,46.272
18.11.2021 19:14:12,49.589,855.316,468.658,797.515,794.250,0.325,46.282
18.11.2021 19:14:14,49.687,853.668,467.651,795.654,792.816,0.283,46.298
18.11.2021 19:14:15,49.793,852.050,466.247,793.609,790.771,0.283,46.379
18.11.2021 19:14:16,49.891,850.524,465.026,792.205,788.482,0.373,46.439
18.11.2021 19:14:17,50.004,848.663,464.508,789.886,787.048,0.285,46.361
18.11.2021 19:14:19,50.102,846.954,463.165,787.902,784.942,0.298,46.425
18.11.2021 19:14:20,50.202,845.062,461.944,785.858,783.355,0.252,46.454
18.11.2021 19:14:21,50.303,843.353,460.388,783.843,781.005,0.287,46.552
18.11.2021 19:14:22,50.401,842.285,458.892,781.829,779.418,0.244,46.695
18.11.2021 19:14:23,50.504,840.454,458.251,780.029,777.282,0.279,46.639
18.11.2021 19:14:24,50.587,838.867,457.244,777.923,776.062,0.189,46.661
18.11.2021 19:14:25,50.700,837.097,455.718,775.939,773.651,0.234,46.750
18.11.2021 19:14:26,50.803,835.418,454.772,773.986,771.484,0.256,46.756
18.11.2021 19:14:27,50.896,833.892,453.674,772.369,770.111,0.232,46.798
18.11.2021 19:14:28,51.001,831.756,452.362,769.897,768.127,0.182,46.822
18.11.2021 19:14:29,51.099,830.444,451.263,768.249,766.357,0.195,46.884
18.11.2021 19:14:30,51.202,827.941,450.225,766.113,764.373,0.180,46.832
18.11.2021 19:14:31,51.290,826.843,449.310,763.946,762.298,0.171,46.883
18.11.2021 19:14:32,51.401,824.890,447.814,761.871,760.284,0.165,46.953
18.11.2021 19:14:33,51.496,822.845,446.655,760.162,759.002,0.120,46.961
18.11.2021 19:14:34,51.602,821.014,445.617,758.941,757.476,0.153,46.968
18.11.2021 19:14:35,51.687,819.366,444.244,756.866,755.249,0.169,47.046
18.11.2021 19:14:36,51.798,817.657,443.359,755.096,753.723,0.144,47.040
18.11.2021 19:14:37,51.903,816.040,442.291,753.295,751.678,0.170,47.071
18.11.2021 19:14:38,51.991,813.751,440.948,751.464,750.335,0.119,47.087
18.11.2021 19:14:39,52.102,811.676,440.185,749.816,747.985,0.193,47.028
18.11.2021 19:14:40,52.197,809.875,439.605,748.016,746.582,0.152,46.963
18.11.2021 19:14:41,52.300,808.502,437.957,745.849,744.262,0.168,47.112
18.11.2021 19:14:42,52.388,806.304,436.737,744.110,742.950,0.123,47.117
18.11.2021 19:14:43,52.489,804.718,435.363,742.797,741.302,0.159,47.202
18.11.2021 19:14:44,52.602,802.673,434.753,740.264,739.715,0.058,47.119
18.11.2021 19:14:45,52.695,801.208,433.593,739.227,738.037,0.127,47.180
18.11.2021 19:14:46,52.790,799.682,432.434,737.152,736.511,0.068,47.236
18.11.2021 19:14:47,52.888,797.302,430.908,735.534,734.802,0.078,47.276
18.11.2021 19:14:48,53.004,795.410,429.962,733.795,732.940,0.092,47.263
18.11.2021 19:14:49,53.102,794.128,428.985,732.299,731.414,0.095,47.311
18.11.2021 19:14:50,53.187,791.595,428.192,730.712,729.827,0.096,47.214
18.11.2021 19:14:51,53.303,790.161,426.940,728.424,728.332,0.009,47.294
18.11.2021 19:14:52,53.393,787.689,425.506,726.959,726.196,0.083,47.311
18.11.2021 19:14:53,53.499,786.254,424.896,724.792,725.006,-0.023,47.283
18.11.2021 19:14:54,53.592,784.271,423.522,723.236,723.052,0.020,47.334
18.11.2021 19:14:55,53.702,782.562,422.790,721.801,722.167,-0.040,47.302
18.11.2021 19:14:56,53.798,780.303,421.142,720.245,719.726,0.057,47.375
18.11.2021 19:14:57,53.903,778.472,420.501,718.627,718.231,0.043,47.316
18.11.2021 19:14:58,53.989,776.611,419.189,716.918,716.522,0.043,47.368
18.11.2021 19:14:59,54.102,774.536,418.640,715.576,715.240,0.037,47.270
18.11.2021 19:15:00,54.187,772.949,417.510,713.470,713.378,0.010,47.317
18.11.2021 19:15:01,54.303,770.843,416.351,711.944,711.425,0.057,47.321
18.11.2021 19:15:02,54.388,768.768,415.344,710.021,710.021,0.000,47.301
18.11.2021 19:15:03,54.489,766.662,414.154,708.282,709.045,-0.085,47.310
18.11.2021 19:15:04,54.602,765.167,413.604,707.244,707.641,-0.044,47.265
18.11.2021 19:15:05,54.687,763.397,412.139,705.993,705.718,0.030,47.354
18.11.2021 19:15:06,54.793,761.474,411.529,704.284,704.406,-0.013,47.279
18.11.2021 19:15:07,54.903,759.277,410.186,702.209,702.880,-0.075,47.306
18.11.2021 19:15:08,54.991,757.446,409.332,700.744,701.080,-0.037,47.282
18.11.2021 19:15:09,55.087,755.706,408.355,699.218,699.798,-0.065,47.289
18.11.2021 19:15:10,55.197,753.692,407.196,697.784,698.028,-0.027,47.301
18.11.2021 19:15:12,55.303,751.861,405.975,695.861,696.533,-0.076,47.343
18.11.2021 19:15:13,55.388,750.061,405.090,694.580,695.007,-0.048,47.327
18.11.2021 19:15:14,55.506,747.833,404.083,692.871,693.664,-0.090,47.292
18.11.2021 19:15:15,55.587,746.154,402.832,691.497,691.711,-0.024,47.354
18.11.2021 19:15:16,55.700,743.927,401.397,689.422,689.910,-0.056,47.395
18.11.2021 19:15:17,55.788,742.492,400.421,687.652,688.598,-0.108,47.432
18.11.2021 19:15:18,55.903,740.722,399.719,686.096,686.889,-0.091,47.386
18.11.2021 19:15:19,55.991,739.013,397.888,684.417,685.394,-0.112,47.551
18.11.2021 19:15:20,56.092,736.999,396.850,682.830,683.959,-0.130,47.542
18.11.2021 19:15:21,56.190,735.229,395.721,680.969,682.098,-0.131,47.574
18.11.2021 19:15:22,56.300,733.612,394.226,678.985,680.267,-0.149,47.688
18.11.2021 19:15:23,56.388,732.147,393.676,677.612,679.138,-0.178,47.645
18.11.2021 19:15:24,56.496,730.712,392.333,676.147,677.246,-0.128,47.750
18.11.2021 19:15:25,56.594,729.278,391.174,674.316,675.628,-0.154,47.821
18.11.2021 19:15:26,56.692,727.386,389.862,672.760,673.919,-0.136,47.876
18.11.2021 19:15:27,56.795,725.738,388.763,671.203,672.180,-0.115,47.916
18.11.2021 19:15:28,56.903,724.731,387.634,669.006,670.928,-0.227,48.026
18.11.2021 19:15:29,56.989,723.327,386.199,667.907,669.128,-0.144,48.153
18.11.2021 19:15:30,57.087,721.923,385.101,666.046,667.510,-0.174,48.218
18.11.2021 19:15:31,57.190,720.550,384.246,664.672,666.137,-0.174,48.241
18.11.2021 19:15:32,57.293,718.658,383.178,663.085,664.276,-0.142,48.252
18.11.2021 19:15:33,57.393,717.346,381.835,661.560,662.872,-0.157,48.373
18.11.2021 19:15:34,57.504,715.118,380.157,660.339,661.041,-0.084,48.466
18.11.2021 19:15:35,57.594,713.714,379.486,658.386,660.217,-0.220,48.452
18.11.2021 19:15:36,57.687,712.432,377.990,657.287,658.416,-0.136,48.606
18.11.2021 19:15:37,57.788,710.601,376.464,655.029,656.585,-0.188,48.712
18.11.2021 19:15:38,57.898,708.923,375.335,653.900,655.059,-0.140,48.758
18.11.2021 19:15:39,57.999,707.458,374.114,652.191,653.289,-0.133,48.843
18.11.2021 19:15:40,58.089,705.932,372.314,650.238,651.519,-0.156,49.034
18.11.2021 19:15:41,58.190,704.040,371.643,648.773,650.115,-0.163,48.971
18.11.2021 19:15:42,58.290,703.002,370.208,647.430,648.132,-0.085,49.142
18.11.2021 19:15:43,58.396,700.866,368.957,645.538,646.453,-0.112,49.167
18.11.2021 19:15:44,58.496,699.707,367.828,643.890,645.141,-0.153,49.268
18.11.2021 19:15:45,58.589,697.814,366.363,642.059,643.402,-0.165,49.360
18.11.2021 19:15:46,58.695,695.831,365.692,640.319,642.059,-0.214,49.287
18.11.2021 19:15:47,58.795,694.274,364.135,638.977,640.289,-0.162,49.432
18.11.2021 19:15:48,58.888,691.894,362.609,636.413,638.092,-0.208,49.487
18.11.2021 19:15:49,58.991,690.521,361.541,635.528,636.901,-0.171,49.556
18.11.2021 19:15:50,59.087,688.507,360.198,633.514,634.857,-0.167,49.613
18.11.2021 19:15:51,59.192,685.821,358.825,631.591,633.056,-0.183,49.607
18.11.2021 19:15:52,59.303,684.051,357.391,629.974,631.103,-0.141,49.708
18.11.2021 19:15:53,59.388,682.830,356.536,628.356,629.608,-0.157,49.751
18.11.2021 19:15:54,59.494,680.786,354.614,627.166,628.021,-0.107,49.923
18.11.2021 19:15:55,59.587,678.466,353.637,624.908,626.342,-0.181,49.877
18.11.2021 19:15:56,59.687,676.666,352.386,623.260,625.122,-0.236,49.940
18.11.2021 19:15:57,59.800,674.346,351.013,621.826,622.833,-0.128,49.974
18.11.2021 19:15:58,59.893,672.698,349.487,619.232,621.276,-0.261,50.110
18.11.2021 19:16:00,60.001,670.196,348.388,617.156,619.110,-0.250,50.069
