# Sensor: ADPD2140, Rotationstage: ELL18M
Datetime,Stage Angle,xL,xR,yL,yR,X,Y
19.11.2021 17:48:50,-59.997,318.267,603.942,552.032,553.649,-0.231,-49.092
19.11.2021 17:48:51,-59.905,319.091,606.018,553.283,555.236,-0.279,-49.152
19.11.2021 17:48:52,-59.802,319.793,606.628,554.779,556.549,-0.252,-49.067
19.11.2021 17:48:53,-59.709,321.136,608.459,555.847,557.708,-0.264,-48.983
19.11.2021 17:48:54,-59.603,322.052,610.290,557.250,559.509,-0.320,-48.994
19.11.2021 17:48:55,-59.505,323.089,611.999,559.356,560.882,-0.215,-48.964
19.11.2021 17:48:56,-59.394,324.310,613.464,560.211,562.347,-0.301,-48.865
19.11.2021 17:48:57,-59.299,325.714,615.051,562.072,564.025,-0.274,-48.740
19.11.2021 17:48:58,-59.204,326.599,617.156,563.659,565.185,-0.214,-48.791
19.11.2021 17:48:59,-59.093,327.636,618.225,564.880,566.467,-0.222,-48.687
19.11.2021 17:49:00,-59.003,328.491,619.720,566.406,567.932,-0.213,-48.674
19.11.2021 17:49:01,-58.905,329.345,621.246,567.718,569.091,-0.191,-48.664
19.11.2021 17:49:02,-58.807,330.169,622.985,569.061,570.465,-0.195,-48.685
19.11.2021 17:49:03,-58.693,331.420,624.206,570.404,572.570,-0.300,-48.554
19.11.2021 17:49:04,-58.608,332.336,625.885,571.990,573.486,-0.206,-48.549
19.11.2021 17:49:05,-58.508,333.129,627.441,573.120,575.164,-0.282,-48.556
19.11.2021 17:49:06,-58.399,334.472,629.486,574.768,576.965,-0.302,-48.501
19.11.2021 17:49:07,-58.307,335.784,630.615,575.988,577.789,-0.247,-48.348
19.11.2021 17:49:08,-58.201,336.547,631.896,577.301,579.437,-0.292,-48.331
19.11.2021 17:49:09,-58.093,337.890,633.850,578.918,581.054,-0.291,-48.267
19.11.2021 17:49:10,-58.008,338.836,635.559,579.803,582.336,-0.345,-48.259
19.11.2021 17:49:11,-57.907,340.026,636.932,581.634,583.740,-0.286,-48.162
19.11.2021 17:49:12,-57.794,341.217,638.916,583.129,585.113,-0.269,-48.135
19.11.2021 17:49:13,-57.693,341.857,640.197,583.984,586.425,-0.330,-48.144
19.11.2021 17:49:14,-57.606,343.383,641.754,586.242,587.860,-0.218,-47.998
19.11.2021 17:49:15,-57.508,344.329,643.493,587.066,589.416,-0.316,-47.995
19.11.2021 17:49:16,-57.407,345.245,644.714,588.775,590.667,-0.254,-47.940
19.11.2021 17:49:17,-57.307,345.703,646.392,589.996,592.102,-0.282,-48.032
19.11.2021 17:49:18,-57.206,346.893,647.766,591.339,593.536,-0.293,-47.937
19.11.2021 17:49:19,-57.100,347.381,649.017,592.712,594.757,-0.272,-47.975
19.11.2021 17:49:20,-57.003,348.541,651.153,593.811,596.405,-0.345,-47.972
19.11.2021 17:49:21,-56.902,349.670,652.252,595.520,597.503,-0.263,-47.860
19.11.2021 17:49:22,-56.804,350.677,653.961,596.679,598.937,-0.299,-47.842
19.11.2021 17:49:24,-56.701,351.776,655.426,597.869,600.280,-0.318,-47.777
19.11.2021 17:49:25,-56.606,352.752,656.829,599.365,601.531,-0.285,-47.732
19.11.2021 17:49:26,-56.503,353.607,657.714,600.250,602.752,-0.329,-47.655
19.11.2021 17:49:27,-56.405,354.705,659.240,601.593,603.790,-0.288,-47.598
19.11.2021 17:49:28,-56.296,355.194,660.644,603.118,605.499,-0.312,-47.652
19.11.2021 17:49:29,-56.204,356.475,661.834,604.217,606.384,-0.283,-47.522
19.11.2021 17:49:30,-56.106,357.177,663.482,605.651,607.482,-0.239,-47.560
19.11.2021 17:49:31,-56.000,358.367,665.100,607.330,609.436,-0.274,-47.495
19.11.2021 17:49:32,-55.905,359.252,666.137,608.459,610.137,-0.218,-47.430
19.11.2021 17:49:33,-55.799,360.229,668.212,609.832,612.121,-0.296,-47.458
19.11.2021 17:49:34,-55.698,361.206,669.097,611.145,613.128,-0.256,-47.359
19.11.2021 17:49:35,-55.606,361.663,670.135,612.213,614.501,-0.295,-47.379
19.11.2021 17:49:36,-55.495,362.548,671.264,613.433,615.844,-0.310,-47.324
19.11.2021 17:49:37,-55.392,363.555,673.126,615.539,617.584,-0.262,-47.324
19.11.2021 17:49:38,-55.307,364.562,674.713,616.485,618.774,-0.293,-47.294
19.11.2021 17:49:39,-55.209,365.325,675.811,618.011,620.056,-0.261,-47.261
19.11.2021 17:49:40,-55.098,366.210,677.459,619.232,621.368,-0.272,-47.262
19.11.2021 17:49:41,-55.008,367.523,678.375,620.056,622.650,-0.330,-47.101
19.11.2021 17:49:42,-54.905,367.767,679.962,622.009,624.267,-0.287,-47.222
19.11.2021 17:49:43,-54.804,368.743,681.610,623.168,625.274,-0.267,-47.205
19.11.2021 17:49:44,-54.698,370.056,682.678,624.572,626.495,-0.243,-47.062
19.11.2021 17:49:45,-54.606,370.788,684.478,625.732,628.356,-0.331,-47.109
19.11.2021 17:49:46,-54.500,371.520,685.485,627.288,628.936,-0.207,-47.073
19.11.2021 17:49:47,-54.407,372.131,686.889,628.936,630.432,-0.188,-47.102
19.11.2021 17:49:48,-54.299,373.748,688.934,630.035,632.171,-0.268,-47.003
19.11.2021 17:49:49,-54.206,374.572,689.880,631.652,633.697,-0.256,-46.943
19.11.2021 17:49:52,-54.103,374.908,690.979,632.934,634.979,-0.255,-46.994
19.11.2021 17:49:53,-53.995,375.915,692.749,634.460,636.413,-0.243,-46.985
19.11.2021 17:49:55,-53.897,376.983,694.183,635.894,637.573,-0.208,-46.929
19.11.2021 17:49:56,-53.799,377.716,696.166,638.122,640.136,-0.249,-46.995
19.11.2021 17:49:57,-53.704,378.631,697.387,639.373,641.387,-0.249,-46.947
19.11.2021 17:49:59,-53.598,379.547,698.822,640.960,642.791,-0.226,-46.921
19.11.2021 17:50:00,-53.492,380.462,700.286,641.967,644.073,-0.259,-46.898
19.11.2021 17:50:01,-53.392,381.011,701.843,643.524,645.538,-0.247,-46.954
19.11.2021 17:50:02,-53.291,382.385,703.613,645.050,647.644,-0.318,-46.876
19.11.2021 17:50:03,-53.193,383.026,705.108,646.087,648.895,-0.343,-46.908
19.11.2021 17:50:04,-53.108,383.819,706.848,647.949,650.085,-0.260,-46.937
19.11.2021 17:50:05,-53.000,385.559,708.160,649.810,651.977,-0.263,-46.744
19.11.2021 17:50:06,-52.894,385.589,710.083,651.397,653.503,-0.255,-46.934
19.11.2021 17:50:07,-52.804,386.779,711.700,652.770,654.846,-0.251,-46.876
19.11.2021 17:50:08,-52.696,387.664,713.439,654.388,656.402,-0.243,-46.887
19.11.2021 17:50:09,-52.600,388.427,715.209,656.219,658.294,-0.250,-46.924
19.11.2021 17:50:10,-52.500,389.404,716.644,657.562,659.851,-0.275,-46.888
19.11.2021 17:50:11,-52.392,390.228,718.231,659.179,661.529,-0.281,-46.895
19.11.2021 17:50:12,-52.296,390.686,719.818,660.858,663.024,-0.259,-46.970
19.11.2021 17:50:13,-52.209,391.876,721.862,662.902,664.489,-0.189,-46.955
19.11.2021 17:50:14,-52.098,392.547,723.327,663.940,666.259,-0.276,-46.977
19.11.2021 17:50:15,-51.997,393.402,724.731,665.618,667.938,-0.275,-46.960
19.11.2021 17:50:16,-51.892,394.165,727.325,667.419,669.097,-0.199,-47.079
19.11.2021 17:50:17,-51.794,394.561,728.332,668.914,670.715,-0.213,-47.106
19.11.2021 17:50:18,-51.704,395.385,729.644,670.288,672.454,-0.255,-47.085
19.11.2021 17:50:19,-51.600,396.057,731.018,672.119,674.499,-0.280,-47.099
19.11.2021 17:50:20,-51.503,397.521,732.666,673.156,675.628,-0.290,-46.994
19.11.2021 17:50:21,-51.407,397.918,734.863,674.072,677.185,-0.365,-47.139
19.11.2021 17:50:22,-51.302,399.169,736.541,676.116,678.894,-0.324,-47.077
19.11.2021 17:50:23,-51.196,400.360,737.762,678.405,679.962,-0.181,-46.981
19.11.2021 17:50:24,-51.098,401.214,739.471,679.351,681.457,-0.245,-46.994
19.11.2021 17:50:25,-51.005,401.977,741.058,681.060,682.769,-0.198,-47.012
19.11.2021 17:50:26,-50.897,402.770,742.523,682.006,684.570,-0.297,-47.012
19.11.2021 17:50:27,-50.791,403.564,743.377,683.868,685.943,-0.240,-46.953
19.11.2021 17:50:28,-50.709,404.632,745.178,685.516,687.011,-0.172,-46.937
19.11.2021 17:50:29,-50.603,405.578,746.795,686.798,689.178,-0.274,-46.925
19.11.2021 17:50:30,-50.500,406.524,748.474,688.354,690.490,-0.245,-46.919
19.11.2021 17:50:31,-50.392,407.226,749.725,689.666,692.321,-0.304,-46.915
19.11.2021 17:50:32,-50.307,408.294,751.007,691.864,693.695,-0.209,-46.849
19.11.2021 17:50:33,-50.196,409.240,752.655,692.840,695.251,-0.275,-46.840
19.11.2021 17:50:34,-50.106,410.430,753.723,694.091,696.594,-0.285,-46.733
19.11.2021 17:50:35,-49.995,411.376,755.645,695.770,698.120,-0.267,-46.750
19.11.2021 17:50:36,-49.897,412.170,756.805,697.326,699.645,-0.263,-46.722
19.11.2021 17:50:37,-49.807,413.574,758.453,699.340,701.538,-0.248,-46.633
19.11.2021 17:50:38,-49.696,414.276,759.735,700.195,702.301,-0.237,-46.633
19.11.2021 17:50:39,-49.595,415.252,761.383,701.660,704.162,-0.282,-46.619
19.11.2021 17:50:40,-49.497,415.740,762.634,703.186,705.322,-0.240,-46.653
19.11.2021 17:50:41,-49.405,416.564,764.190,704.620,706.848,-0.250,-46.657
19.11.2021 17:50:42,-49.302,418.212,764.892,706.176,708.221,-0.229,-46.438
19.11.2021 17:50:43,-49.204,418.670,766.021,707.336,709.350,-0.225,-46.465
19.11.2021 17:50:44,-49.106,419.830,768.066,709.167,711.303,-0.238,-46.458
19.11.2021 17:50:45,-48.995,420.349,768.524,710.327,712.463,-0.237,-46.412
19.11.2021 17:50:46,-48.892,421.722,770.385,711.151,714.324,-0.352,-46.351
19.11.2021 17:50:47,-48.807,422.760,772.064,712.524,715.728,-0.355,-46.330
19.11.2021 17:50:48,-48.709,423.431,773.254,714.019,717.132,-0.344,-46.327
19.11.2021 17:50:49,-48.600,424.499,774.566,715.209,718.383,-0.350,-46.267
19.11.2021 17:50:50,-48.492,425.506,775.695,717.132,719.573,-0.269,-46.201
19.11.2021 17:50:51,-48.399,426.940,776.855,718.780,721.221,-0.268,-46.065
19.11.2021 17:50:52,-48.296,427.856,778.106,720.001,722.442,-0.268,-46.027
19.11.2021 17:50:53,-48.206,428.863,779.846,721.374,723.907,-0.277,-46.018
19.11.2021 17:50:54,-48.095,430.084,780.944,722.717,725.555,-0.310,-45.914
19.11.2021 17:50:55,-47.995,430.877,782.104,724.670,726.501,-0.199,-45.888
19.11.2021 17:50:56,-47.897,432.006,783.203,725.677,728.210,-0.276,-45.800
19.11.2021 17:50:57,-47.794,433.105,784.362,727.294,729.736,-0.265,-45.723
19.11.2021 17:50:58,-47.701,434.051,785.705,728.088,731.048,-0.321,-45.689
19.11.2021 17:50:59,-47.608,434.844,787.109,729.766,732.055,-0.248,-45.686
19.11.2021 17:51:00,-47.503,435.913,788.421,731.079,733.459,-0.257,-45.628
19.11.2021 17:51:01,-47.394,437.011,789.520,732.727,735.107,-0.257,-45.547
19.11.2021 17:51:02,-47.304,437.927,790.771,733.642,736.358,-0.292,-45.510
19.11.2021 17:51:03,-47.206,438.751,792.175,734.832,737.701,-0.308,-45.502
19.11.2021 17:51:04,-47.098,440.063,793.029,736.541,738.830,-0.245,-45.363
19.11.2021 17:51:05,-47.005,440.338,794.250,737.579,740.661,-0.330,-45.430
19.11.2021 17:51:06,-46.907,441.741,795.898,738.891,741.271,-0.254,-45.349
19.11.2021 17:51:07,-46.804,442.565,797.088,739.685,742.431,-0.293,-45.322
19.11.2021 17:51:08,-46.709,443.389,798.004,741.149,744.232,-0.328,-45.270
19.11.2021 17:51:10,-46.608,444.366,800.109,742.126,745.391,-0.347,-45.302
19.11.2021 17:51:11,-46.503,445.434,800.994,743.255,746.795,-0.376,-45.208
19.11.2021 17:51:12,-46.405,446.533,802.307,745.086,747.772,-0.285,-45.147
19.11.2021 17:51:13,-46.304,447.692,803.558,745.422,748.931,-0.372,-45.072
19.11.2021 17:51:14,-46.201,448.364,804.870,746.826,749.908,-0.326,-45.082
19.11.2021 17:51:15,-46.106,449.127,806.365,748.657,751.129,-0.261,-45.093
19.11.2021 17:51:16,-46.000,450.164,808.105,749.603,752.288,-0.283,-45.082
19.11.2021 17:51:17,-45.905,451.171,808.776,750.579,753.417,-0.299,-44.980
19.11.2021 17:51:18,-45.804,452.087,810.424,751.342,754.669,-0.350,-44.980
19.11.2021 17:51:19,-45.701,453.216,811.492,753.234,755.737,-0.262,-44.895
19.11.2021 17:51:20,-45.598,454.071,813.171,754.180,757.263,-0.323,-44.908
19.11.2021 17:51:21,-45.495,455.200,814.971,754.974,757.995,-0.316,-44.888
19.11.2021 17:51:22,-45.394,455.871,815.795,756.408,759.124,-0.284,-44.854
19.11.2021 17:51:23,-45.294,456.909,817.443,757.385,760.375,-0.312,-44.836
19.11.2021 17:51:24,-45.209,458.160,818.634,758.758,761.291,-0.264,-44.742
19.11.2021 17:51:25,-45.095,459.167,820.159,760.009,762.115,-0.219,-44.718
19.11.2021 17:51:26,-45.005,460.357,821.136,760.375,763.641,-0.339,-44.616
19.11.2021 17:51:27,-44.907,461.120,821.929,761.718,764.617,-0.301,-44.566
19.11.2021 17:51:28,-44.804,462.615,824.096,762.359,765.899,-0.367,-44.521
19.11.2021 17:51:29,-44.698,463.989,825.286,763.763,766.967,-0.331,-44.410
19.11.2021 17:51:30,-44.595,464.447,827.117,764.556,768.371,-0.394,-44.500
19.11.2021 17:51:31,-44.497,466.064,827.484,765.777,769.439,-0.378,-44.279
19.11.2021 17:51:32,-44.407,467.224,828.369,767.120,770.172,-0.314,-44.175
19.11.2021 17:51:33,-44.302,468.231,830.139,767.730,771.087,-0.345,-44.174
19.11.2021 17:51:34,-44.209,469.696,831.451,769.317,771.942,-0.269,-44.061
19.11.2021 17:51:35,-44.103,470.336,832.672,769.958,773.651,-0.379,-44.069
19.11.2021 17:51:36,-44.005,471.588,833.374,771.331,774.230,-0.297,-43.936
19.11.2021 17:51:37,-43.892,472.503,835.174,772.705,775.146,-0.249,-43.952
19.11.2021 17:51:38,-43.807,474.182,836.975,773.376,776.062,-0.274,-43.850
19.11.2021 17:51:40,-43.696,475.158,837.524,774.505,777.557,-0.311,-43.747
19.11.2021 17:51:41,-43.595,476.379,839.080,775.512,778.411,-0.295,-43.696
19.11.2021 17:51:42,-43.503,477.355,840.667,776.336,779.785,-0.351,-43.684
19.11.2021 17:51:43,-43.392,478.393,840.942,777.221,780.334,-0.316,-43.549
19.11.2021 17:51:44,-43.302,479.827,842.193,778.533,781.402,-0.291,-43.438
19.11.2021 17:51:45,-43.198,480.773,843.719,779.724,782.379,-0.269,-43.427
19.11.2021 17:51:46,-43.093,482.635,845.367,780.670,783.721,-0.309,-43.286
19.11.2021 17:51:47,-43.005,483.245,846.435,782.104,785.034,-0.296,-43.286
19.11.2021 17:51:48,-42.892,484.344,847.320,782.775,785.552,-0.280,-43.196
19.11.2021 17:51:49,-42.807,485.595,848.602,783.660,786.193,-0.255,-43.118
19.11.2021 17:51:50,-42.709,486.602,850.128,784.606,787.933,-0.335,-43.098
19.11.2021 17:51:51,-42.600,488.250,850.830,786.193,789.001,-0.282,-42.910
19.11.2021 17:51:52,-42.500,489.379,852.111,787.689,789.978,-0.229,-42.851
19.11.2021 17:51:53,-42.407,490.356,852.722,788.604,791.412,-0.281,-42.757
19.11.2021 17:51:54,-42.307,490.814,854.034,789.062,792.205,-0.315,-42.802
19.11.2021 17:51:55,-42.204,493.103,854.492,790.191,793.914,-0.372,-42.499
19.11.2021 17:51:56,-42.106,493.804,855.773,791.137,793.731,-0.259,-42.505
19.11.2021 17:51:57,-41.997,495.239,856.536,792.053,795.135,-0.307,-42.357
19.11.2021 17:51:58,-41.907,496.337,857.391,792.877,796.020,-0.313,-42.267
19.11.2021 17:51:59,-41.799,497.680,858.581,793.701,797.668,-0.395,-42.171
19.11.2021 17:52:00,-41.693,498.504,859.313,795.043,798.187,-0.312,-42.112
19.11.2021 17:52:01,-41.606,499.572,859.832,796.020,799.133,-0.309,-41.998
19.11.2021 17:52:02,-41.505,501.098,860.961,796.966,800.415,-0.342,-41.870
19.11.2021 17:52:03,-41.407,502.471,861.968,798.278,801.330,-0.302,-41.755
19.11.2021 17:52:04,-41.296,503.143,863.830,798.706,802.520,-0.377,-41.815
19.11.2021 17:52:05,-41.204,504.516,863.555,799.896,803.100,-0.316,-41.591
19.11.2021 17:52:06,-41.108,505.157,864.105,800.933,803.466,-0.250,-41.544
19.11.2021 17:52:07,-41.000,506.500,865.112,801.879,805.603,-0.367,-41.434
19.11.2021 17:52:08,-40.897,507.568,865.844,803.222,805.541,-0.228,-41.341
19.11.2021 17:52:09,-40.796,508.697,866.943,803.466,807.189,-0.366,-41.271
19.11.2021 17:52:10,-40.698,509.368,867.767,804.412,807.495,-0.303,-41.243
19.11.2021 17:52:11,-40.606,510.223,868.499,805.603,809.143,-0.347,-41.182
19.11.2021 17:52:12,-40.497,511.718,869.720,806.945,809.570,-0.257,-41.069
19.11.2021 17:52:13,-40.399,512.542,870.758,807.647,811.035,-0.331,-41.039
19.11.2021 17:52:14,-40.299,513.488,871.612,808.715,812.164,-0.337,-40.975
19.11.2021 17:52:15,-40.198,514.587,872.344,809.600,813.049,-0.336,-40.879
19.11.2021 17:52:16,-40.100,515.747,873.687,810.607,813.629,-0.294,-40.826
19.11.2021 17:52:17,-40.005,516.662,875.183,811.614,814.971,-0.327,-40.821
19.11.2021 17:52:18,-39.905,517.181,875.732,812.713,815.551,-0.276,-40.794
19.11.2021 17:52:19,-39.802,518.218,877.258,813.446,817.199,-0.364,-40.774
19.11.2021 17:52:20,-39.709,519.348,877.838,814.544,817.413,-0.278,-40.662
19.11.2021 17:52:21,-39.606,520.019,878.448,815.155,818.664,-0.340,-40.618
19.11.2021 17:52:22,-39.505,521.179,880.126,816.711,819.976,-0.316,-40.594
19.11.2021 17:52:23,-39.402,521.728,881.408,817.962,820.404,-0.236,-40.624
19.11.2021 17:52:24,-39.304,523.010,882.263,818.420,822.082,-0.353,-40.514
19.11.2021 17:52:25,-39.206,523.895,882.995,819.152,822.570,-0.329,-40.450
19.11.2021 17:52:26,-39.106,524.688,884.094,820.282,823.211,-0.282,-40.430
19.11.2021 17:52:27,-39.000,525.634,885.345,821.563,824.523,-0.285,-40.402
19.11.2021 17:52:28,-38.894,526.916,886.413,822.143,825.317,-0.305,-40.310
19.11.2021 17:52:29,-38.807,528.167,887.908,823.700,826.873,-0.304,-40.260
19.11.2021 17:52:30,-38.701,528.656,888.183,824.493,827.911,-0.327,-40.214
19.11.2021 17:52:31,-38.606,529.327,889.679,825.683,828.308,-0.251,-40.245
19.11.2021 17:52:32,-38.500,530.670,890.502,826.812,829.620,-0.268,-40.125
19.11.2021 17:52:33,-38.407,531.616,891.357,827.545,830.200,-0.253,-40.064
19.11.2021 17:52:34,-38.302,532.745,892.242,828.704,831.817,-0.297,-39.981
19.11.2021 17:52:35,-38.209,533.905,893.371,829.437,832.305,-0.273,-39.913
19.11.2021 17:52:36,-38.108,535.186,894.348,831.298,833.892,-0.246,-39.816
19.11.2021 17:52:37,-38.000,536.193,895.080,831.420,835.113,-0.351,-39.737
19.11.2021 17:52:38,-37.905,536.865,896.484,832.946,835.815,-0.272,-39.761
19.11.2021 17:52:39,-37.791,538.574,897.125,833.984,836.914,-0.277,-39.578
19.11.2021 17:52:40,-37.698,539.093,897.674,834.503,837.402,-0.274,-39.552
19.11.2021 17:52:41,-37.608,540.130,898.803,835.784,839.080,-0.311,-39.502
19.11.2021 17:52:42,-37.505,541.198,899.597,837.158,839.569,-0.227,-39.421
19.11.2021 17:52:43,-37.397,542.907,900.939,838.012,841.247,-0.305,-39.298
19.11.2021 17:52:44,-37.307,543.579,901.641,839.080,841.552,-0.233,-39.264
19.11.2021 17:52:45,-37.201,544.433,901.977,839.691,842.529,-0.267,-39.174
19.11.2021 17:52:46,-37.098,545.623,903.106,840.057,843.597,-0.333,-39.105
19.11.2021 17:52:47,-37.003,546.478,903.778,841.766,844.329,-0.240,-39.044
19.11.2021 17:52:48,-36.905,547.393,904.998,842.041,845.214,-0.298,-39.020
19.11.2021 17:52:49,-36.804,549.163,905.853,843.750,846.283,-0.237,-38.850
19.11.2021 17:52:50,-36.709,549.835,906.555,843.475,847.106,-0.340,-38.816
19.11.2021 17:52:51,-36.603,551.147,906.890,844.787,848.236,-0.322,-38.666
19.11.2021 17:52:52,-36.508,551.452,907.501,845.672,848.632,-0.276,-38.675
19.11.2021 17:52:53,-36.394,552.490,908.142,846.374,849.945,-0.333,-38.588
19.11.2021 17:52:55,-36.299,553.680,908.935,847.045,850.494,-0.321,-38.492
19.11.2021 17:52:56,-36.193,554.382,909.729,847.839,851.104,-0.304,-38.463
19.11.2021 17:52:57,-36.108,555.419,910.186,849.090,851.806,-0.253,-38.361
19.11.2021 17:52:58,-35.995,556.549,910.034,849.670,852.416,-0.255,-38.197
19.11.2021 17:52:59,-35.892,557.342,910.522,850.402,853.820,-0.317,-38.131
19.11.2021 17:53:00,-35.796,558.685,911.010,851.287,854.125,-0.263,-37.991
19.11.2021 17:53:01,-35.704,558.685,911.407,851.623,854.644,-0.280,-38.024
19.11.2021 17:53:02,-35.600,559.844,911.468,851.837,855.499,-0.339,-37.874
19.11.2021 17:53:03,-35.500,560.760,912.139,852.752,855.621,-0.266,-37.807
19.11.2021 17:53:04,-35.407,561.370,911.956,853.424,856.903,-0.322,-37.710
19.11.2021 17:53:05,-35.296,562.042,912.200,854.492,857.360,-0.265,-37.641
19.11.2021 17:53:06,-35.209,563.110,913.452,854.553,857.879,-0.307,-37.601
19.11.2021 17:53:07,-35.106,564.819,913.238,855.682,858.550,-0.265,-37.357
19.11.2021 17:53:08,-35.005,564.788,914.062,856.170,859.527,-0.310,-37.429
19.11.2021 17:53:09,-34.907,566.101,914.032,856.536,859.710,-0.293,-37.253
19.11.2021 17:53:10,-34.802,566.986,915.069,857.269,860.382,-0.287,-37.221
19.11.2021 17:53:11,-34.709,567.565,915.039,857.604,861.206,-0.332,-37.142
19.11.2021 17:53:12,-34.606,568.664,915.252,858.337,861.908,-0.328,-37.014
19.11.2021 17:53:13,-34.497,569.152,916.137,858.673,862.274,-0.331,-37.022
19.11.2021 17:53:14,-34.397,570.648,916.625,860.015,862.854,-0.261,-36.866
19.11.2021 17:53:15,-34.299,570.861,917.144,860.534,863.159,-0.241,-36.880
19.11.2021 17:53:16,-34.204,571.990,917.785,860.443,863.891,-0.316,-36.784
19.11.2021 17:53:17,-34.108,572.570,918.182,861.053,863.983,-0.269,-36.741
19.11.2021 17:53:18,-33.997,573.150,918.762,861.419,864.837,-0.313,-36.712
19.11.2021 17:53:19,-33.905,574.279,919.372,862.365,865.112,-0.251,-36.614
19.11.2021 17:53:20,-33.807,574.707,920.074,862.670,865.539,-0.263,-36.616
19.11.2021 17:53:21,-33.696,575.531,920.990,862.854,866.119,-0.299,-36.583
19.11.2021 17:53:22,-33.593,576.690,921.783,863.555,866.271,-0.248,-36.497
19.11.2021 17:53:23,-33.505,577.423,922.027,863.799,866.943,-0.287,-36.421
19.11.2021 17:53:25,-33.392,578.094,923.095,864.624,867.431,-0.256,-36.421
19.11.2021 17:53:26,-33.291,578.308,923.004,865.051,868.286,-0.295,-36.386
19.11.2021 17:53:28,-33.204,579.101,923.614,865.051,868.011,-0.270,-36.332
19.11.2021 17:53:29,-33.108,580.078,924.285,865.783,868.774,-0.273,-36.260
19.11.2021 17:53:30,-32.995,580.413,925.079,866.027,869.384,-0.306,-36.281
19.11.2021 17:53:31,-32.902,581.359,925.353,866.455,869.750,-0.300,-36.181
19.11.2021 17:53:32,-32.791,582.153,925.872,866.485,869.811,-0.303,-36.121
19.11.2021 17:53:33,-32.698,582.916,926.147,866.851,870.056,-0.292,-36.045
19.11.2021 17:53:34,-32.608,583.923,926.330,867.675,870.727,-0.278,-35.930
19.11.2021 17:53:35,-32.503,584.197,926.574,867.431,870.575,-0.286,-35.914
19.11.2021 17:53:36,-32.407,585.418,927.093,868.103,871.551,-0.314,-35.800
19.11.2021 17:53:37,-32.296,585.845,927.307,868.347,871.368,-0.275,-35.762
19.11.2021 17:53:38,-32.198,587.097,927.459,868.865,871.795,-0.266,-35.614
19.11.2021 17:53:39,-32.103,587.860,928.070,868.957,871.856,-0.263,-35.566
19.11.2021 17:53:40,-31.997,589.294,927.947,868.865,872.192,-0.302,-35.372
19.11.2021 17:53:41,-31.902,589.935,928.100,869.445,872.375,-0.266,-35.303
19.11.2021 17:53:42,-31.799,590.545,928.741,869.354,872.192,-0.258,-35.277
19.11.2021 17:53:43,-31.704,592.224,928.070,870.605,872.955,-0.213,-35.009
19.11.2021 17:53:44,-31.606,592.407,929.290,870.697,873.016,-0.210,-35.085
19.11.2021 17:53:45,-31.505,593.322,929.351,870.819,873.687,-0.260,-34.973
19.11.2021 17:53:46,-31.407,593.658,929.260,870.574,873.504,-0.266,-34.923
19.11.2021 17:53:47,-31.307,594.482,929.595,871.276,873.779,-0.227,-34.846
19.11.2021 17:53:48,-31.206,595.489,929.565,870.880,874.298,-0.310,-34.716
19.11.2021 17:53:49,-31.093,596.008,929.809,871.551,874.206,-0.241,-34.670
19.11.2021 17:53:50,-30.995,597.015,929.656,871.887,874.389,-0.227,-34.530
19.11.2021 17:53:51,-30.905,597.747,930.175,872.009,875.122,-0.282,-34.479
19.11.2021 17:53:52,-30.802,598.602,929.901,871.917,874.847,-0.265,-34.349
19.11.2021 17:53:53,-30.704,599.548,930.480,872.741,875.396,-0.240,-34.277
19.11.2021 17:53:54,-30.595,600.036,930.389,872.161,875.427,-0.296,-34.208
19.11.2021 17:53:55,-30.503,600.860,930.175,873.138,875.060,-0.174,-34.087
19.11.2021 17:53:56,-30.392,601.654,930.572,872.741,875.579,-0.257,-34.020
19.11.2021 17:53:57,-30.302,602.844,930.389,873.321,876.159,-0.257,-33.855
19.11.2021 17:53:58,-30.206,603.729,930.389,873.657,875.854,-0.199,-33.744
19.11.2021 17:53:59,-30.106,604.156,930.084,873.199,876.129,-0.265,-33.666
19.11.2021 17:54:00,-30.003,605.194,929.840,873.321,876.190,-0.259,-33.516
19.11.2021 17:54:01,-29.897,605.102,929.626,873.779,875.640,-0.168,-33.510
19.11.2021 17:54:02,-29.799,606.109,929.779,873.565,876.739,-0.287,-33.397
19.11.2021 17:54:03,-29.704,606.781,929.656,873.870,875.976,-0.190,-33.303
19.11.2021 17:54:04,-29.600,607.391,929.351,874.572,876.708,-0.193,-33.202
19.11.2021 17:54:05,-29.503,608.825,929.504,874.298,876.831,-0.229,-33.036
19.11.2021 17:54:06,-29.399,609.405,929.260,874.359,877.044,-0.243,-32.944
19.11.2021 17:54:07,-29.307,610.748,928.771,874.633,876.770,-0.193,-32.737
19.11.2021 17:54:08,-29.198,610.809,928.802,874.877,876.983,-0.190,-32.732
19.11.2021 17:54:09,-29.106,611.572,928.650,874.786,877.532,-0.248,-32.625
19.11.2021 17:54:10,-28.997,612.884,928.527,875.427,877.624,-0.198,-32.452
19.11.2021 17:54:11,-28.902,613.800,928.283,875.366,877.716,-0.212,-32.319
19.11.2021 17:54:12,-28.807,614.288,928.192,875.823,878.234,-0.217,-32.251
19.11.2021 17:54:13,-28.709,615.234,928.863,875.884,877.471,-0.143,-32.189
19.11.2021 17:54:14,-28.598,615.936,928.100,875.824,879.028,-0.289,-32.040
19.11.2021 17:54:15,-28.500,616.851,927.948,876.495,878.723,-0.201,-31.914
19.11.2021 17:54:16,-28.392,617.645,928.131,876.220,878.936,-0.245,-31.832
19.11.2021 17:54:17,-28.299,617.919,927.825,876.831,878.723,-0.170,-31.773
19.11.2021 17:54:18,-28.206,618.560,927.520,876.495,878.326,-0.165,-31.669
19.11.2021 17:54:19,-28.098,619.689,927.673,877.105,878.875,-0.159,-31.543
19.11.2021 17:54:20,-27.997,620.056,928.039,877.227,879.272,-0.184,-31.528
19.11.2021 17:54:21,-27.905,621.154,927.978,877.380,879.119,-0.156,-31.388
19.11.2021 17:54:22,-27.799,621.582,927.978,877.624,879.547,-0.173,-31.336
19.11.2021 17:54:23,-27.704,623.138,928.588,877.593,879.882,-0.206,-31.195
19.11.2021 17:54:24,-27.608,623.413,928.314,877.777,879.913,-0.192,-31.139
19.11.2021 17:54:25,-27.508,623.840,928.466,877.960,880.096,-0.192,-31.100
19.11.2021 17:54:26,-27.405,624.938,928.924,878.417,880.554,-0.192,-31.003
19.11.2021 17:54:27,-27.304,625.762,928.710,878.723,879.516,-0.071,-30.885
19.11.2021 17:54:28,-27.209,626.373,929.473,878.417,880.157,-0.156,-30.873
19.11.2021 17:54:29,-27.103,627.105,929.046,879.089,880.432,-0.120,-30.749
19.11.2021 17:54:30,-26.992,627.990,929.412,878.875,881.378,-0.225,-30.672
19.11.2021 17:54:31,-26.905,628.662,929.412,879.180,881.225,-0.184,-30.590
19.11.2021 17:54:32,-26.791,629.364,929.351,879.638,881.286,-0.148,-30.500
19.11.2021 17:54:33,-26.693,630.432,929.779,879.760,881.622,-0.167,-30.406
19.11.2021 17:54:34,-26.598,631.286,929.595,880.035,881.469,-0.129,-30.287
19.11.2021 17:54:35,-26.500,631.835,929.809,880.187,882.293,-0.189,-30.238
19.11.2021 17:54:36,-26.397,632.720,929.351,880.401,882.476,-0.186,-30.094
19.11.2021 17:54:37,-26.307,633.636,929.626,881.042,882.659,-0.145,-30.006
19.11.2021 17:54:38,-26.204,634.460,929.687,881.317,882.507,-0.106,-29.912
19.11.2021 17:54:40,-26.106,635.040,929.351,881.286,882.598,-0.117,-29.814
19.11.2021 17:54:41,-26.005,635.955,929.015,881.103,883.117,-0.180,-29.677
19.11.2021 17:54:42,-25.892,637.603,929.321,882.049,883.209,-0.104,-29.504
19.11.2021 17:54:43,-25.794,638.244,929.138,881.713,883.575,-0.167,-29.412
19.11.2021 17:54:44,-25.698,639.831,929.077,881.652,883.605,-0.175,-29.217
19.11.2021 17:54:45,-25.600,640.106,928.771,882.598,884.063,-0.131,-29.159
19.11.2021 17:54:46,-25.492,641.326,928.497,882.598,884.307,-0.153,-28.990
19.11.2021 17:54:47,-25.399,642.272,928.802,883.148,884.460,-0.117,-28.902
19.11.2021 17:54:48,-25.294,643.554,928.283,882.842,884.887,-0.183,-28.707
19.11.2021 17:54:49,-25.196,644.134,928.344,883.483,884.765,-0.114,-28.643
19.11.2021 17:54:50,-25.098,645.080,928.009,883.941,885.101,-0.103,-28.503
19.11.2021 17:54:51,-25.000,646.453,927.978,883.514,884.948,-0.128,-28.337
19.11.2021 17:54:52,-24.905,647.674,927.734,884.521,885.253,-0.065,-28.172
19.11.2021 17:54:53,-24.804,648.681,927.551,884.246,886.169,-0.172,-28.038
19.11.2021 17:54:54,-24.696,649.475,927.276,884.094,885.711,-0.144,-27.921
19.11.2021 17:54:55,-24.600,650.970,927.856,884.338,885.986,-0.147,-27.793
19.11.2021 17:54:56,-24.500,652.099,927.307,884.582,886.200,-0.144,-27.614
19.11.2021 17:54:57,-24.399,653.259,926.971,885.528,886.566,-0.092,-27.450
19.11.2021 17:54:58,-24.296,653.869,926.147,885.498,886.871,-0.122,-27.309
19.11.2021 17:54:59,-24.201,654.846,926.208,885.864,887.054,-0.106,-27.200
19.11.2021 17:55:00,-24.095,655.517,926.238,886.138,887.023,-0.079,-27.123
19.11.2021 17:55:01,-24.008,656.738,925.659,886.230,887.573,-0.119,-26.932
19.11.2021 17:55:02,-23.899,657.531,925.567,886.413,887.725,-0.117,-26.832
19.11.2021 17:55:03,-23.804,658.843,925.415,886.535,888.244,-0.152,-26.665
19.11.2021 17:55:04,-23.701,659.637,924.804,887.268,888.244,-0.087,-26.522
19.11.2021 17:55:05,-23.608,660.827,924.377,887.115,889.068,-0.174,-26.348
19.11.2021 17:55:06,-23.500,662.048,924.408,887.786,889.038,-0.111,-26.208
19.11.2021 17:55:07,-23.402,663.116,924.194,887.451,888.793,-0.119,-26.066
19.11.2021 17:55:08,-23.299,663.238,923.797,888.000,889.465,-0.130,-26.018
19.11.2021 17:55:10,-23.198,664.825,923.339,888.336,889.709,-0.122,-25.796
19.11.2021 17:55:11,-23.103,666.717,922.912,888.702,890.045,-0.119,-25.541
19.11.2021 17:55:12,-23.008,666.992,922.485,888.702,889.984,-0.114,-25.473
19.11.2021 17:55:13,-22.899,668.457,922.393,888.946,890.014,-0.095,-25.296
19.11.2021 17:55:15,-22.794,669.586,922.149,888.977,890.045,-0.095,-25.146
19.11.2021 17:55:17,-22.693,669.555,921.539,888.885,890.563,-0.149,-25.098
19.11.2021 17:55:18,-22.595,671.508,921.295,889.526,890.808,-0.114,-24.852
19.11.2021 17:55:19,-22.492,672.027,921.051,889.923,890.289,-0.032,-24.772
19.11.2021 17:55:20,-22.397,673.278,921.325,889.800,890.807,-0.089,-24.651
19.11.2021 17:55:21,-22.304,673.950,920.562,890.533,890.655,-0.010,-24.510
19.11.2021 17:55:22,-22.209,674.957,920.501,890.289,891.113,-0.073,-24.390
19.11.2021 17:55:23,-22.106,676.391,919.586,890.197,892.242,-0.181,-24.148
19.11.2021 17:55:24,-22.003,677.093,919.738,890.533,891.510,-0.086,-24.081
19.11.2021 17:55:25,-21.907,678.558,919.891,890.777,891.906,-0.100,-23.927
19.11.2021 17:55:26,-21.804,679.138,919.494,890.685,891.784,-0.097,-23.827
19.11.2021 17:55:27,-21.706,680.267,919.982,890.991,891.998,-0.089,-23.739
19.11.2021 17:55:28,-21.608,681.823,918.701,890.930,892.242,-0.116,-23.454
19.11.2021 17:55:29,-21.505,682.708,919.341,891.265,892.211,-0.084,-23.408
19.11.2021 17:55:30,-21.405,683.715,918.884,891.113,892.303,-0.105,-23.255
19.11.2021 17:55:31,-21.302,684.082,918.823,891.387,892.486,-0.097,-23.208
19.11.2021 17:55:32,-21.198,685.302,918.945,891.174,892.730,-0.138,-23.080
19.11.2021 17:55:33,-21.103,686.614,918.670,891.509,892.425,-0.081,-22.909
19.11.2021 17:55:34,-21.008,687.469,918.426,891.571,892.913,-0.119,-22.792
19.11.2021 17:55:35,-20.905,688.293,917.846,891.723,893.402,-0.149,-22.650
19.11.2021 17:55:36,-20.807,689.575,918.029,891.906,892.761,-0.075,-22.521
19.11.2021 17:55:37,-20.698,690.551,917.785,891.571,893.218,-0.146,-22.390
19.11.2021 17:55:38,-20.603,691.528,917.266,891.967,892.883,-0.081,-22.236
19.11.2021 17:55:39,-20.497,692.352,917.419,891.906,892.822,-0.081,-22.157
19.11.2021 17:55:40,-20.407,693.572,916.931,892.181,892.761,-0.051,-21.979
19.11.2021 17:55:41,-20.304,694.213,916.961,892.242,892.608,-0.032,-21.909
19.11.2021 17:55:42,-20.204,695.648,916.290,891.784,892.944,-0.102,-21.692
19.11.2021 17:55:43,-20.100,696.685,916.198,892.395,893.188,-0.070,-21.568
19.11.2021 17:55:44,-20.000,697.235,915.496,892.456,893.127,-0.059,-21.447
19.11.2021 17:55:45,-19.897,698.852,915.130,892.272,892.883,-0.054,-21.236
19.11.2021 17:55:46,-19.796,699.005,914.672,892.242,893.402,-0.102,-21.180
19.11.2021 17:55:47,-19.701,700.592,914.276,892.730,893.341,-0.054,-20.970
19.11.2021 17:55:48,-19.593,701.599,913.635,892.547,893.096,-0.048,-20.803
19.11.2021 17:55:49,-19.508,702.819,913.604,892.028,893.066,-0.092,-20.665
19.11.2021 17:55:50,-19.399,703.979,912.902,892.120,892.791,-0.059,-20.477
19.11.2021 17:55:51,-19.304,704.864,912.414,891.906,892.730,-0.073,-20.338
19.11.2021 17:55:52,-19.198,706.268,911.926,891.784,893.035,-0.111,-20.141
19.11.2021 17:55:53,-19.106,707.427,912.017,891.479,892.761,-0.113,-20.021
19.11.2021 17:55:54,-18.997,708.404,911.315,891.479,892.547,-0.094,-19.853
19.11.2021 17:55:55,-18.907,709.625,911.102,891.693,892.364,-0.059,-19.700
19.11.2021 17:55:56,-18.796,710.510,910.858,891.204,892.425,-0.108,-19.582
19.11.2021 17:55:57,-18.698,711.639,909.790,891.082,892.303,-0.108,-19.367
19.11.2021 17:55:58,-18.598,712.310,909.820,890.991,892.333,-0.119,-19.296
19.11.2021 17:55:59,-18.500,713.409,908.844,891.174,892.364,-0.105,-19.092
19.11.2021 17:56:00,-18.399,714.660,908.141,891.174,891.998,-0.073,-18.894
19.11.2021 17:56:01,-18.299,715.698,907.470,891.174,891.723,-0.048,-18.723
19.11.2021 17:56:02,-18.201,716.949,907.226,890.930,891.632,-0.062,-18.566
19.11.2021 17:56:03,-18.103,717.651,906.707,890.991,891.998,-0.089,-18.445
19.11.2021 17:56:04,-18.005,718.811,905.822,891.021,891.662,-0.056,-18.242
19.11.2021 17:56:05,-17.907,719.604,905.120,890.808,891.632,-0.073,-18.095
19.11.2021 17:56:06,-17.804,720.611,903.930,890.564,891.449,-0.078,-17.883
19.11.2021 17:56:07,-17.706,721.374,903.228,890.411,891.052,-0.057,-17.739
19.11.2021 17:56:08,-17.608,722.595,902.892,890.655,891.479,-0.073,-17.578
19.11.2021 17:56:09,-17.505,722.778,901.885,890.167,890.960,-0.070,-17.471
19.11.2021 17:56:10,-17.407,723.846,901.794,889.740,890.899,-0.103,-17.347
19.11.2021 17:56:11,-17.302,724.548,900.451,889.923,890.808,-0.078,-17.155
19.11.2021 17:56:12,-17.201,726.043,899.963,890.045,890.167,-0.010,-16.951
19.11.2021 17:56:13,-17.095,726.501,899.078,889.434,890.106,-0.059,-16.824
19.11.2021 17:56:14,-17.000,727.294,898.864,889.648,889.648,0.000,-16.720
19.11.2021 17:56:15,-16.907,728.149,897.308,888.946,889.740,-0.070,-16.492
19.11.2021 17:56:16,-16.807,728.698,897.094,888.885,889.160,-0.024,-16.414
19.11.2021 17:56:17,-16.706,729.400,896.758,888.427,889.129,-0.062,-16.310
19.11.2021 17:56:18,-16.608,730.072,895.446,887.908,888.580,-0.059,-16.123
19.11.2021 17:56:19,-16.505,731.048,894.775,888.336,888.732,-0.035,-15.959
19.11.2021 17:56:20,-16.407,731.872,894.866,887.786,888.427,-0.057,-15.879
19.11.2021 17:56:21,-16.294,732.177,894.348,887.908,888.091,-0.016,-15.800
19.11.2021 17:56:22,-16.209,733.154,893.890,887.481,887.664,-0.016,-15.656
19.11.2021 17:56:23,-16.108,733.856,892.883,886.901,887.481,-0.051,-15.492
19.11.2021 17:56:24,-15.997,734.344,892.608,886.688,887.054,-0.032,-15.416
19.11.2021 17:56:26,-15.907,735.290,892.364,885.864,886.932,-0.095,-15.293
19.11.2021 17:56:27,-15.794,736.145,892.059,886.596,886.596,0.000,-15.175
19.11.2021 17:56:28,-15.706,736.358,891.326,886.535,886.566,-0.002,-15.088
19.11.2021 17:56:29,-15.608,737.182,890.655,885.864,885.986,-0.010,-14.941
19.11.2021 17:56:30,-15.505,737.884,890.411,885.559,886.322,-0.068,-14.845
19.11.2021 17:56:31,-15.407,738.677,889.831,885.009,885.559,-0.049,-14.709
19.11.2021 17:56:32,-15.294,739.196,889.862,885.192,885.131,0.005,-14.657
19.11.2021 17:56:33,-15.204,739.562,889.343,884.338,884.979,-0.057,-14.572
19.11.2021 17:56:34,-15.108,740.509,888.366,884.155,884.674,-0.046,-14.385
19.11.2021 17:56:35,-14.995,741.088,888.732,884.399,884.918,-0.046,-14.356
19.11.2021 17:56:36,-14.899,741.851,887.451,883.392,884.216,-0.073,-14.162
19.11.2021 17:56:37,-14.796,741.943,887.298,883.728,884.124,-0.035,-14.138
19.11.2021 17:56:38,-14.704,742.950,886.596,883.056,883.789,-0.065,-13.970
19.11.2021 17:56:39,-14.598,743.499,886.230,883.178,883.209,-0.002,-13.879
19.11.2021 17:56:40,-14.508,744.232,885.833,882.415,883.422,-0.090,-13.766
19.11.2021 17:56:41,-14.402,744.781,884.887,882.110,882.598,-0.043,-13.624
19.11.2021 17:56:42,-14.302,745.056,884.094,881.805,882.202,-0.035,-13.525
19.11.2021 17:56:43,-14.206,746.002,884.124,881.744,881.805,-0.005,-13.428
19.11.2021 17:56:44,-14.106,746.429,883.300,880.920,881.500,-0.052,-13.309
19.11.2021 17:56:45,-14.003,747.039,882.568,881.408,881.774,-0.032,-13.180
19.11.2021 17:56:46,-13.907,747.894,881.988,880.950,881.378,-0.038,-13.038
19.11.2021 17:56:47,-13.802,747.955,882.019,880.401,881.134,-0.065,-13.034
19.11.2021 17:56:48,-13.693,748.992,881.469,880.645,880.310,0.030,-12.876
19.11.2021 17:56:49,-13.598,749.389,880.737,879.913,880.065,-0.013,-12.769
19.11.2021 17:56:50,-13.500,750.579,880.035,879.364,880.279,-0.082,-12.581
19.11.2021 17:56:51,-13.407,750.885,879.943,879.547,879.943,-0.035,-12.541
19.11.2021 17:56:52,-13.299,751.495,879.180,878.814,879.669,-0.077,-12.409
19.11.2021 17:56:53,-13.193,752.685,878.631,878.540,879.486,-0.085,-12.235
19.11.2021 17:56:54,-13.098,753.234,877.899,878.082,878.723,-0.057,-12.112
19.11.2021 17:56:55,-12.997,753.448,877.197,878.021,878.662,-0.057,-12.026
19.11.2021 17:56:57,-12.894,754.333,876.648,877.777,878.540,-0.068,-11.885
19.11.2021 17:56:58,-12.794,755.371,876.129,877.746,878.051,-0.027,-11.730
19.11.2021 17:56:59,-12.706,756.195,875.549,876.831,877.044,-0.019,-11.591
19.11.2021 17:57:00,-12.608,756.713,874.633,876.953,876.861,0.008,-11.455
19.11.2021 17:57:01,-12.495,757.446,874.236,875.701,876.220,-0.046,-11.343
19.11.2021 17:57:02,-12.399,758.666,873.413,876.098,876.525,-0.038,-11.142
19.11.2021 17:57:03,-12.304,758.758,872.985,876.007,876.007,0.000,-11.094
19.11.2021 17:57:04,-12.193,759.826,872.345,874.877,875.671,-0.071,-10.925
19.11.2021 17:57:05,-12.103,760.284,871.154,875.030,875.274,-0.022,-10.769
19.11.2021 17:57:06,-12.000,761.138,870.025,874.511,874.816,-0.027,-10.579
19.11.2021 17:57:07,-11.897,761.749,869.384,874.176,874.511,-0.030,-10.457
19.11.2021 17:57:08,-11.804,762.481,868.530,873.687,873.992,-0.027,-10.304
19.11.2021 17:57:09,-11.706,763.214,867.645,873.107,873.626,-0.047,-10.148
19.11.2021 17:57:10,-11.598,763.671,867.675,873.535,873.352,0.016,-10.103
19.11.2021 17:57:11,-11.500,764.282,866.515,873.016,873.382,-0.033,-9.934
19.11.2021 17:57:12,-11.397,764.739,865.753,872.985,872.955,0.002,-9.818
19.11.2021 17:57:13,-11.304,765.533,864.593,872.314,872.863,-0.049,-9.630
19.11.2021 17:57:14,-11.198,765.777,864.440,871.978,872.039,-0.005,-9.591
19.11.2021 17:57:15,-11.100,766.082,863.403,871.337,871.826,-0.044,-9.465
19.11.2021 17:57:16,-11.005,767.120,862.945,871.429,871.368,0.005,-9.316
19.11.2021 17:57:17,-10.905,767.303,862.152,871.246,870.941,0.027,-9.224
19.11.2021 17:57:18,-10.807,767.852,861.633,870.788,871.124,-0.030,-9.120
19.11.2021 17:57:19,-10.698,767.791,860.504,870.544,870.575,-0.002,-9.023
19.11.2021 17:57:20,-10.598,768.615,860.259,869.689,870.056,-0.033,-8.916
19.11.2021 17:57:21,-10.508,768.646,859.436,870.086,869.689,0.036,-8.837
19.11.2021 17:57:22,-10.392,769.073,859.283,868.988,869.506,-0.047,-8.779
19.11.2021 17:57:23,-10.299,768.737,857.696,868.713,869.049,-0.030,-8.668
19.11.2021 17:57:24,-10.201,769.165,856.781,868.621,868.560,0.005,-8.539
19.11.2021 17:57:25,-10.106,769.897,857.025,868.164,868.469,-0.027,-8.487
19.11.2021 17:57:26,-10.003,770.050,856.567,868.560,868.347,0.019,-8.429
19.11.2021 17:57:27,-9.897,770.568,856.201,867.614,867.950,-0.030,-8.342
19.11.2021 17:57:28,-9.794,770.263,855.407,867.065,867.248,-0.016,-8.300
19.11.2021 17:57:29,-9.704,770.751,854.797,867.004,866.515,0.044,-8.193
19.11.2021 17:57:30,-9.608,771.179,853.820,867.096,867.065,0.002,-8.059
19.11.2021 17:57:31,-9.495,771.514,853.851,866.485,866.821,-0.030,-8.028
19.11.2021 17:57:32,-9.405,772.155,853.057,866.180,866.241,-0.005,-7.888
19.11.2021 17:57:33,-9.304,772.308,853.271,865.692,866.027,-0.030,-7.893
19.11.2021 17:57:34,-9.209,772.705,852.478,865.814,865.600,0.019,-7.779
19.11.2021 17:57:35,-9.095,773.010,852.203,865.356,865.631,-0.025,-7.722
19.11.2021 17:57:36,-9.005,773.376,851.470,864.624,865.051,-0.039,-7.616
19.11.2021 17:57:37,-8.905,774.047,851.226,864.990,864.593,0.036,-7.525
19.11.2021 17:57:38,-8.802,774.200,850.280,864.715,864.959,-0.022,-7.422
19.11.2021 17:57:39,-8.704,774.475,850.158,864.593,863.861,0.067,-7.382
19.11.2021 17:57:40,-8.595,775.268,849.609,864.044,864.135,-0.008,-7.250
19.11.2021 17:57:41,-8.495,775.939,849.487,864.410,863.983,0.039,-7.170
19.11.2021 17:57:42,-8.397,775.787,848.999,863.739,863.922,-0.016,-7.140
19.11.2021 17:57:43,-8.304,776.245,848.052,863.250,863.555,-0.027,-7.006
19.11.2021 17:57:44,-8.209,776.275,847.595,863.128,863.128,-0.000,-6.960
19.11.2021 17:57:45,-8.108,776.794,847.076,862.945,863.037,-0.008,-6.859
19.11.2021 17:57:46,-7.992,777.099,846.710,862.457,862.609,-0.014,-6.793
19.11.2021 17:57:47,-7.899,777.343,846.466,862.365,861.938,0.039,-6.746
19.11.2021 17:57:48,-7.796,777.832,846.130,862.121,861.999,0.011,-6.665
19.11.2021 17:57:49,-7.693,778.289,845.550,861.755,861.694,0.005,-6.564
19.11.2021 17:57:50,-7.600,778.869,844.787,862.091,861.511,0.053,-6.433
19.11.2021 17:57:51,-7.505,778.900,844.757,861.633,861.541,0.008,-6.428
19.11.2021 17:57:52,-7.402,779.449,843.261,860.961,860.778,0.016,-6.232
19.11.2021 17:57:53,-7.302,779.541,843.170,860.626,860.565,0.005,-6.214
19.11.2021 17:57:54,-7.206,779.998,842.407,860.504,860.443,0.005,-6.096
19.11.2021 17:57:55,-7.103,780.303,842.224,860.015,859.924,0.008,-6.047
19.11.2021 17:57:56,-7.005,781.311,841.278,860.076,860.046,0.002,-5.856
19.11.2021 17:57:57,-6.902,781.005,841.247,859.436,859.710,-0.025,-5.885
19.11.2021 17:57:58,-6.802,781.524,840.332,859.710,859.069,0.059,-5.746
19.11.2021 17:57:59,-6.701,782.135,839.660,859.344,858.764,0.053,-5.621
19.11.2021 17:58:00,-6.608,782.623,839.385,858.978,858.886,0.008,-5.545
19.11.2021 17:58:01,-6.497,782.867,838.623,858.215,858.032,0.016,-5.449
19.11.2021 17:58:02,-6.394,783.874,838.439,858.215,858.520,-0.028,-5.330
19.11.2021 17:58:03,-6.302,784.088,837.860,858.154,857.971,0.016,-5.254
19.11.2021 17:58:04,-6.201,784.515,837.463,858.032,857.910,0.011,-5.173
19.11.2021 17:58:05,-6.100,785.003,836.517,857.879,857.482,0.036,-5.034
19.11.2021 17:58:06,-6.000,786.041,835.815,857.421,857.788,-0.033,-4.863
19.11.2021 17:58:07,-5.902,786.071,835.083,856.903,857.391,-0.045,-4.791
19.11.2021 17:58:08,-5.802,787.017,835.083,856.872,857.055,-0.016,-4.695
19.11.2021 17:58:09,-5.706,787.689,834.106,857.177,856.872,0.028,-4.535
19.11.2021 17:58:11,-5.603,788.024,833.312,856.414,857.086,-0.062,-4.426
19.11.2021 17:58:12,-5.497,788.574,832.855,856.414,856.903,-0.045,-4.328
19.11.2021 17:58:13,-5.405,788.879,832.305,856.231,855.895,0.031,-4.245
19.11.2021 17:58:14,-5.304,789.062,832.031,855.621,856.018,-0.036,-4.200
19.11.2021 17:58:15,-5.209,789.947,831.146,855.895,855.346,0.050,-4.027
19.11.2021 17:58:16,-5.108,789.916,830.291,855.529,855.316,0.019,-3.949
19.11.2021 17:58:17,-5.005,790.405,829.498,855.499,855.041,0.042,-3.824
19.11.2021 17:58:18,-4.905,790.985,829.071,855.102,855.041,0.005,-3.725
19.11.2021 17:58:19,-4.802,791.320,828.125,855.285,855.102,0.016,-3.601
19.11.2021 17:58:20,-4.701,791.809,827.270,854.980,854.644,0.031,-3.471
19.11.2021 17:58:21,-4.608,791.931,827.514,854.492,854.797,-0.028,-3.482
19.11.2021 17:58:22,-4.508,791.900,826.354,854.278,854.339,-0.005,-3.374
19.11.2021 17:58:23,-4.402,792.510,825.775,853.942,854.370,-0.039,-3.257
19.11.2021 17:58:24,-4.307,792.572,825.286,854.461,854.309,0.014,-3.204
19.11.2021 17:58:25,-4.209,792.846,824.707,854.003,854.217,-0.019,-3.121
19.11.2021 17:58:26,-4.106,792.877,824.554,853.973,853.820,0.014,-3.103
19.11.2021 17:58:27,-4.008,793.304,824.096,853.515,853.820,-0.028,-3.017
19.11.2021 17:58:28,-3.894,794.128,823.181,853.942,853.454,0.045,-2.846
19.11.2021 17:58:29,-3.807,793.579,822.753,853.668,853.729,-0.005,-2.860
19.11.2021 17:58:30,-3.709,794.006,822.113,853.698,853.393,0.028,-2.756
19.11.2021 17:58:31,-3.606,794.250,822.174,853.088,853.515,-0.039,-2.737
19.11.2021 17:58:32,-3.508,794.464,821.105,853.179,853.515,-0.031,-2.613
19.11.2021 17:58:33,-3.399,794.525,821.197,853.271,853.332,-0.005,-2.616
19.11.2021 17:58:34,-3.291,794.830,820.892,852.935,852.844,0.008,-2.556
19.11.2021 17:58:35,-3.209,795.379,820.434,852.752,852.935,-0.017,-2.457
19.11.2021 17:58:36,-3.100,795.684,820.129,852.508,852.752,-0.022,-2.397
19.11.2021 17:58:37,-2.995,795.623,819.580,852.478,852.264,0.019,-2.350
19.11.2021 17:58:38,-2.905,796.356,819.396,852.630,852.386,0.022,-2.259
19.11.2021 17:58:39,-2.807,796.478,819.122,852.294,852.172,0.011,-2.221
19.11.2021 17:58:40,-2.706,796.386,818.756,852.111,852.081,0.002,-2.194
19.11.2021 17:58:41,-2.595,797.332,818.023,852.050,851.715,0.031,-2.029
19.11.2021 17:58:43,-2.508,797.851,817.962,852.630,852.325,0.028,-1.972
19.11.2021 17:58:44,-2.407,798.461,817.474,851.654,851.837,-0.017,-1.864
19.11.2021 17:58:46,-2.307,798.339,817.504,851.654,851.989,-0.031,-1.879
19.11.2021 17:58:48,-2.204,798.797,816.986,851.776,851.592,0.017,-1.783
19.11.2021 17:58:49,-2.108,799.041,816.375,851.318,852.050,-0.068,-1.700
19.11.2021 17:58:50,-2.005,799.591,816.223,851.440,851.867,-0.039,-1.631
19.11.2021 17:58:51,-1.902,800.140,816.009,851.592,851.532,0.005,-1.556
19.11.2021 17:58:52,-1.794,800.659,815.612,851.226,851.348,-0.011,-1.466
19.11.2021 17:58:53,-1.701,800.933,815.002,851.348,851.501,-0.014,-1.379
19.11.2021 17:58:54,-1.608,801.208,814.849,851.409,851.623,-0.019,-1.337
19.11.2021 17:58:55,-1.500,801.483,814.025,850.891,851.379,-0.045,-1.230
19.11.2021 17:58:56,-1.405,801.940,813.751,850.921,851.196,-0.025,-1.158
19.11.2021 17:58:57,-1.299,802.307,813.354,850.799,850.799,0.000,-1.083
19.11.2021 17:58:58,-1.209,802.703,812.957,851.196,851.257,-0.005,-1.005
19.11.2021 17:58:59,-1.106,803.344,812.774,850.982,851.104,-0.011,-0.924
19.11.2021 17:59:00,-1.005,803.100,812.225,850.677,850.952,-0.025,-0.895
19.11.2021 17:59:01,-0.907,804.351,811.859,851.226,851.287,-0.005,-0.736
19.11.2021 17:59:02,-0.794,804.565,811.676,850.982,851.013,-0.002,-0.697
19.11.2021 17:59:03,-0.706,805.206,811.706,851.135,851.135,0.000,-0.637
19.11.2021 17:59:04,-0.603,805.938,811.248,850.646,851.104,-0.042,-0.520
19.11.2021 17:59:05,-0.505,806.365,810.668,851.135,851.348,-0.019,-0.421
19.11.2021 17:59:06,-0.402,806.640,810.150,850.585,851.013,-0.039,-0.344
19.11.2021 17:59:07,-0.296,807.159,809.631,850.891,850.799,0.008,-0.242
19.11.2021 17:59:08,-0.201,807.891,809.295,851.135,851.165,-0.002,-0.137
19.11.2021 17:59:09,-0.103,808.349,809.234,850.891,851.470,-0.053,-0.086
19.11.2021 17:59:10,0.000,808.746,808.624,851.226,851.074,0.014,0.011
19.11.2021 17:59:11,0.095,809.326,808.532,851.074,851.196,-0.011,0.077
19.11.2021 17:59:12,0.201,810.394,808.074,851.074,850.860,0.019,0.227
19.11.2021 17:59:13,0.302,810.424,807.495,851.104,851.348,-0.022,0.286
19.11.2021 17:59:14,0.400,811.553,806.884,851.532,851.409,0.011,0.457
19.11.2021 17:59:15,0.500,811.828,806.854,851.501,851.562,-0.005,0.487
19.11.2021 17:59:16,0.598,812.255,806.243,851.470,851.074,0.036,0.588
19.11.2021 17:59:17,0.704,813.079,805.328,851.043,851.196,-0.014,0.759
19.11.2021 17:59:18,0.799,813.720,804.840,851.928,851.257,0.062,0.869
19.11.2021 17:59:19,0.897,814.270,804.840,851.379,851.562,-0.017,0.923
19.11.2021 17:59:20,0.995,814.727,803.771,851.684,851.470,0.019,1.072
19.11.2021 17:59:21,1.093,815.185,803.588,851.592,851.532,0.005,1.135
19.11.2021 17:59:22,1.201,816.253,802.856,852.233,851.379,0.079,1.311
19.11.2021 17:59:23,1.296,816.619,802.368,851.959,851.532,0.039,1.395
19.11.2021 17:59:24,1.397,816.925,801.574,852.355,851.898,0.042,1.503
19.11.2021 17:59:25,1.497,816.741,800.781,851.684,852.233,-0.051,1.563
19.11.2021 17:59:26,1.598,817.871,800.964,852.569,852.203,0.034,1.655
19.11.2021 17:59:27,1.696,817.840,799.987,852.661,852.752,-0.008,1.748
19.11.2021 17:59:28,1.791,818.176,799.560,852.508,852.539,-0.002,1.823
19.11.2021 17:59:29,1.892,818.389,799.438,852.478,852.691,-0.019,1.856
19.11.2021 17:59:30,1.997,818.695,799.224,852.508,852.478,0.002,1.907
19.11.2021 17:59:31,2.098,819.213,798.706,852.416,852.813,-0.036,2.008
19.11.2021 17:59:32,2.201,819.763,797.698,853.485,853.485,0.000,2.161
19.11.2021 17:59:33,2.294,819.915,797.515,853.301,852.996,0.028,2.194
19.11.2021 17:59:34,2.392,820.282,796.875,853.393,852.813,0.053,2.293
19.11.2021 17:59:35,2.495,821.014,796.447,853.057,853.210,-0.014,2.407
19.11.2021 17:59:36,2.598,820.922,795.684,853.485,853.729,-0.022,2.474
19.11.2021 17:59:37,2.693,821.197,795.867,853.241,853.149,0.008,2.482
19.11.2021 17:59:38,2.791,821.929,795.379,853.546,853.790,-0.022,2.601
19.11.2021 17:59:39,2.897,822.387,795.135,854.034,853.790,0.022,2.670
19.11.2021 17:59:40,3.003,822.723,795.196,854.064,854.278,-0.019,2.696
19.11.2021 17:59:41,3.098,823.181,794.494,853.851,854.003,-0.014,2.810
19.11.2021 17:59:42,3.204,823.303,794.433,854.919,854.095,0.076,2.828
19.11.2021 17:59:43,3.299,823.700,793.701,854.553,854.583,-0.002,2.939
19.11.2021 17:59:44,3.402,824.493,794.372,854.888,854.766,0.011,2.948
19.11.2021 17:59:45,3.495,825.286,793.518,855.224,855.224,0.000,3.110
19.11.2021 17:59:46,3.606,824.829,794.189,855.346,855.224,0.011,2.999
19.11.2021 17:59:47,3.693,825.469,792.877,855.438,854.644,0.073,3.191
19.11.2021 17:59:48,3.802,826.354,792.968,855.316,855.621,-0.028,3.267
19.11.2021 17:59:49,3.892,826.995,792.877,855.773,855.499,0.025,3.337
19.11.2021 17:59:50,3.995,827.514,792.541,856.231,855.926,0.028,3.421
19.11.2021 17:59:51,4.093,828.155,791.778,856.262,855.834,0.039,3.558
19.11.2021 17:59:52,4.196,828.247,792.480,856.384,856.658,-0.025,3.497
19.11.2021 17:59:53,4.291,829.254,791.656,856.597,856.597,0.000,3.675
19.11.2021 17:59:54,4.392,829.467,791.625,857.177,856.597,0.053,3.699
19.11.2021 17:59:55,4.500,830.230,790.863,856.811,856.811,0.000,3.848
19.11.2021 17:59:57,4.593,830.474,791.076,857.299,856.719,0.053,3.850
19.11.2021 17:59:58,4.696,831.298,790.618,857.177,857.727,-0.050,3.974
19.11.2021 17:59:59,4.791,831.512,790.191,857.666,857.299,0.033,4.038
19.11.2021 18:00:00,4.892,831.512,790.039,857.421,858.398,-0.090,4.053
19.11.2021 18:00:01,4.995,832.641,789.581,858.062,858.001,0.005,4.206
19.11.2021 18:00:02,5.095,833.251,789.733,858.154,858.245,-0.008,4.249
19.11.2021 18:00:03,5.198,834.014,788.940,858.490,858.276,0.019,4.401
19.11.2021 18:00:04,5.299,834.228,788.574,858.612,858.642,-0.002,4.458
19.11.2021 18:00:05,5.400,834.838,788.269,858.917,859.191,-0.025,4.547
19.11.2021 18:00:06,5.500,835.723,788.146,859.466,858.856,0.056,4.643
19.11.2021 18:00:07,5.603,836.273,787.811,859.466,859.466,0.000,4.728
19.11.2021 18:00:08,5.696,836.730,787.872,859.802,859.497,0.028,4.766
19.11.2021 18:00:09,5.794,837.616,786.804,859.710,859.527,0.016,4.957
19.11.2021 18:00:10,5.897,838.073,786.804,860.473,859.863,0.056,5.000
19.11.2021 18:00:11,5.997,838.836,786.437,860.778,859.985,0.073,5.109
19.11.2021 18:00:12,6.098,839.141,785.980,860.382,860.809,-0.039,5.184
19.11.2021 18:00:13,6.196,839.874,785.552,860.931,860.778,0.014,5.296
19.11.2021 18:00:14,6.291,840.576,784.973,861.236,860.870,0.033,5.420
19.11.2021 18:00:15,6.392,841.400,784.637,861.419,860.961,0.042,5.532
19.11.2021 18:00:16,6.500,841.735,784.759,861.633,861.633,0.000,5.551
19.11.2021 18:00:17,6.595,842.376,784.088,862.030,861.419,0.056,5.679
19.11.2021 18:00:18,6.696,843.780,783.477,862.457,862.243,0.019,5.872
19.11.2021 18:00:19,6.807,843.994,783.111,862.365,862.091,0.025,5.929
19.11.2021 18:00:20,6.907,844.482,783.111,862.731,862.854,-0.011,5.975
19.11.2021 18:00:21,7.000,845.672,782.012,863.342,862.915,0.039,6.198
19.11.2021 18:00:22,7.098,846.466,782.104,863.525,863.159,0.033,6.263
19.11.2021 18:00:23,7.204,847.076,781.097,863.922,863.800,0.011,6.422
19.11.2021 18:00:24,7.294,847.503,780.700,864.166,863.617,0.050,6.502
19.11.2021 18:00:25,7.400,848.693,780.181,864.410,864.562,-0.013,6.665
19.11.2021 18:00:26,7.492,849.121,779.541,864.868,864.593,0.025,6.770
19.11.2021 18:00:27,7.593,849.883,778.167,864.532,864.898,-0.033,6.981
19.11.2021 18:00:28,7.696,850.494,777.648,865.020,864.684,0.030,7.090
19.11.2021 18:00:29,7.791,851.196,777.435,865.356,865.570,-0.019,7.177
19.11.2021 18:00:30,7.905,852.447,776.702,866.027,865.478,0.050,7.368
19.11.2021 18:00:31,8.000,852.569,776.397,866.149,865.478,0.061,7.410
19.11.2021 18:00:32,8.093,853.027,775.238,866.515,865.417,0.100,7.571
19.11.2021 18:00:33,8.206,853.363,775.177,866.515,866.424,0.008,7.608
19.11.2021 18:00:34,8.296,854.705,774.566,866.943,866.668,0.025,7.795
19.11.2021 18:00:35,8.394,854.766,774.291,867.706,866.882,0.075,7.828
19.11.2021 18:00:36,8.492,855.194,773.437,868.164,867.096,0.097,7.955
19.11.2021 18:00:37,8.595,854.980,772.888,867.736,867.919,-0.016,7.991
19.11.2021 18:00:38,8.704,856.506,772.155,868.591,868.133,0.041,8.207
19.11.2021 18:00:39,8.796,855.987,771.972,868.621,868.621,0.000,8.178
19.11.2021 18:00:40,8.892,856.292,771.240,868.652,868.469,0.016,8.281
19.11.2021 18:00:41,8.995,857.208,770.568,869.232,869.384,-0.013,8.435
19.11.2021 18:00:42,9.101,857.879,769.836,869.781,869.293,0.044,8.572
19.11.2021 18:00:43,9.193,857.574,770.141,869.689,868.866,0.075,8.512
19.11.2021 18:00:44,9.302,858.947,769.714,870.330,869.750,0.052,8.682
19.11.2021 18:00:45,9.397,858.978,769.012,870.605,870.422,0.016,8.757
19.11.2021 18:00:46,9.497,859.161,768.890,871.154,870.636,0.047,8.787
19.11.2021 18:00:47,9.593,859.283,768.096,870.971,870.971,0.000,8.879
19.11.2021 18:00:48,9.704,860.412,767.761,871.704,871.032,0.061,9.018
19.11.2021 18:00:49,9.802,860.199,767.028,871.490,871.582,-0.008,9.074
19.11.2021 18:00:50,9.900,861.602,767.211,872.161,872.131,0.002,9.183
19.11.2021 18:00:51,9.997,861.724,766.876,872.344,871.826,0.047,9.229
19.11.2021 18:00:52,10.095,862.091,766.174,872.985,872.772,0.019,9.335
19.11.2021 18:00:53,10.201,862.548,765.960,873.413,873.138,0.024,9.399
19.11.2021 18:00:54,10.299,863.098,765.869,873.565,872.711,0.077,9.459
19.11.2021 18:00:55,10.397,863.586,765.014,873.748,873.138,0.055,9.591
19.11.2021 18:00:56,10.503,864.410,764.892,873.901,873.718,0.016,9.679
19.11.2021 18:00:57,10.601,864.349,764.190,874.237,873.962,0.024,9.746
19.11.2021 18:00:58,10.696,865.234,764.343,874.328,874.603,-0.024,9.811
19.11.2021 18:00:59,10.799,866.485,763.366,874.969,874.237,0.066,10.026
19.11.2021 18:01:00,10.900,866.851,763.397,874.511,874.755,-0.022,10.056
19.11.2021 18:01:01,11.000,866.851,762.725,876.098,875.122,0.088,10.126
19.11.2021 18:01:02,11.098,867.828,762.084,876.129,875.274,0.077,10.281
19.11.2021 18:01:03,11.193,868.225,761.810,875.854,876.251,-0.035,10.346
19.11.2021 18:01:04,11.291,868.560,761.322,876.891,876.434,0.041,10.427
19.11.2021 18:01:05,11.392,869.354,760.559,876.647,876.678,-0.002,10.578
19.11.2021 18:01:06,11.495,869.720,759.643,877.105,876.647,0.041,10.706
19.11.2021 18:01:07,11.603,870.696,759.002,877.502,877.136,0.033,10.861
19.11.2021 18:01:08,11.701,871.337,759.063,877.685,877.349,0.030,10.913
19.11.2021 18:01:09,11.796,871.887,758.026,877.990,877.593,0.035,11.070
19.11.2021 18:01:10,11.902,872.802,757.720,878.082,877.807,0.024,11.185
19.11.2021 18:01:11,11.992,873.199,757.080,878.265,878.021,0.022,11.287
19.11.2021 18:01:12,12.095,873.901,756.317,878.906,878.326,0.052,11.430
19.11.2021 18:01:13,12.206,874.267,756.286,879.089,878.967,0.011,11.466
19.11.2021 18:01:14,12.304,875.091,754.730,879.608,879.180,0.038,11.703
19.11.2021 18:01:15,12.407,876.037,754.516,880.096,879.455,0.057,11.811
19.11.2021 18:01:16,12.495,876.342,753.509,880.066,879.852,0.019,11.943
19.11.2021 18:01:17,12.598,877.075,752.593,880.249,879.699,0.049,12.105
19.11.2021 18:01:18,12.693,877.655,752.380,880.828,880.462,0.032,12.179
19.11.2021 18:01:19,12.794,879.058,751.525,881.011,880.554,0.041,12.395
19.11.2021 18:01:20,12.892,879.424,750.762,880.859,880.462,0.035,12.507
19.11.2021 18:01:21,12.997,880.096,749.847,880.981,880.401,0.052,12.664
19.11.2021 18:01:22,13.095,881.011,749.420,881.469,881.408,0.005,12.790
19.11.2021 18:01:23,13.206,881.774,748.504,882.049,881.042,0.090,12.955
19.11.2021 18:01:24,13.302,882.476,747.741,882.415,881.439,0.087,13.098
19.11.2021 18:01:25,13.394,883.148,746.551,882.141,881.561,0.052,13.283
19.11.2021 18:01:26,13.492,884.246,745.910,883.056,882.263,0.071,13.448
19.11.2021 18:01:27,13.598,884.704,744.384,883.422,882.629,0.071,13.650
19.11.2021 18:01:28,13.693,885.436,743.865,883.422,882.537,0.079,13.770
19.11.2021 18:01:29,13.804,886.230,743.255,883.605,883.666,-0.005,13.905
19.11.2021 18:01:30,13.897,887.390,741.638,883.697,883.544,0.013,14.179
19.11.2021 18:01:31,13.995,887.634,740.814,884.155,883.636,0.046,14.288
19.11.2021 18:01:32,14.095,888.732,739.898,883.361,883.331,0.002,14.482
19.11.2021 18:01:33,14.206,888.916,738.983,883.941,884.368,-0.038,14.596
19.11.2021 18:01:34,14.307,890.014,738.281,884.765,884.246,0.046,14.767
19.11.2021 18:01:35,14.400,890.472,737.121,884.704,884.338,0.032,14.931
19.11.2021 18:01:36,14.505,891.082,736.267,885.009,884.368,0.057,15.076
19.11.2021 18:01:37,14.603,891.479,735.748,885.101,884.582,0.046,15.166
19.11.2021 18:01:38,14.698,892.425,734.344,885.070,885.345,-0.024,15.400
19.11.2021 18:01:39,14.804,892.303,733.764,886.169,885.040,0.101,15.451
19.11.2021 18:01:40,14.900,892.700,732.788,885.894,885.375,0.046,15.590
19.11.2021 18:01:41,15.000,893.249,732.269,886.261,885.498,0.068,15.694
19.11.2021 18:01:43,15.095,892.822,731.292,886.566,885.925,0.057,15.761
19.11.2021 18:01:44,15.193,893.646,729.675,886.657,885.498,0.103,16.007
19.11.2021 18:01:45,15.302,893.402,729.339,886.505,886.840,-0.029,16.022
19.11.2021 18:01:46,15.392,894.165,728.332,886.657,886.535,0.010,16.197
19.11.2021 18:01:47,15.508,894.500,727.508,887.145,886.230,0.081,16.315
19.11.2021 18:01:48,15.593,894.775,726.562,887.054,886.993,0.005,16.442
19.11.2021 18:01:49,15.696,894.989,725.769,887.329,886.627,0.062,16.546
19.11.2021 18:01:50,15.802,895.446,724.975,887.420,886.993,0.038,16.672
19.11.2021 18:01:51,15.907,895.416,724.334,887.847,887.084,0.068,16.738
19.11.2021 18:01:52,16.003,895.477,723.388,887.664,887.329,0.029,16.846
19.11.2021 18:01:53,16.108,895.996,722.717,887.329,887.267,0.005,16.964
19.11.2021 18:01:54,16.201,895.996,722.015,887.145,887.237,-0.008,17.040
19.11.2021 18:01:55,16.296,896.820,721.374,887.695,886.871,0.073,17.182
19.11.2021 18:01:56,16.400,897.521,720.672,888.000,887.023,0.087,17.319
19.11.2021 18:01:57,16.497,898.010,720.275,887.603,887.390,0.019,17.405
19.11.2021 18:01:58,16.606,897.857,719.116,887.725,887.054,0.059,17.518
19.11.2021 18:01:59,16.693,898.407,718.627,887.969,887.634,0.029,17.619
19.11.2021 18:02:00,16.791,899.139,717.590,888.427,887.451,0.087,17.796
19.11.2021 18:02:01,16.894,899.139,717.285,888.091,887.786,0.027,17.829
19.11.2021 18:02:02,17.000,899.444,716.125,888.458,887.908,0.048,17.982
19.11.2021 18:02:03,17.098,899.841,715.026,888.641,887.969,0.059,18.137
19.11.2021 18:02:04,17.204,900.237,713.958,888.641,887.512,0.100,18.288
19.11.2021 18:02:05,17.294,900.512,713.165,888.519,887.847,0.059,18.399
19.11.2021 18:02:06,17.394,901.275,711.975,888.244,888.244,-0.000,18.596
19.11.2021 18:02:07,17.503,901.794,711.425,888.031,887.969,0.005,18.701
19.11.2021 18:02:08,17.601,901.672,710.723,887.725,887.329,0.035,18.767
19.11.2021 18:02:09,17.693,902.374,709.075,887.908,887.664,0.021,19.009
19.11.2021 18:02:10,17.804,903.106,708.740,888.061,887.725,0.029,19.110
19.11.2021 18:02:11,17.907,903.961,707.977,888.397,887.176,0.108,19.268
19.11.2021 18:02:12,17.997,903.808,707.305,889.068,887.756,0.117,19.329
19.11.2021 18:02:14,18.095,903.961,706.298,888.305,887.695,0.054,19.453
19.11.2021 18:02:15,18.196,904.937,705.017,889.038,887.908,0.100,19.679
19.11.2021 18:02:16,18.296,905.334,704.345,888.336,887.420,0.081,19.788
19.11.2021 18:02:17,18.397,906.036,703.033,888.519,886.993,0.136,19.993
19.11.2021 18:02:18,18.495,906.311,702.178,888.031,887.298,0.065,20.112
19.11.2021 18:02:19,18.608,907.226,700.317,887.634,887.115,0.046,20.397
19.11.2021 18:02:20,18.701,908.020,699.676,887.878,886.810,0.095,20.537
19.11.2021 18:02:21,18.799,908.355,698.730,887.756,886.932,0.073,20.671
19.11.2021 18:02:22,18.897,908.966,697.631,887.420,886.566,0.076,20.846
19.11.2021 18:02:23,19.000,908.935,696.685,887.115,886.718,0.035,20.949
19.11.2021 18:02:24,19.095,909.698,695.312,887.664,886.291,0.122,21.168
19.11.2021 18:02:25,19.204,909.851,693.908,887.268,886.627,0.057,21.338
19.11.2021 18:02:26,19.296,910.491,692.352,887.298,886.016,0.114,21.568
19.11.2021 18:02:27,19.400,910.705,691.528,886.657,886.657,0.000,21.679
19.11.2021 18:02:28,19.495,911.468,690.307,886.810,886.077,0.065,21.881
19.11.2021 18:02:29,19.593,911.865,688.964,886.566,885.437,0.100,22.066
19.11.2021 18:02:30,19.696,912.475,687.591,886.627,885.375,0.111,22.273
19.11.2021 18:02:31,19.804,912.567,686.798,886.016,885.070,0.084,22.371
19.11.2021 18:02:32,19.900,913.268,686.096,885.955,885.192,0.068,22.510
19.11.2021 18:02:33,20.003,913.116,684.356,886.261,884.674,0.142,22.694
19.11.2021 18:02:34,20.101,913.818,683.319,885.589,884.582,0.090,22.871
19.11.2021 18:02:35,20.193,914.825,682.678,886.230,884.307,0.172,23.029
19.11.2021 18:02:36,20.294,914.306,681.243,885.711,884.460,0.112,23.149
19.11.2021 18:02:37,20.392,914.794,680.206,885.711,884.918,0.071,23.308
19.11.2021 18:02:38,20.492,914.550,679.412,884.704,884.063,0.057,23.378
19.11.2021 18:02:39,20.606,915.405,677.825,885.223,884.063,0.103,23.632
19.11.2021 18:02:40,20.698,915.130,677.124,884.979,883.209,0.158,23.689
19.11.2021 18:02:41,20.796,915.344,675.964,884.216,883.789,0.038,23.839
19.11.2021 18:02:42,20.907,915.466,674.621,884.704,883.209,0.134,24.004
19.11.2021 18:02:43,20.995,915.374,673.522,884.094,882.995,0.098,24.122
19.11.2021 18:02:44,21.103,915.954,672.424,883.819,882.690,0.101,24.297
19.11.2021 18:02:45,21.201,916.320,671.508,883.575,882.751,0.073,24.434
19.11.2021 18:02:46,21.291,916.229,670.257,883.697,882.476,0.109,24.570
19.11.2021 18:02:47,21.397,916.259,669.464,882.873,882.049,0.073,24.664
19.11.2021 18:02:48,21.508,916.229,668.212,883.239,881.561,0.150,24.807
19.11.2021 18:02:49,21.593,916.198,666.870,882.324,881.164,0.104,24.959
19.11.2021 18:02:50,21.701,916.625,665.863,882.232,881.195,0.093,25.112
19.11.2021 18:02:51,21.794,916.381,665.069,882.232,880.706,0.137,25.184
19.11.2021 18:02:52,21.902,916.534,664.031,881.988,881.012,0.087,25.317
19.11.2021 18:02:53,22.005,916.442,663.421,882.232,880.645,0.142,25.380
19.11.2021 18:02:54,22.103,916.870,662.261,881.774,880.401,0.123,25.551
19.11.2021 18:02:55,22.193,916.503,661.193,881.530,880.187,0.120,25.645
19.11.2021 18:02:56,22.299,916.137,660.583,881.195,879.608,0.142,25.686
19.11.2021 18:02:57,22.402,917.022,659.088,881.195,879.577,0.145,25.935
19.11.2021 18:02:58,22.505,916.290,658.233,880.554,879.302,0.112,25.973
19.11.2021 18:02:59,22.606,916.381,657.836,880.523,879.516,0.090,26.028
19.11.2021 18:03:00,22.701,916.320,656.829,879.913,878.601,0.118,26.141
19.11.2021 18:03:01,22.802,916.259,655.792,879.608,878.540,0.096,26.257
19.11.2021 18:03:02,22.894,917.022,655.120,879.486,877.929,0.140,26.400
19.11.2021 18:03:03,23.003,916.931,654.266,879.242,877.716,0.137,26.493
19.11.2021 18:03:04,23.103,917.144,653.625,879.364,877.197,0.195,26.587
19.11.2021 18:03:05,23.206,916.534,652.679,878.753,877.441,0.118,26.647
19.11.2021 18:03:06,23.299,916.717,651.336,878.509,876.892,0.146,26.821
19.11.2021 18:03:07,23.400,916.412,651.153,878.326,876.800,0.137,26.817
19.11.2021 18:03:08,23.500,916.992,650.146,878.601,876.251,0.212,26.985
19.11.2021 18:03:09,23.595,916.534,649.322,877.960,876.434,0.137,27.044
19.11.2021 18:03:10,23.704,916.809,648.376,877.777,876.647,0.101,27.179
19.11.2021 18:03:11,23.796,917.053,647.766,877.716,875.640,0.187,27.272
19.11.2021 18:03:12,23.889,916.809,646.087,876.953,875.549,0.126,27.451
19.11.2021 18:03:13,23.992,916.900,645.629,876.770,875.366,0.126,27.513
19.11.2021 18:03:14,24.098,917.327,644.744,876.556,875.488,0.096,27.654
19.11.2021 18:03:15,24.201,917.266,643.798,876.526,874.694,0.165,27.762
19.11.2021 18:03:16,24.299,917.419,642.913,876.037,875.061,0.088,27.880
19.11.2021 18:03:17,24.394,918.243,641.937,875.854,874.725,0.102,28.066
19.11.2021 18:03:18,24.500,918.243,641.296,875.824,874.542,0.116,28.143
19.11.2021 18:03:19,24.595,918.182,640.625,875.366,873.931,0.129,28.218
19.11.2021 18:03:20,24.696,918.395,639.404,875.366,873.504,0.168,28.382
19.11.2021 18:03:21,24.796,919.006,638.641,874.938,873.535,0.127,28.524
19.11.2021 18:03:22,24.887,919.006,637.786,875.396,873.351,0.185,28.627
19.11.2021 18:03:23,24.992,919.616,636.871,875.061,873.809,0.113,28.788
19.11.2021 18:03:24,25.088,918.945,635.101,874.694,873.077,0.146,28.945
19.11.2021 18:03:25,25.193,919.616,634.155,874.938,872.772,0.196,29.115
19.11.2021 18:03:26,25.302,920.318,632.873,874.420,872.741,0.152,29.329
19.11.2021 18:03:27,25.402,920.532,632.080,874.145,872.650,0.135,29.442
19.11.2021 18:03:29,25.492,920.806,631.225,874.053,872.650,0.127,29.569
19.11.2021 18:03:30,25.588,921.203,630.371,874.023,872.283,0.157,29.705
19.11.2021 18:03:31,25.691,921.173,629.425,873.992,872.283,0.155,29.818
19.11.2021 18:03:32,25.799,921.234,629.058,873.687,871.765,0.174,29.867
19.11.2021 18:03:33,25.897,921.936,627.593,872.741,871.734,0.091,30.103
19.11.2021 18:03:34,26.000,921.722,626.739,873.077,871.429,0.149,30.190
19.11.2021 18:03:35,26.090,922.119,625.701,872.711,871.520,0.108,30.349
19.11.2021 18:03:36,26.198,922.180,625.030,872.985,870.971,0.183,30.436
19.11.2021 18:03:37,26.291,922.210,623.870,872.741,871.307,0.130,30.580
19.11.2021 18:03:38,26.389,922.210,623.504,872.650,871.002,0.149,30.625
19.11.2021 18:03:39,26.505,921.844,622.100,872.863,871.093,0.160,30.767
19.11.2021 18:03:40,26.601,921.936,621.124,872.741,871.429,0.119,30.894
19.11.2021 18:03:41,26.698,921.722,620.269,872.406,870.727,0.152,30.981
19.11.2021 18:03:42,26.791,921.783,619.262,872.497,870.727,0.160,31.110
19.11.2021 18:03:43,26.892,921.234,618.194,872.009,870.300,0.155,31.196
19.11.2021 18:03:44,26.995,922.210,617.584,871.520,870.300,0.111,31.352
19.11.2021 18:03:45,27.101,921.661,616.516,871.795,869.842,0.177,31.439
19.11.2021 18:03:46,27.188,921.813,615.997,871.337,869.812,0.138,31.515
19.11.2021 18:03:47,27.296,921.997,615.234,871.826,869.781,0.186,31.625
19.11.2021 18:03:48,27.387,921.600,614.440,871.490,869.781,0.155,31.690
19.11.2021 18:03:49,27.487,921.875,613.739,871.368,869.262,0.191,31.800
19.11.2021 18:03:50,27.593,921.722,612.976,871.337,869.384,0.177,31.882
19.11.2021 18:03:51,27.701,921.478,611.999,871.459,869.659,0.163,31.983
19.11.2021 18:03:52,27.789,921.234,611.572,871.612,869.537,0.188,32.016
19.11.2021 18:03:53,27.889,921.264,610.565,870.910,869.689,0.111,32.144
19.11.2021 18:03:54,27.987,920.959,609.008,870.544,869.354,0.108,32.312
19.11.2021 18:03:55,28.093,920.715,608.428,870.605,869.445,0.105,32.364
19.11.2021 18:03:56,28.193,921.142,607.574,870.757,868.560,0.200,32.506
19.11.2021 18:03:57,28.289,920.471,606.750,870.605,868.957,0.150,32.554
19.11.2021 18:03:59,28.402,920.379,606.109,870.483,868.286,0.200,32.627
19.11.2021 18:04:00,28.500,920.379,604.858,870.361,868.591,0.161,32.783
19.11.2021 18:04:01,28.593,919.952,604.339,870.147,868.041,0.191,32.813
19.11.2021 18:04:02,28.691,919.708,603.515,869.934,868.011,0.175,32.897
19.11.2021 18:04:03,28.791,919.616,603.088,869.934,867.767,0.197,32.943
19.11.2021 18:04:04,28.887,919.403,602.539,869.232,867.797,0.130,32.994
19.11.2021 18:04:05,28.990,918.884,601.257,870.025,867.462,0.233,33.113
19.11.2021 18:04:06,29.098,917.968,600.585,869.659,868.133,0.139,33.122
19.11.2021 18:04:07,29.188,917.633,599.761,869.720,867.370,0.214,33.198
19.11.2021 18:04:08,29.286,917.632,599.212,869.690,868.103,0.144,33.268
19.11.2021 18:04:09,29.387,917.236,598.449,869.354,867.523,0.167,33.332
19.11.2021 18:04:10,29.500,916.809,597.717,868.804,867.034,0.161,33.389
19.11.2021 18:04:11,29.593,917.083,596.679,868.377,866.455,0.175,33.543
19.11.2021 18:04:12,29.693,916.412,596.405,868.530,866.393,0.195,33.523
19.11.2021 18:04:13,29.802,916.534,595.764,868.011,866.607,0.128,33.614
19.11.2021 18:04:14,29.897,916.168,595.062,868.072,865.844,0.203,33.673
19.11.2021 18:04:15,30.003,915.832,594.635,868.225,865.722,0.228,33.700
19.11.2021 18:04:16,30.088,915.741,593.322,868.316,865.478,0.259,33.859
19.11.2021 18:04:17,30.204,915.100,593.231,867.645,865.417,0.203,33.818
19.11.2021 18:04:18,30.286,915.252,591.857,867.645,864.959,0.245,34.006
19.11.2021 18:04:19,30.392,915.100,591.308,867.401,865.264,0.195,34.063
19.11.2021 18:04:20,30.492,914.672,590.362,867.156,864.349,0.256,34.149
19.11.2021 18:04:21,30.593,914.642,589.691,866.943,864.471,0.226,34.232
19.11.2021 18:04:22,30.691,914.947,588.928,866.851,864.288,0.234,34.355
19.11.2021 18:04:23,30.786,914.611,587.921,866.333,864.105,0.204,34.457
19.11.2021 18:04:24,30.897,914.611,586.975,865.997,863.983,0.184,34.579
19.11.2021 18:04:25,30.995,914.642,586.181,866.149,863.464,0.246,34.683
19.11.2021 18:04:26,31.088,914.642,585.205,864.929,862.487,0.223,34.809
19.11.2021 18:04:27,31.196,914.276,584.167,864.868,862.762,0.193,34.913
19.11.2021 18:04:28,31.289,914.184,583.251,864.532,862.213,0.212,35.023
19.11.2021 18:04:29,31.387,914.794,582.580,864.929,862.274,0.243,35.160
19.11.2021 18:04:30,31.492,914.153,582.122,864.379,861.785,0.238,35.167
19.11.2021 18:04:31,31.593,914.642,581.024,864.288,861.572,0.249,35.349
19.11.2021 18:04:32,31.688,913.726,579.986,863.952,861.206,0.252,35.408
19.11.2021 18:04:33,31.786,913.604,579.162,863.555,860.717,0.260,35.505
19.11.2021 18:04:34,31.887,913.635,577.545,863.220,860.199,0.277,35.718
19.11.2021 18:04:35,31.992,913.848,576.873,862.609,860.137,0.227,35.823
19.11.2021 18:04:36,32.095,913.391,575.561,862.457,859.191,0.300,35.957
19.11.2021 18:04:37,32.188,912.963,574.432,861.541,858.947,0.238,36.069
19.11.2021 18:04:38,32.299,912.872,573.394,861.145,858.398,0.253,36.198
19.11.2021 18:04:39,32.389,912.292,573.120,860.717,857.666,0.281,36.186
19.11.2021 18:04:40,32.487,912.261,571.441,859.985,856.994,0.276,36.403
19.11.2021 18:04:41,32.590,911.865,570.434,859.497,856.750,0.253,36.503
19.11.2021 18:04:42,32.698,911.499,569.610,858.856,856.475,0.219,36.582
19.11.2021 18:04:43,32.789,910.736,568.786,858.734,855.224,0.324,36.627
19.11.2021 18:04:44,32.889,910.491,567.810,858.001,855.224,0.256,36.736
19.11.2021 18:04:45,32.987,909.912,566.833,857.574,854.400,0.293,36.817
19.11.2021 18:04:46,33.088,909.790,565.979,856.841,853.912,0.271,36.920
19.11.2021 18:04:47,33.198,908.996,564.727,856.750,853.424,0.308,37.021
19.11.2021 18:04:48,33.291,908.141,564.056,856.231,852.600,0.336,37.039
19.11.2021 18:04:49,33.394,908.111,563.140,855.590,851.959,0.337,37.159
19.11.2021 18:04:50,33.503,907.195,562.042,854.614,851.592,0.280,37.229
19.11.2021 18:04:51,33.590,906.127,560.974,854.400,851.165,0.300,37.284
19.11.2021 18:04:52,33.688,905.609,560.272,853.790,850.097,0.343,37.334
19.11.2021 18:04:53,33.789,904.571,559.448,853.179,850.097,0.286,37.359
19.11.2021 18:04:54,33.887,904.479,558.258,852.478,848.663,0.355,37.510
19.11.2021 18:04:55,34.000,903.106,557.037,851.623,848.022,0.335,37.561
19.11.2021 18:04:56,34.098,902.404,555.725,850.524,846.984,0.330,37.679
19.11.2021 18:04:57,34.191,901.916,554.809,849.609,846.832,0.259,37.762
19.11.2021 18:04:58,34.302,901.489,553.741,849.395,846.130,0.305,37.870
19.11.2021 18:04:59,34.387,900.421,553.222,847.900,844.940,0.277,37.852
19.11.2021 18:05:00,34.492,899.688,552.032,847.351,844.451,0.271,37.952
19.11.2021 18:05:01,34.598,898.803,550.628,846.374,842.803,0.334,38.068
19.11.2021 18:05:02,34.701,898.040,550.170,845.214,842.071,0.295,38.067
19.11.2021 18:05:03,34.802,897.155,549.102,844.879,841.400,0.326,38.139
19.11.2021 18:05:04,34.889,896.148,548.675,843.688,840.881,0.264,38.113
19.11.2021 18:05:05,34.997,894.867,547.729,842.681,839.141,0.333,38.135
19.11.2021 18:05:06,35.103,894.195,546.630,842.071,838.836,0.304,38.229
19.11.2021 18:05:07,35.196,893.066,545.806,841.308,837.310,0.377,38.247
19.11.2021 18:05:08,35.302,892.364,544.616,840.209,836.456,0.354,38.351
19.11.2021 18:05:09,35.402,891.509,543.914,839.507,836.395,0.294,38.376
19.11.2021 18:05:10,35.492,890.411,542.358,838.867,835.174,0.349,38.498
19.11.2021 18:05:11,35.588,889.923,541.961,838.043,834.808,0.306,38.511
19.11.2021 18:05:12,35.691,888.275,541.503,836.730,833.587,0.298,38.436
19.11.2021 18:05:13,35.786,888.122,540.893,835.601,832.885,0.257,38.507
19.11.2021 18:05:15,35.894,886.810,539.581,834.838,831.695,0.298,38.578
19.11.2021 18:05:16,35.987,886.718,539.550,834.289,830.932,0.319,38.575
19.11.2021 18:05:17,36.098,885.498,538.482,833.587,830.078,0.334,38.620
19.11.2021 18:05:18,36.188,884.002,537.658,831.909,829.101,0.267,38.608
19.11.2021 18:05:19,36.302,883.789,537.017,831.634,828.155,0.332,38.679
19.11.2021 18:05:20,36.387,882.629,535.736,830.535,827.240,0.315,38.759
19.11.2021 18:05:21,36.500,881.286,534.423,829.956,826.385,0.341,38.828
19.11.2021 18:05:22,36.588,880.859,533.386,828.704,825.164,0.339,38.937
19.11.2021 18:05:23,36.688,880.676,533.020,827.667,824.188,0.333,38.973
19.11.2021 18:05:24,36.796,879.516,531.829,826.599,822.753,0.369,39.041
19.11.2021 18:05:25,36.889,879.058,530.944,825.042,821.899,0.302,39.126
19.11.2021 18:05:26,36.990,878.204,530.090,824.493,821.258,0.311,39.174
19.11.2021 18:05:27,37.088,877.746,528.564,823.303,820.098,0.309,39.349
19.11.2021 18:05:28,37.196,876.678,527.923,822.265,819.244,0.291,39.349
19.11.2021 18:05:29,37.289,876.464,526.947,821.228,817.810,0.330,39.468
19.11.2021 18:05:30,37.389,875.366,525.665,820.709,816.925,0.366,39.556
19.11.2021 18:05:31,37.495,874.511,524.993,819.793,816.192,0.348,39.579
19.11.2021 18:05:32,37.598,873.992,523.590,818.450,815.124,0.322,39.733
19.11.2021 18:05:33,37.688,873.168,522.491,817.108,814.056,0.296,39.819
19.11.2021 18:05:34,37.791,872.955,520.843,816.406,813.507,0.281,40.036
19.11.2021 18:05:35,37.889,872.070,520.019,815.002,812.133,0.279,40.078
19.11.2021 18:05:36,37.992,871.215,518.768,813.476,811.035,0.238,40.184
19.11.2021 18:05:37,38.095,870.788,517.639,813.171,809.722,0.336,40.309
19.11.2021 18:05:38,38.196,869.842,516.265,811.492,808.654,0.277,40.425
19.11.2021 18:05:39,38.296,868.866,515.136,810.241,807.159,0.302,40.504
19.11.2021 18:05:40,38.389,867.736,513.671,809.753,806.335,0.335,40.619
19.11.2021 18:05:41,38.490,866.729,512.756,808.715,805.267,0.338,40.665
19.11.2021 18:05:42,38.601,865.508,511.718,807.006,803.802,0.315,40.710
19.11.2021 18:05:43,38.693,865.203,509.979,806.823,803.405,0.336,40.936
19.11.2021 18:05:44,38.796,863.952,508.728,805.358,802.398,0.291,41.011
19.11.2021 18:05:45,38.897,862.823,507.293,803.649,800.994,0.262,41.123
19.11.2021 18:05:46,39.003,861.694,506.683,803.039,800.018,0.298,41.115
19.11.2021 18:05:47,39.098,861.053,504.943,801.361,798.950,0.238,41.314
19.11.2021 18:05:48,39.204,859.588,503.356,800.079,797.332,0.272,41.421
19.11.2021 18:05:49,39.302,858.093,502.746,799.255,796.539,0.269,41.382
19.11.2021 18:05:50,39.389,857.269,501.312,798.339,794.769,0.355,41.522
19.11.2021 18:05:51,39.487,856.018,499.877,797.363,794.616,0.273,41.626
19.11.2021 18:05:52,39.598,855.010,498.931,795.989,793.121,0.286,41.678
19.11.2021 18:05:53,39.696,852.752,497.436,794.677,792.327,0.234,41.705
19.11.2021 18:05:54,39.796,851.837,496.215,793.334,790.985,0.235,41.807
19.11.2021 18:05:55,39.900,850.677,494.842,792.358,789.764,0.259,41.911
19.11.2021 18:05:56,39.987,849.365,493.194,791.076,788.635,0.244,42.043
19.11.2021 18:05:57,40.088,847.290,491.699,789.398,786.682,0.273,42.086
19.11.2021 18:05:58,40.196,846.527,491.119,788.909,786.407,0.251,42.107
19.11.2021 18:05:59,40.296,846.038,489.562,787.597,785.278,0.233,42.298
19.11.2021 18:06:00,40.397,844.299,488.525,786.376,783.874,0.252,42.303
19.11.2021 18:06:01,40.497,843.139,487.609,786.224,783.264,0.298,42.339
19.11.2021 18:06:02,40.593,841.461,486.328,784.545,782.073,0.250,42.386
19.11.2021 18:06:03,40.701,840.209,484.832,783.538,781.097,0.247,42.504
19.11.2021 18:06:04,40.786,838.745,483.581,782.043,780.120,0.195,42.565
19.11.2021 18:06:05,40.887,837.646,482.055,781.433,778.961,0.251,42.701
19.11.2021 18:06:06,40.997,836.273,481.323,780.151,777.801,0.239,42.692
19.11.2021 18:06:07,41.101,835.021,480.407,779.724,776.947,0.282,42.722
19.11.2021 18:06:08,41.188,833.282,479.370,778.198,776.031,0.220,42.728
19.11.2021 18:06:09,41.291,833.007,478.698,777.191,774.871,0.236,42.807
19.11.2021 18:06:10,41.394,830.810,476.867,776.336,773.925,0.246,42.894
19.11.2021 18:06:11,41.505,829.803,476.409,774.932,772.979,0.199,42.876
19.11.2021 18:06:12,41.601,828.613,474.884,773.773,771.423,0.241,43.006
19.11.2021 18:06:13,41.688,827.331,474.273,772.766,770.996,0.181,42.987
19.11.2021 18:06:14,41.794,825.683,473.175,772.308,769.866,0.250,43.010
19.11.2021 18:06:15,41.892,824.340,472.198,770.629,768.615,0.207,43.043
19.11.2021 18:06:16,41.992,823.089,471.099,769.317,767.852,0.151,43.102
19.11.2021 18:06:17,42.090,821.502,470.336,768.615,766.693,0.198,43.079
19.11.2021 18:06:18,42.193,820.220,469.573,767.211,765.380,0.189,43.084
19.11.2021 18:06:19,42.299,818.939,468.536,766.479,764.495,0.205,43.131
19.11.2021 18:06:20,42.389,817.871,467.254,765.075,763.458,0.167,43.237
19.11.2021 18:06:21,42.497,816.497,466.613,763.854,762.268,0.164,43.214
19.11.2021 18:06:22,42.593,815.673,465.942,763.061,761.352,0.177,43.246
19.11.2021 18:06:23,42.701,813.934,464.416,761.932,760.131,0.187,43.330
19.11.2021 18:06:24,42.786,812.713,463.958,761.352,759.216,0.222,43.292
19.11.2021 18:06:25,42.892,811.859,462.585,760.009,757.995,0.210,43.432
19.11.2021 18:06:26,42.997,810.180,461.395,758.209,756.774,0.150,43.469
19.11.2021 18:06:27,43.090,809.814,460.235,757.232,755.828,0.147,43.620
19.11.2021 18:06:28,43.196,808.624,459.167,755.767,754.455,0.137,43.683
19.11.2021 18:06:29,43.299,807.434,458.740,755.157,753.173,0.208,43.643
19.11.2021 18:06:30,43.387,806.335,457.336,754.425,751.953,0.260,43.768
19.11.2021 18:06:31,43.492,805.633,456.146,752.929,751.159,0.186,43.895
19.11.2021 18:06:32,43.595,804.412,455.047,751.342,749.755,0.167,43.960
19.11.2021 18:06:33,43.693,803.222,454.223,750.335,748.840,0.158,43.985
19.11.2021 18:06:34,43.789,802.459,452.545,749.908,747.497,0.255,44.186
19.11.2021 18:06:35,43.887,801.025,451.477,748.138,746.490,0.174,44.228
19.11.2021 18:06:36,43.995,800.537,449.981,747.344,745.056,0.243,44.425
19.11.2021 18:06:37,44.090,799.407,449.035,745.544,743.408,0.227,44.476
19.11.2021 18:06:38,44.191,798.278,448.486,744.293,742.767,0.162,44.462
19.11.2021 18:06:39,44.291,797.515,446.777,743.133,741.394,0.185,44.671
19.11.2021 18:06:40,44.394,796.295,445.800,742.034,739.624,0.257,44.719
19.11.2021 18:06:41,44.490,795.379,444.458,740.386,738.220,0.232,44.855
19.11.2021 18:06:42,44.588,794.128,443.664,739.379,737.091,0.245,44.871
19.11.2021 18:06:43,44.691,793.090,442.504,738.037,736.083,0.209,44.966
19.11.2021 18:06:44,44.786,791.229,441.345,736.694,735.137,0.167,44.986
19.11.2021 18:06:45,44.887,790.893,439.819,736.145,733.764,0.256,45.207
19.11.2021 18:06:46,44.997,788.970,438.903,733.886,732.299,0.171,45.182
19.11.2021 18:06:47,45.088,787.597,437.316,732.604,731.170,0.155,45.319
19.11.2021 18:06:48,45.191,786.590,436.523,731.048,729.248,0.195,45.358
19.11.2021 18:06:49,45.302,785.034,435.241,729.766,728.485,0.139,45.427
19.11.2021 18:06:50,45.394,783.782,434.326,728.546,726.745,0.196,45.465
19.11.2021 18:06:51,45.490,782.287,433.013,727.081,725.921,0.126,45.546
19.11.2021 18:06:52,45.590,781.524,431.976,726.043,723.815,0.243,45.649
19.11.2021 18:06:53,45.691,779.724,430.938,725.189,723.052,0.233,45.656
19.11.2021 18:06:54,45.786,778.320,430.084,723.266,721.588,0.184,45.670
19.11.2021 18:06:55,45.892,776.641,428.924,722.198,720.001,0.241,45.709
19.11.2021 18:06:56,45.987,775.695,428.039,720.520,718.994,0.167,45.770
19.11.2021 18:06:57,46.090,774.108,427.032,719.329,717.437,0.208,45.793
19.11.2021 18:06:58,46.188,772.613,425.842,718.078,716.339,0.192,45.855
19.11.2021 18:06:59,46.291,770.935,424.407,716.949,715.118,0.202,45.942
19.11.2021 18:07:01,46.389,768.981,423.706,715.423,713.928,0.165,45.878
19.11.2021 18:07:02,46.495,768.066,422.515,714.080,712.066,0.223,45.996
19.11.2021 18:07:03,46.590,766.662,421.630,712.738,711.151,0.176,46.015
19.11.2021 18:07:04,46.688,765.563,420.471,710.906,709.381,0.170,46.111
19.11.2021 18:07:05,46.786,763.214,419.433,709.442,708.007,0.160,46.067
19.11.2021 18:07:06,46.897,762.542,418.792,708.312,707.000,0.146,46.114
19.11.2021 18:07:07,46.992,760.864,417.480,706.970,705.413,0.174,46.182
19.11.2021 18:07:08,47.088,759.979,416.900,705.841,704.742,0.123,46.198
19.11.2021 18:07:09,47.191,757.629,416.076,704.193,702.972,0.137,46.117
19.11.2021 18:07:10,47.291,756.042,414.947,702.880,701.538,0.151,46.162
19.11.2021 18:07:11,47.394,754.028,413.818,701.477,699.798,0.189,46.167
19.11.2021 18:07:12,47.490,752.655,413.360,699.798,699.035,0.086,46.115
19.11.2021 18:07:13,47.593,751.312,411.651,698.669,697.174,0.169,46.285
19.11.2021 18:07:14,47.696,748.596,411.254,696.746,695.739,0.114,46.093
19.11.2021 18:07:15,47.791,747.558,410.308,695.495,693.481,0.229,46.159
19.11.2021 18:07:16,47.897,745.697,409.790,693.695,692.718,0.111,46.070
19.11.2021 18:07:17,47.992,744.079,408.508,692.260,691.162,0.125,46.140
19.11.2021 18:07:18,48.093,742.675,407.806,691.436,689.147,0.262,46.128
19.11.2021 18:07:19,48.188,741.302,407.104,689.575,687.927,0.189,46.118
19.11.2021 18:07:20,48.289,739.135,406.585,687.652,686.096,0.179,45.999
19.11.2021 18:07:21,48.387,737.945,405.822,686.523,684.936,0.183,46.018
19.11.2021 18:07:22,48.490,736.145,404.418,685.028,683.380,0.190,46.092
19.11.2021 18:07:23,48.590,733.764,404.266,683.685,681.701,0.230,45.884
19.11.2021 18:07:24,48.696,732.360,402.801,681.732,679.779,0.227,46.009
19.11.2021 18:07:25,48.791,730.285,401.947,680.328,679.016,0.152,45.957
19.11.2021 18:07:26,48.889,729.400,401.031,678.833,676.513,0.271,46.035
19.11.2021 18:07:27,49.000,726.928,399.963,676.483,675.415,0.125,45.982
19.11.2021 18:07:28,49.101,726.257,399.627,674.926,674.163,0.089,45.976
19.11.2021 18:07:29,49.193,724.212,398.071,672.973,672.119,0.100,46.054
19.11.2021 18:07:30,49.289,722.717,397.247,671.936,670.898,0.122,46.055
19.11.2021 18:07:31,49.400,721.374,396.392,669.586,668.762,0.097,46.076
19.11.2021 18:07:32,49.495,720.550,395.294,668.304,667.083,0.144,46.194
19.11.2021 18:07:33,49.593,718.444,394.622,666.809,665.710,0.130,46.105
19.11.2021 18:07:34,49.698,717.468,393.890,664.825,663.909,0.109,46.141
19.11.2021 18:07:35,49.794,715.942,392.974,663.818,662.231,0.189,46.156
19.11.2021 18:07:36,49.889,714.416,392.242,661.895,661.132,0.091,46.136
19.11.2021 18:07:37,49.995,713.104,390.777,660.552,659.149,0.168,46.274
19.11.2021 18:07:38,50.088,711.547,389.984,658.325,657.745,0.069,46.263
19.11.2021 18:07:39,50.188,710.205,388.977,656.860,656.158,0.084,46.314
19.11.2021 18:07:40,50.291,709.014,388.214,655.029,654.296,0.088,46.334
19.11.2021 18:07:41,50.387,707.672,386.535,653.564,653.076,0.059,46.511
19.11.2021 18:07:42,50.487,706.146,386.077,652.099,651.092,0.122,46.441
19.11.2021 18:07:43,50.590,705.261,384.796,649.963,650.054,-0.011,46.590
19.11.2021 18:07:44,50.688,704.010,384.490,648.437,648.162,0.033,46.519
19.11.2021 18:07:45,50.791,702.453,382.904,646.545,646.667,-0.014,46.659
19.11.2021 18:07:46,50.894,701.019,382.080,645.355,645.019,0.041,46.667
19.11.2021 18:07:47,50.995,699.371,381.103,643.890,643.432,0.056,46.681
19.11.2021 18:07:48,51.088,698.333,380.310,642.395,642.150,0.030,46.725
19.11.2021 18:07:49,51.193,696.716,379.608,640.563,640.838,-0.033,46.691
19.11.2021 18:07:50,51.286,695.251,378.509,639.526,639.495,0.003,46.748
19.11.2021 18:07:51,51.392,693.756,377.593,638.061,637.725,0.041,46.768
19.11.2021 18:07:52,51.492,691.772,376.312,636.840,636.383,0.056,46.806
19.11.2021 18:07:53,51.595,690.582,375.488,634.735,635.040,-0.038,46.840
19.11.2021 18:07:54,51.688,689.453,374.694,633.636,634.002,-0.045,46.875
19.11.2021 18:07:55,51.791,687.713,373.565,632.324,632.019,0.038,46.911
19.11.2021 18:07:56,51.892,686.035,372.711,630.218,630.462,-0.030,46.899
19.11.2021 18:07:57,51.992,684.326,371.520,629.058,629.455,-0.049,46.950
19.11.2021 18:07:58,52.090,683.105,370.910,627.532,628.234,-0.088,46.940
19.11.2021 18:07:59,52.188,681.518,370.025,626.586,626.922,-0.042,46.945
19.11.2021 18:08:00,52.294,680.328,369.171,624.938,625.091,-0.019,46.985
19.11.2021 18:08:01,52.392,678.680,368.225,623.352,623.840,-0.062,46.996
19.11.2021 18:08:02,52.495,677.032,367.492,621.612,622.039,-0.054,46.964
19.11.2021 18:08:03,52.595,675.384,366.485,620.330,621.185,-0.109,46.986
19.11.2021 18:08:04,52.688,673.736,365.142,619.262,619.598,-0.042,47.075
19.11.2021 18:08:05,52.794,671.997,364.471,617.462,618.835,-0.176,47.021
19.11.2021 18:08:06,52.902,670.593,363.250,616.546,616.699,-0.019,47.112
19.11.2021 18:08:07,52.990,668.579,362.213,614.593,615.386,-0.102,47.102
19.11.2021 18:08:08,53.088,667.144,361.602,613.708,614.410,-0.090,47.068
19.11.2021 18:08:09,53.191,665.283,360.382,612.304,612.609,-0.039,47.111
19.11.2021 18:08:10,53.299,663.848,359.313,610.198,611.541,-0.174,47.169
19.11.2021 18:08:11,53.392,662.597,358.398,609.130,609.802,-0.087,47.217
19.11.2021 18:08:12,53.490,660.980,357.971,607.238,608.673,-0.186,47.127
19.11.2021 18:08:13,53.598,658.935,356.750,605.926,606.964,-0.135,47.150
19.11.2021 18:08:14,53.698,657.012,355.926,604.736,605.468,-0.095,47.106
19.11.2021 18:08:15,53.791,655.578,355.224,603.515,604.400,-0.116,47.090
19.11.2021 18:08:16,53.894,654.113,353.851,602.325,603.332,-0.132,47.209
19.11.2021 18:08:17,53.990,652.587,353.240,600.799,602.020,-0.160,47.165
19.11.2021 18:08:18,54.090,650.634,352.264,599.273,600.280,-0.133,47.148
19.11.2021 18:08:19,54.198,648.101,351.257,597.625,599.151,-0.202,47.073
19.11.2021 18:08:20,54.294,647.277,350.250,596.679,598.022,-0.178,47.189
19.11.2021 18:08:21,54.389,644.958,349.731,595.001,596.679,-0.223,47.036
19.11.2021 18:08:22,54.495,644.042,348.632,593.353,595.428,-0.276,47.161
19.11.2021 18:08:23,54.601,642.425,347.717,591.979,593.719,-0.232,47.169
19.11.2021 18:08:24,54.691,640.777,346.832,590.942,592.529,-0.212,47.168
19.11.2021 18:08:25,54.786,638.793,346.099,589.355,590.820,-0.196,47.097
19.11.2021 18:08:26,54.889,636.627,345.001,587.310,589.599,-0.308,47.081
19.11.2021 18:08:27,54.987,635.375,344.146,586.486,588.317,-0.247,47.118
19.11.2021 18:08:28,55.090,633.789,343.292,584.930,586.883,-0.264,47.117
19.11.2021 18:08:29,55.188,632.354,342.041,583.343,585.754,-0.326,47.217
19.11.2021 18:08:30,55.299,630.401,341.186,582.336,583.953,-0.219,47.174
19.11.2021 18:08:31,55.389,629.241,340.423,580.566,582.946,-0.324,47.203
19.11.2021 18:08:32,55.487,628.234,339.324,579.589,581.207,-0.220,47.321
19.11.2021 18:08:33,55.598,626.312,338.256,577.941,579.742,-0.246,47.327
19.11.2021 18:08:34,55.698,624.877,337.402,577.087,578.460,-0.188,47.344
19.11.2021 18:08:35,55.794,623.809,336.425,575.317,577.392,-0.285,47.430
19.11.2021 18:08:36,55.897,622.161,335.479,573.760,576.232,-0.340,47.442
19.11.2021 18:08:37,56.005,620.941,334.594,573.120,574.615,-0.206,47.491
19.11.2021 18:08:38,56.098,619.628,333.801,571.685,573.455,-0.244,47.510
19.11.2021 18:08:39,56.196,618.316,332.824,570.037,571.929,-0.262,47.568
19.11.2021 18:08:40,56.291,617.126,331.939,568.756,571.350,-0.360,47.621
19.11.2021 18:08:41,56.397,615.356,330.352,567.413,569.213,-0.251,47.759
19.11.2021 18:08:42,56.495,614.349,330.108,566.223,567.810,-0.221,47.695
19.11.2021 18:08:43,56.593,613.006,328.674,564.483,566.802,-0.324,47.851
19.11.2021 18:08:44,56.696,612.030,327.789,563.507,565.582,-0.291,47.930
19.11.2021 18:08:46,56.789,610.412,326.812,562.042,564.086,-0.287,47.954
19.11.2021 18:08:47,56.894,609.771,325.469,561.035,562.805,-0.249,48.175
19.11.2021 18:08:48,56.990,608.093,324.707,559.509,561.553,-0.289,48.146
19.11.2021 18:08:49,57.093,607.238,323.699,558.319,560.516,-0.311,48.268
19.11.2021 18:08:50,57.193,605.194,322.540,556.579,558.868,-0.325,48.283
19.11.2021 18:08:51,57.289,604.522,321.685,555.297,557.800,-0.356,48.394
19.11.2021 18:08:52,57.387,602.783,320.892,554.412,555.908,-0.213,48.365
19.11.2021 18:08:53,57.487,601.928,319.915,552.612,555.175,-0.366,48.482
19.11.2021 18:08:54,57.595,599.975,318.267,550.872,553.436,-0.367,48.619
19.11.2021 18:08:55,57.693,598.724,317.657,550.018,552.246,-0.320,48.607
19.11.2021 18:08:56,57.789,597.747,316.345,548.583,550.903,-0.334,48.787
19.11.2021 18:08:57,57.894,596.282,315.216,546.752,549.224,-0.357,48.867
19.11.2021 18:08:58,57.992,594.909,314.270,545.989,548.400,-0.349,48.918
19.11.2021 18:08:59,58.093,593.200,313.354,544.891,546.813,-0.279,48.921
19.11.2021 18:09:00,58.193,591.674,312.164,543.182,545.745,-0.373,49.009
19.11.2021 18:09:01,58.299,590.301,310.577,541.595,543.487,-0.276,49.207
19.11.2021 18:09:02,58.392,588.195,309.814,539.703,542.572,-0.420,49.128
19.11.2021 18:09:03,58.490,587.188,308.715,538.299,541.046,-0.403,49.259
19.11.2021 18:09:04,58.601,585.327,307.220,537.200,540.039,-0.417,49.379
19.11.2021 18:09:05,58.696,583.831,306.243,535.919,538.330,-0.355,49.424
19.11.2021 18:09:06,58.796,581.695,305.419,534.088,536.346,-0.334,49.355
19.11.2021 18:09:07,58.894,580.627,304.260,532.501,534.881,-0.353,49.495
19.11.2021 18:09:08,59.000,578.674,302.673,530.853,533.447,-0.386,49.628
19.11.2021 18:09:09,59.095,577.239,302.001,529.693,532.012,-0.346,49.610
19.11.2021 18:09:10,59.201,575.103,300.201,527.740,529.937,-0.329,49.772
19.11.2021 18:09:11,59.291,573.730,299.621,526.458,528.350,-0.284,49.739
19.11.2021 18:09:12,59.402,572.174,298.461,525.146,527.465,-0.349,49.822
19.11.2021 18:09:13,59.492,570.159,297.302,522.827,525.207,-0.359,49.848
19.11.2021 18:09:14,59.601,568.328,296.020,521.728,524.078,-0.356,49.927
19.11.2021 18:09:15,59.701,566.589,294.830,519.836,522.338,-0.380,49.996
19.11.2021 18:09:16,59.789,565.093,294.281,518.615,520.996,-0.362,49.941
19.11.2021 18:09:17,59.900,563.476,293.243,516.906,519.287,-0.364,49.988
19.11.2021 18:09:18,59.995,561.737,292.510,515.197,517.547,-0.360,49.946
