# Sensor: ADPD2140, Rotationstage: ELL18M
Datetime,Stage Angle,xL,xR,yL,yR,X,Y
19.11.2021 19:48:31,-60.003,198.181,376.312,344.848,345.550,-0.161,-49.138
19.11.2021 19:48:32,-59.905,198.730,377.105,345.214,346.374,-0.265,-49.091
19.11.2021 19:48:33,-59.804,199.737,378.112,346.221,347.076,-0.195,-48.920
19.11.2021 19:48:34,-59.706,199.737,379.028,347.045,347.900,-0.194,-49.093
19.11.2021 19:48:35,-59.603,200.714,379.943,347.717,349.029,-0.298,-48.917
19.11.2021 19:48:36,-59.503,201.843,381.439,348.754,349.700,-0.214,-48.796
19.11.2021 19:48:37,-59.397,202.178,382.202,349.548,350.982,-0.324,-48.820
19.11.2021 19:48:38,-59.302,202.514,382.873,350.341,351.074,-0.165,-48.827
19.11.2021 19:48:39,-59.201,203.338,383.880,350.830,352.081,-0.282,-48.724
19.11.2021 19:48:40,-59.098,204.193,384.765,352.050,352.935,-0.198,-48.588
19.11.2021 19:48:41,-59.005,204.437,386.047,352.813,354.064,-0.280,-48.741
19.11.2021 19:48:42,-58.900,205.261,387.115,353.515,354.705,-0.266,-48.651
19.11.2021 19:48:43,-58.804,205.566,387.573,354.431,355.529,-0.245,-48.629
19.11.2021 19:48:44,-58.701,206.268,388.641,355.316,356.323,-0.224,-48.582
19.11.2021 19:48:45,-58.606,207.092,389.648,356.384,357.116,-0.162,-48.482
19.11.2021 19:48:46,-58.505,207.733,390.594,357.238,358.184,-0.209,-48.434
19.11.2021 19:48:47,-58.402,208.404,391.815,358.154,359.069,-0.202,-48.426
19.11.2021 19:48:48,-58.299,208.831,392.456,358.581,359.527,-0.208,-48.396
19.11.2021 19:48:49,-58.209,209.350,393.463,359.436,360.504,-0.235,-48.402
19.11.2021 19:48:50,-58.106,210.510,394.470,360.168,361.572,-0.308,-48.189
19.11.2021 19:48:51,-58.008,211.242,395.019,360.870,362.426,-0.341,-48.039
19.11.2021 19:48:52,-57.900,211.456,395.935,361.907,362.823,-0.200,-48.133
19.11.2021 19:48:53,-57.799,212.036,397.277,363.006,363.922,-0.199,-48.180
19.11.2021 19:48:54,-57.704,212.951,398.071,364.196,364.807,-0.132,-48.013
19.11.2021 19:48:55,-57.598,213.592,399.444,364.898,365.783,-0.191,-48.045
19.11.2021 19:48:56,-57.500,214.080,400.177,365.264,366.790,-0.330,-48.012
19.11.2021 19:48:57,-57.400,214.752,400.939,366.333,367.584,-0.270,-47.924
19.11.2021 19:48:58,-57.299,215.301,401.947,367.034,368.225,-0.256,-47.921
19.11.2021 19:48:59,-57.206,215.789,403.167,367.828,368.774,-0.203,-47.976
19.11.2021 19:49:00,-57.103,216.125,404.296,369.018,369.720,-0.150,-48.065
19.11.2021 19:49:02,-57.008,217.010,404.754,369.812,370.941,-0.241,-47.853
19.11.2021 19:49:03,-56.900,217.559,405.456,370.513,371.185,-0.143,-47.795
19.11.2021 19:49:04,-56.799,218.078,406.555,371.643,372.161,-0.110,-47.819
19.11.2021 19:49:05,-56.709,218.353,407.257,372.039,372.711,-0.142,-47.852
19.11.2021 19:49:06,-56.601,219.085,408.569,372.802,374.084,-0.271,-47.843
19.11.2021 19:49:07,-56.508,219.512,409.210,373.382,374.481,-0.232,-47.815
19.11.2021 19:49:08,-56.402,220.092,410.278,374.603,375.366,-0.161,-47.813
19.11.2021 19:49:09,-56.302,221.099,410.919,375.579,376.586,-0.212,-47.597
19.11.2021 19:49:10,-56.201,221.099,411.895,376.556,376.922,-0.077,-47.768
19.11.2021 19:49:11,-56.103,221.771,412.322,377.075,378.112,-0.217,-47.624
19.11.2021 19:49:12,-56.008,222.198,413.055,378.021,378.753,-0.153,-47.613
19.11.2021 19:49:13,-55.902,222.686,413.818,378.601,379.699,-0.229,-47.588
19.11.2021 19:49:14,-55.802,223.449,415.100,379.638,380.828,-0.248,-47.564
19.11.2021 19:49:15,-55.704,223.876,415.527,380.706,381.347,-0.133,-47.501
19.11.2021 19:49:16,-55.598,224.304,416.900,381.286,382.568,-0.265,-47.601
19.11.2021 19:49:17,-55.500,225.372,417.633,382.385,382.629,-0.050,-47.385
19.11.2021 19:49:18,-55.400,225.433,418.487,382.934,383.850,-0.189,-47.513
19.11.2021 19:49:19,-55.299,226.257,419.403,383.544,384.857,-0.270,-47.407
19.11.2021 19:49:20,-55.194,226.501,420.410,384.826,385.711,-0.182,-47.503
19.11.2021 19:49:21,-55.096,227.111,420.776,385.345,386.688,-0.275,-47.371
19.11.2021 19:49:22,-55.003,227.722,421.600,386.688,387.512,-0.168,-47.319
19.11.2021 19:49:23,-54.902,228.332,423.065,387.390,388.092,-0.143,-47.376
19.11.2021 19:49:24,-54.807,229.064,423.431,388.061,389.312,-0.255,-47.207
19.11.2021 19:49:25,-54.699,229.156,424.468,389.373,390.197,-0.167,-47.355
19.11.2021 19:49:26,-54.598,229.949,425.292,389.862,391.021,-0.235,-47.246
19.11.2021 19:49:27,-54.498,230.438,425.750,390.869,391.632,-0.154,-47.170
19.11.2021 19:49:28,-54.405,230.621,427.215,391.632,392.456,-0.166,-47.361
19.11.2021 19:49:29,-54.299,231.536,427.459,392.333,393.310,-0.196,-47.116
19.11.2021 19:49:30,-54.204,232.208,428.863,393.554,394.470,-0.184,-47.144
19.11.2021 19:49:31,-54.096,232.574,429.504,394.378,395.233,-0.171,-47.138
19.11.2021 19:49:32,-53.993,232.727,430.206,394.989,395.812,-0.165,-47.208
19.11.2021 19:49:33,-53.892,233.428,431.671,395.782,396.789,-0.201,-47.236
19.11.2021 19:49:34,-53.792,233.825,432.342,397.094,397.430,-0.066,-47.226
19.11.2021 19:49:35,-53.696,234.466,433.258,397.674,398.498,-0.164,-47.181
19.11.2021 19:49:37,-53.603,235.046,434.082,398.895,399.536,-0.127,-47.140
19.11.2021 19:49:38,-53.500,235.107,434.906,399.658,400.543,-0.175,-47.258
19.11.2021 19:49:39,-53.407,235.656,435.729,400.299,401.214,-0.181,-47.226
19.11.2021 19:49:40,-53.307,235.992,437.194,401.733,402.770,-0.204,-47.366
19.11.2021 19:49:41,-53.209,236.755,437.927,402.709,403.808,-0.215,-47.253
19.11.2021 19:49:42,-53.103,237.274,439.025,403.717,404.174,-0.089,-47.276
19.11.2021 19:49:43,-53.008,237.701,440.185,404.907,405.242,-0.065,-47.337
19.11.2021 19:49:44,-52.900,238.494,440.948,405.731,406.463,-0.142,-47.221
19.11.2021 19:49:45,-52.799,238.586,442.535,406.646,407.531,-0.172,-47.453
19.11.2021 19:49:46,-52.704,238.983,443.725,407.836,408.508,-0.130,-47.527
19.11.2021 19:49:47,-52.603,239.685,443.969,408.966,409.576,-0.118,-47.355
19.11.2021 19:49:48,-52.503,240.417,445.129,409.698,410.980,-0.247,-47.323
19.11.2021 19:49:49,-52.405,240.509,446.472,410.583,411.590,-0.194,-47.513
19.11.2021 19:49:50,-52.299,241.180,447.692,411.682,412.994,-0.252,-47.509
19.11.2021 19:49:51,-52.206,241.943,448.577,412.567,413.513,-0.181,-47.423
19.11.2021 19:49:52,-52.106,241.973,449.493,413.940,414.398,-0.087,-47.561
19.11.2021 19:49:53,-52.000,242.736,450.866,414.367,415.527,-0.221,-47.554
19.11.2021 19:49:54,-51.902,243.347,452.270,415.863,416.839,-0.185,-47.597
19.11.2021 19:49:55,-51.799,243.774,452.545,416.687,417.816,-0.214,-47.515
19.11.2021 19:49:56,-51.701,244.110,453.735,417.694,418.548,-0.161,-47.605
19.11.2021 19:49:57,-51.596,244.567,454.772,418.609,419.616,-0.190,-47.634
19.11.2021 19:49:58,-51.503,245.330,455.810,419.342,420.806,-0.276,-47.574
19.11.2021 19:49:59,-51.395,245.758,456.817,420.532,421.630,-0.206,-47.608
19.11.2021 19:50:00,-51.304,246.765,457.763,421.295,423.095,-0.337,-47.462
19.11.2021 19:50:01,-51.209,247.070,458.770,422.760,423.309,-0.102,-47.531
19.11.2021 19:50:02,-51.101,248.352,459.564,423.431,424.774,-0.250,-47.283
19.11.2021 19:50:03,-51.000,248.199,460.235,424.652,425.140,-0.091,-47.432
19.11.2021 19:50:04,-50.897,248.962,462.097,425.323,426.330,-0.187,-47.502
19.11.2021 19:50:05,-50.802,249.908,462.066,426.086,427.398,-0.243,-47.224
19.11.2021 19:50:06,-50.701,249.755,463.439,426.940,428.375,-0.265,-47.482
19.11.2021 19:50:07,-50.603,251.037,463.775,427.673,428.894,-0.225,-47.165
19.11.2021 19:50:08,-50.498,251.159,465.057,428.894,430.358,-0.270,-47.329
19.11.2021 19:50:09,-50.400,251.678,465.576,429.351,430.755,-0.258,-47.261
19.11.2021 19:50:10,-50.299,252.349,466.583,430.572,431.549,-0.179,-47.224
19.11.2021 19:50:11,-50.199,252.929,467.346,431.091,432.830,-0.319,-47.176
19.11.2021 19:50:12,-50.098,253.570,468.414,432.373,433.807,-0.262,-47.159
19.11.2021 19:50:13,-50.008,253.967,469.848,433.258,434.661,-0.256,-47.266
19.11.2021 19:50:14,-49.905,254.730,469.757,434.173,435.668,-0.272,-47.036
19.11.2021 19:50:15,-49.797,255.096,470.703,435.302,436.157,-0.155,-47.077
19.11.2021 19:50:16,-49.706,255.676,471.588,435.760,437.347,-0.288,-47.049
19.11.2021 19:50:17,-49.603,256.469,472.015,436.950,437.835,-0.160,-46.890
19.11.2021 19:50:18,-49.495,256.835,473.083,437.774,439.147,-0.248,-46.951
19.11.2021 19:50:19,-49.397,257.751,473.632,438.293,440.002,-0.308,-46.777
19.11.2021 19:50:20,-49.302,257.965,474.700,439.514,440.521,-0.181,-46.880
19.11.2021 19:50:21,-49.204,258.422,475.280,439.788,441.467,-0.301,-46.840
19.11.2021 19:50:22,-49.101,259.155,475.708,441.009,441.925,-0.164,-46.701
19.11.2021 19:50:23,-49.005,259.643,476.593,441.589,443.572,-0.355,-46.699
19.11.2021 19:50:24,-48.902,260.437,477.325,442.596,443.908,-0.234,-46.589
19.11.2021 19:50:25,-48.797,260.864,478.576,443.328,445.007,-0.299,-46.660
19.11.2021 19:50:26,-48.694,261.505,478.973,443.847,445.556,-0.304,-46.542
19.11.2021 19:50:27,-48.601,261.993,479.431,445.037,446.350,-0.233,-46.477
19.11.2021 19:50:28,-48.505,262.695,480.163,445.983,447.296,-0.232,-46.393
19.11.2021 19:50:29,-48.407,263.519,480.957,446.533,447.845,-0.232,-46.286
19.11.2021 19:50:30,-48.307,264.282,481.597,447.540,449.127,-0.280,-46.173
19.11.2021 19:50:31,-48.209,264.648,482.116,448.181,449.920,-0.306,-46.151
19.11.2021 19:50:32,-48.103,265.045,483.306,449.096,450.164,-0.188,-46.221
19.11.2021 19:50:33,-48.003,266.021,483.703,449.371,450.988,-0.284,-46.014
19.11.2021 19:50:34,-47.900,266.876,484.466,450.805,452.087,-0.224,-45.895
19.11.2021 19:50:35,-47.799,267.242,485.473,451.049,453.002,-0.342,-45.946
19.11.2021 19:50:36,-47.706,267.974,485.504,452.148,453.796,-0.288,-45.752
19.11.2021 19:50:37,-47.606,268.463,486.877,452.423,454.284,-0.325,-45.825
19.11.2021 19:50:38,-47.503,269.226,487.152,453.552,455.322,-0.308,-45.660
19.11.2021 19:50:39,-47.405,269.531,487.731,454.406,455.963,-0.270,-45.664
19.11.2021 19:50:40,-47.307,269.866,488.708,454.650,456.451,-0.313,-45.719
19.11.2021 19:50:41,-47.204,270.874,489.410,456.024,457.397,-0.238,-45.553
19.11.2021 19:50:42,-47.108,270.965,489.959,456.451,458.435,-0.343,-45.610
19.11.2021 19:50:43,-47.008,272.247,490.936,457.672,459.106,-0.247,-45.411
19.11.2021 19:50:44,-46.905,272.491,491.821,457.946,459.777,-0.316,-45.477
19.11.2021 19:50:45,-46.807,273.651,492.675,458.862,460.449,-0.273,-45.294
19.11.2021 19:50:46,-46.701,273.803,493.621,459.808,461.059,-0.215,-45.393
19.11.2021 19:50:48,-46.608,274.261,494.415,459.991,461.791,-0.309,-45.389
19.11.2021 19:50:49,-46.500,275.512,495.300,461.120,462.860,-0.298,-45.188
19.11.2021 19:50:50,-46.405,275.421,495.788,461.578,462.890,-0.224,-45.284
19.11.2021 19:50:51,-46.302,276.397,496.826,462.219,463.928,-0.292,-45.178
19.11.2021 19:50:52,-46.206,276.947,497.528,462.799,464.477,-0.286,-45.136
19.11.2021 19:50:53,-46.106,277.160,497.741,463.378,465.057,-0.286,-45.111
19.11.2021 19:50:54,-46.005,278.228,499.328,464.385,465.820,-0.244,-45.063
19.11.2021 19:50:55,-45.900,278.564,500.091,464.996,466.613,-0.275,-45.087
19.11.2021 19:50:56,-45.802,279.174,500.640,465.393,467.041,-0.280,-45.007
19.11.2021 19:50:57,-45.706,279.754,501.525,465.850,467.712,-0.316,-44.985
19.11.2021 19:50:58,-45.601,280.212,502.319,466.247,468.444,-0.372,-44.981
19.11.2021 19:50:59,-45.503,280.975,503.021,467.315,468.963,-0.278,-44.884
19.11.2021 19:51:00,-45.400,281.463,504.119,468.078,469.909,-0.309,-44.917
19.11.2021 19:51:01,-45.304,282.470,504.516,468.688,470.306,-0.272,-44.714
19.11.2021 19:51:02,-45.209,283.264,505.676,469.390,470.916,-0.257,-44.677
19.11.2021 19:51:03,-45.108,283.660,506.164,469.726,471.252,-0.256,-44.645
19.11.2021 19:51:04,-45.000,284.118,507.324,470.428,471.984,-0.261,-44.694
19.11.2021 19:51:05,-44.902,284.637,507.873,470.947,472.717,-0.297,-44.640
19.11.2021 19:51:06,-44.807,285.949,508.575,471.832,473.022,-0.199,-44.405
19.11.2021 19:51:07,-44.704,286.437,509.521,472.198,473.754,-0.260,-44.416
19.11.2021 19:51:08,-44.596,287.353,510.345,472.717,474.822,-0.352,-44.301
19.11.2021 19:51:09,-44.508,287.536,510.925,473.327,475.158,-0.305,-44.338
19.11.2021 19:51:10,-44.405,288.543,511.993,473.968,475.982,-0.336,-44.235
19.11.2021 19:51:11,-44.302,288.757,512.695,474.609,476.409,-0.300,-44.281
19.11.2021 19:51:12,-44.206,289.520,513.214,475.219,476.745,-0.254,-44.162
19.11.2021 19:51:13,-44.108,290.405,513.946,475.738,477.844,-0.349,-44.043
19.11.2021 19:51:14,-44.005,291.320,515.045,476.440,478.240,-0.298,-43.969
19.11.2021 19:51:15,-43.907,292.022,515.777,477.630,479.217,-0.262,-43.897
19.11.2021 19:51:16,-43.802,292.816,515.991,478.332,479.736,-0.232,-43.729
19.11.2021 19:51:17,-43.706,293.212,517.150,478.027,479.797,-0.292,-43.794
19.11.2021 19:51:18,-43.606,294.097,517.608,479.003,480.529,-0.252,-43.638
19.11.2021 19:51:19,-43.493,295.074,518.646,479.888,481.658,-0.291,-43.542
19.11.2021 19:51:20,-43.395,295.776,519.470,479.980,481.994,-0.331,-43.484
19.11.2021 19:51:21,-43.302,296.600,520.111,480.926,482.971,-0.336,-43.371
19.11.2021 19:51:22,-43.209,297.363,521.026,481.292,483.276,-0.325,-43.311
19.11.2021 19:51:23,-43.101,297.576,521.179,481.903,484.252,-0.385,-43.280
19.11.2021 19:51:24,-43.003,298.583,522.430,482.788,484.710,-0.314,-43.208
19.11.2021 19:51:25,-42.895,299.774,523.132,483.581,485.931,-0.384,-43.015
19.11.2021 19:51:26,-42.804,300.170,523.742,484.161,485.809,-0.269,-43.003
19.11.2021 19:51:27,-42.709,300.567,524.475,484.588,486.541,-0.318,-43.009
19.11.2021 19:51:28,-42.608,301.696,525.177,485.534,487.396,-0.303,-42.832
19.11.2021 19:51:29,-42.508,302.398,525.756,485.870,487.792,-0.312,-42.742
19.11.2021 19:51:30,-42.407,303.100,526.092,486.816,488.494,-0.272,-42.619
19.11.2021 19:51:31,-42.307,303.985,526.458,487.792,489.288,-0.242,-42.455
19.11.2021 19:51:32,-42.209,304.534,527.496,487.762,489.562,-0.291,-42.467
19.11.2021 19:51:33,-42.108,305.389,527.984,488.647,490.142,-0.242,-42.329
19.11.2021 19:51:34,-42.008,305.786,528.594,488.952,491.210,-0.365,-42.319
19.11.2021 19:51:35,-41.905,307.067,528.808,489.715,491.149,-0.231,-42.041
19.11.2021 19:51:36,-41.802,307.556,529.052,490.234,492.492,-0.364,-41.958
19.11.2021 19:51:37,-41.706,308.105,530.212,490.966,492.645,-0.270,-41.987
19.11.2021 19:51:38,-41.608,309.265,530.212,491.882,493.469,-0.255,-41.710
19.11.2021 19:51:39,-41.505,309.448,531.066,491.760,494.354,-0.416,-41.786
19.11.2021 19:51:40,-41.407,310.546,531.066,493.103,494.842,-0.279,-41.524
19.11.2021 19:51:41,-41.307,310.577,532.012,493.804,495.086,-0.205,-41.648
19.11.2021 19:51:42,-41.209,311.767,532.562,493.927,496.093,-0.346,-41.442
19.11.2021 19:51:43,-41.106,312.103,532.440,494.873,496.734,-0.297,-41.346
19.11.2021 19:51:44,-41.005,312.957,533.386,495.330,497.131,-0.287,-41.275
19.11.2021 19:51:45,-40.897,313.812,533.752,496.215,497.650,-0.228,-41.124
19.11.2021 19:51:46,-40.799,313.781,534.515,496.490,498.352,-0.296,-41.237
19.11.2021 19:51:47,-40.709,314.788,535.125,497.406,499.542,-0.339,-41.084
19.11.2021 19:51:48,-40.608,315.124,535.522,497.467,499.481,-0.320,-41.060
19.11.2021 19:51:49,-40.505,315.521,536.254,498.077,500.244,-0.343,-41.068
19.11.2021 19:51:50,-40.405,316.284,536.804,499.084,500.549,-0.232,-40.966
19.11.2021 19:51:51,-40.307,316.558,536.926,499.176,501.281,-0.333,-40.918
19.11.2021 19:51:52,-40.204,317.230,537.902,500.396,501.831,-0.226,-40.896
19.11.2021 19:51:53,-40.106,317.443,538.726,500.305,502.563,-0.356,-40.959
19.11.2021 19:51:54,-40.005,318.237,539.093,501.190,503.234,-0.322,-40.825
19.11.2021 19:51:55,-39.902,318.634,539.581,502.136,503.784,-0.259,-40.800
19.11.2021 19:51:56,-39.802,319.458,540.679,502.288,504.364,-0.326,-40.759
19.11.2021 19:51:57,-39.709,319.976,541.107,503.387,505.096,-0.268,-40.698
19.11.2021 19:51:58,-39.603,320.495,541.992,503.356,505.706,-0.369,-40.699
19.11.2021 19:51:59,-39.508,321.319,542.572,504.241,506.378,-0.334,-40.588
19.11.2021 19:52:00,-39.407,321.380,542.968,505.096,506.774,-0.262,-40.628
19.11.2021 19:52:01,-39.292,322.479,543.609,505.218,507.202,-0.310,-40.462
19.11.2021 19:52:02,-39.201,323.089,544.616,506.042,507.965,-0.300,-40.459
19.11.2021 19:52:03,-39.103,323.028,544.647,506.439,508.209,-0.276,-40.478
19.11.2021 19:52:04,-39.008,324.127,545.288,507.324,508.972,-0.256,-40.313
19.11.2021 19:52:05,-38.905,324.584,545.989,507.446,509.490,-0.318,-40.304
19.11.2021 19:52:06,-38.792,325.103,546.447,508.392,510.437,-0.318,-40.248
19.11.2021 19:52:07,-38.704,325.286,547.058,508.911,510.406,-0.232,-40.289
19.11.2021 19:52:08,-38.606,325.897,547.027,509.155,510.894,-0.270,-40.145
19.11.2021 19:52:09,-38.505,327.026,547.790,509.918,512.207,-0.354,-39.992
19.11.2021 19:52:10,-38.405,327.545,548.187,510.681,512.298,-0.250,-39.928
19.11.2021 19:52:11,-38.299,327.331,549.194,510.986,513.549,-0.396,-40.113
19.11.2021 19:52:12,-38.206,328.186,550.140,511.749,513.763,-0.311,-40.047
19.11.2021 19:52:13,-38.108,329.101,550.354,512.542,514.587,-0.315,-39.869
19.11.2021 19:52:14,-38.003,329.803,550.689,513.183,515.136,-0.301,-39.756
19.11.2021 19:52:15,-37.905,330.352,551.116,513.183,515.594,-0.371,-39.690
19.11.2021 19:52:16,-37.799,330.932,551.696,514.526,516.052,-0.234,-39.638
19.11.2021 19:52:17,-37.706,331.359,551.940,514.831,517.059,-0.342,-39.575
19.11.2021 19:52:18,-37.608,332.489,552.673,515.106,517.150,-0.313,-39.421
19.11.2021 19:52:19,-37.500,332.794,552.917,515.533,518.127,-0.397,-39.386
19.11.2021 19:52:20,-37.407,333.496,553.375,516.082,518.066,-0.303,-39.291
19.11.2021 19:52:21,-37.302,334.625,554.016,517.181,518.493,-0.200,-39.125
19.11.2021 19:52:22,-37.206,334.289,554.382,517.303,519.622,-0.354,-39.249
19.11.2021 19:52:23,-37.106,335.205,555.023,518.005,519.592,-0.242,-39.132
19.11.2021 19:52:24,-37.005,336.303,555.114,518.402,520.263,-0.284,-38.900
19.11.2021 19:52:25,-36.892,336.791,555.694,518.768,520.996,-0.339,-38.870
19.11.2021 19:52:26,-36.802,337.554,555.816,519.378,521.759,-0.362,-38.718
19.11.2021 19:52:27,-36.704,337.677,556.549,519.744,521.972,-0.338,-38.789
19.11.2021 19:52:28,-36.603,338.562,556.915,520.385,522.491,-0.319,-38.643
19.11.2021 19:52:29,-36.498,339.050,557.373,520.538,522.766,-0.338,-38.597
19.11.2021 19:52:30,-36.407,339.691,557.434,520.874,523.284,-0.365,-38.464
19.11.2021 19:52:31,-36.307,340.240,557.678,521.453,523.437,-0.300,-38.376
19.11.2021 19:52:33,-36.209,341.064,558.593,521.942,523.956,-0.305,-38.318
19.11.2021 19:52:34,-36.096,341.857,558.288,522.430,524.291,-0.281,-38.104
19.11.2021 19:52:35,-36.000,342.163,557.983,523.071,525.054,-0.299,-37.997
19.11.2021 19:52:36,-35.905,342.559,558.593,523.071,525.146,-0.313,-37.992
19.11.2021 19:52:37,-35.794,342.742,558.807,523.773,525.756,-0.299,-37.980
19.11.2021 19:52:38,-35.704,343.780,558.807,524.078,525.817,-0.262,-37.754
19.11.2021 19:52:39,-35.601,343.963,558.807,524.475,526.458,-0.299,-37.715
19.11.2021 19:52:40,-35.508,344.696,559.020,524.719,526.824,-0.317,-37.584
19.11.2021 19:52:41,-35.397,345.214,559.204,525.146,527.191,-0.307,-37.496
19.11.2021 19:52:42,-35.302,345.733,559.143,525.299,527.343,-0.307,-37.376
19.11.2021 19:52:43,-35.204,345.703,559.661,525.817,527.801,-0.298,-37.452
19.11.2021 19:52:44,-35.101,346.893,559.387,526.275,528.076,-0.270,-37.158
19.11.2021 19:52:45,-35.003,347.045,559.722,526.489,528.320,-0.275,-37.170
19.11.2021 19:52:46,-34.905,347.595,559.906,526.489,528.686,-0.330,-37.076
19.11.2021 19:52:47,-34.799,348.297,560.821,526.885,528.442,-0.233,-37.047
19.11.2021 19:52:48,-34.706,348.754,560.363,526.397,529.144,-0.412,-36.887
19.11.2021 19:52:49,-34.596,349.029,560.485,527.618,529.205,-0.237,-36.845
19.11.2021 19:52:50,-34.505,349.365,560.974,527.313,529.846,-0.379,-36.838
19.11.2021 19:52:51,-34.402,349.700,561.279,527.832,529.724,-0.283,-36.807
19.11.2021 19:52:52,-34.302,350.616,561.828,528.045,530.487,-0.365,-36.684
19.11.2021 19:52:53,-34.206,350.708,561.859,528.472,530.395,-0.287,-36.669
19.11.2021 19:52:54,-34.096,350.738,562.316,528.533,530.700,-0.324,-36.723
19.11.2021 19:52:55,-33.998,351.348,562.408,528.625,530.944,-0.346,-36.605
19.11.2021 19:52:56,-33.900,351.867,563.079,529.235,530.700,-0.219,-36.584
19.11.2021 19:52:57,-33.799,352.111,563.354,528.778,531.311,-0.378,-36.568
19.11.2021 19:52:58,-33.706,352.752,563.690,529.541,531.494,-0.291,-36.476
19.11.2021 19:52:59,-33.606,352.935,563.995,529.724,531.616,-0.282,-36.478
19.11.2021 19:53:00,-33.498,353.485,564.636,529.602,531.646,-0.305,-36.447
19.11.2021 19:53:01,-33.395,353.637,564.910,530.334,531.951,-0.241,-36.451
19.11.2021 19:53:02,-33.307,354.125,564.941,530.303,531.890,-0.236,-36.351
19.11.2021 19:53:03,-33.201,354.736,564.819,530.578,532.318,-0.259,-36.206
19.11.2021 19:53:04,-33.098,354.614,565.673,530.853,532.287,-0.213,-36.345
19.11.2021 19:53:05,-32.995,355.743,565.551,530.395,532.592,-0.327,-36.090
19.11.2021 19:53:06,-32.907,356.048,565.948,530.914,532.470,-0.231,-36.078
19.11.2021 19:53:07,-32.797,355.987,566.772,530.883,532.623,-0.259,-36.201
19.11.2021 19:53:08,-32.709,356.842,566.497,531.707,532.897,-0.177,-35.984
19.11.2021 19:53:09,-32.596,357.452,566.772,531.188,533.264,-0.308,-35.892
19.11.2021 19:53:10,-32.505,357.727,566.833,531.402,533.508,-0.313,-35.842
19.11.2021 19:53:11,-32.392,358.154,567.047,531.738,533.447,-0.254,-35.781
19.11.2021 19:53:12,-32.304,358.581,567.260,531.524,533.386,-0.277,-35.720
19.11.2021 19:53:13,-32.196,359.100,566.833,531.860,533.355,-0.222,-35.554
19.11.2021 19:53:14,-32.103,359.039,567.169,531.738,533.599,-0.276,-35.611
19.11.2021 19:53:15,-32.000,359.985,567.108,532.073,534.179,-0.312,-35.405
19.11.2021 19:53:16,-31.900,360.656,567.321,531.890,533.752,-0.276,-35.293
19.11.2021 19:53:17,-31.794,361.175,567.443,532.348,533.813,-0.217,-35.201
19.11.2021 19:53:18,-31.699,361.694,568.054,532.318,534.057,-0.258,-35.174
19.11.2021 19:53:19,-31.606,362.030,567.871,532.623,534.332,-0.253,-35.080
19.11.2021 19:53:20,-31.498,362.976,567.993,532.745,534.179,-0.213,-34.899
19.11.2021 19:53:21,-31.402,362.792,567.749,532.531,534.179,-0.244,-34.905
19.11.2021 19:53:22,-31.304,363.800,568.328,532.623,535.034,-0.357,-34.773
19.11.2021 19:53:23,-31.199,363.983,568.328,533.081,534.759,-0.249,-34.735
19.11.2021 19:53:24,-31.101,364.318,568.115,533.081,534.606,-0.226,-34.637
19.11.2021 19:53:25,-30.993,364.532,568.115,532.775,534.545,-0.262,-34.593
19.11.2021 19:53:26,-30.897,365.417,568.176,533.020,535.064,-0.303,-34.418
19.11.2021 19:53:27,-30.792,365.722,567.901,533.325,534.820,-0.221,-34.318
19.11.2021 19:53:28,-30.694,365.722,568.145,533.111,535.003,-0.280,-34.351
19.11.2021 19:53:29,-30.596,366.668,568.115,533.386,535.217,-0.271,-34.152
19.11.2021 19:53:30,-30.503,367.156,567.687,533.813,534.851,-0.153,-33.994
19.11.2021 19:53:31,-30.407,367.034,568.267,533.508,535.369,-0.276,-34.097
19.11.2021 19:53:32,-30.297,368.041,567.810,533.752,535.247,-0.221,-33.829
19.11.2021 19:53:33,-30.209,368.225,567.993,533.905,535.797,-0.280,-33.815
19.11.2021 19:53:34,-30.108,369.018,567.962,534.057,535.614,-0.230,-33.648
19.11.2021 19:53:35,-30.000,369.171,567.871,534.088,535.461,-0.203,-33.605
19.11.2021 19:53:36,-29.902,369.628,567.840,533.599,535.644,-0.303,-33.507
19.11.2021 19:53:37,-29.802,369.903,567.291,534.210,535.858,-0.244,-33.378
19.11.2021 19:53:38,-29.701,370.758,567.504,534.362,535.644,-0.189,-33.231
19.11.2021 19:53:39,-29.596,371.276,566.955,534.484,536.254,-0.261,-33.052
19.11.2021 19:53:40,-29.505,371.307,567.108,533.966,535.919,-0.289,-33.066
19.11.2021 19:53:41,-29.397,371.765,566.802,534.729,536.041,-0.194,-32.932
19.11.2021 19:53:42,-29.297,372.131,566.894,535.034,536.254,-0.180,-32.870
19.11.2021 19:53:43,-29.204,372.772,566.711,534.851,536.437,-0.234,-32.715
19.11.2021 19:53:44,-29.101,373.107,566.162,535.186,536.590,-0.207,-32.573
19.11.2021 19:53:45,-29.008,373.535,566.223,534.851,536.529,-0.248,-32.494
19.11.2021 19:53:46,-28.907,373.901,566.192,535.461,536.529,-0.157,-32.415
19.11.2021 19:53:47,-28.804,374.298,565.765,535.675,536.834,-0.171,-32.278
19.11.2021 19:53:48,-28.709,374.786,565.734,535.491,537.292,-0.265,-32.174
19.11.2021 19:53:49,-28.608,375.091,565.429,535.583,536.987,-0.207,-32.072
19.11.2021 19:53:50,-28.508,375.488,565.887,535.522,537.414,-0.279,-32.053
19.11.2021 19:53:51,-28.407,376.464,565.185,535.827,537.078,-0.184,-31.761
19.11.2021 19:53:52,-28.299,376.708,565.612,535.858,536.895,-0.153,-31.769
19.11.2021 19:53:53,-28.196,377.014,565.704,535.919,536.834,-0.135,-31.720
19.11.2021 19:53:54,-28.103,377.471,566.009,535.949,536.834,-0.130,-31.669
19.11.2021 19:53:55,-28.008,377.929,565.490,536.132,537.139,-0.148,-31.507
19.11.2021 19:53:56,-27.907,378.143,565.734,536.224,537.078,-0.126,-31.496
19.11.2021 19:53:57,-27.797,378.631,565.826,536.376,537.475,-0.162,-31.411
19.11.2021 19:53:58,-27.704,379.119,566.101,535.980,537.475,-0.220,-31.349
19.11.2021 19:53:59,-27.598,379.241,565.887,536.682,537.353,-0.099,-31.296
19.11.2021 19:54:00,-27.500,379.577,566.436,536.437,537.872,-0.211,-31.303
19.11.2021 19:54:01,-27.405,380.249,566.345,537.078,537.658,-0.085,-31.156
19.11.2021 19:54:02,-27.299,380.493,565.917,536.743,537.841,-0.162,-31.049
19.11.2021 19:54:03,-27.196,381.134,566.162,536.743,538.055,-0.193,-30.954
19.11.2021 19:54:04,-27.108,381.683,566.284,537.536,537.933,-0.058,-30.861
19.11.2021 19:54:05,-27.005,381.866,566.497,537.078,538.299,-0.179,-30.853
19.11.2021 19:54:06,-26.907,382.171,566.223,537.506,538.116,-0.089,-30.755
19.11.2021 19:54:07,-26.797,382.934,566.436,537.567,538.543,-0.143,-30.632
19.11.2021 19:54:08,-26.706,383.483,566.192,537.750,538.269,-0.076,-30.489
19.11.2021 19:54:09,-26.598,383.544,566.253,537.841,538.635,-0.116,-30.485
19.11.2021 19:54:10,-26.500,384.490,565.979,537.536,538.818,-0.188,-30.260
19.11.2021 19:54:11,-26.405,384.674,565.826,538.208,538.757,-0.080,-30.203
19.11.2021 19:54:12,-26.302,385.406,565.979,538.146,539.367,-0.179,-30.079
19.11.2021 19:54:13,-26.209,385.864,565.887,538.208,539.367,-0.170,-29.976
19.11.2021 19:54:14,-26.106,386.444,565.948,538.208,539.825,-0.237,-29.869
19.11.2021 19:54:15,-26.008,387.329,566.162,538.726,540.100,-0.201,-29.723
19.11.2021 19:54:16,-25.907,387.725,565.582,538.696,539.764,-0.156,-29.566
19.11.2021 19:54:18,-25.802,388.275,566.162,538.787,539.947,-0.170,-29.537
19.11.2021 19:54:19,-25.699,388.702,565.521,538.970,539.855,-0.130,-29.366
19.11.2021 19:54:20,-25.608,389.556,565.490,538.940,540.130,-0.174,-29.194
19.11.2021 19:54:21,-25.508,389.862,565.612,539.611,540.344,-0.107,-29.150
19.11.2021 19:54:22,-25.392,390.716,565.673,539.825,540.679,-0.125,-28.991
19.11.2021 19:54:23,-25.302,391.265,565.185,539.245,540.740,-0.219,-28.817
19.11.2021 19:54:24,-25.209,391.662,564.788,539.825,540.557,-0.107,-28.686
19.11.2021 19:54:25,-25.098,392.089,564.666,540.069,540.863,-0.116,-28.585
19.11.2021 19:54:26,-25.005,393.463,564.941,540.100,541.015,-0.134,-28.355
19.11.2021 19:54:27,-24.897,393.707,564.910,540.100,541.015,-0.134,-28.303
19.11.2021 19:54:28,-24.799,394.500,564.727,540.161,541.442,-0.187,-28.124
19.11.2021 19:54:29,-24.696,394.622,564.208,540.069,541.290,-0.178,-28.029
19.11.2021 19:54:30,-24.606,395.416,564.147,540.405,541.503,-0.160,-27.867
19.11.2021 19:54:31,-24.500,396.118,564.086,540.954,541.595,-0.093,-27.722
19.11.2021 19:54:32,-24.402,396.606,563.659,540.710,541.809,-0.160,-27.569
19.11.2021 19:54:33,-24.307,397.338,563.629,541.198,542.144,-0.138,-27.423
19.11.2021 19:54:34,-24.201,397.735,563.415,541.198,541.900,-0.102,-27.317
19.11.2021 19:54:35,-24.101,398.406,563.049,541.259,542.175,-0.133,-27.138
19.11.2021 19:54:36,-24.008,398.590,562.988,541.381,541.870,-0.071,-27.094
19.11.2021 19:54:37,-23.907,399.810,562.957,541.473,542.297,-0.120,-26.855
19.11.2021 19:54:38,-23.804,400.482,562.316,541.748,542.572,-0.120,-26.638
19.11.2021 19:54:39,-23.709,401.092,562.316,541.381,542.510,-0.165,-26.521
19.11.2021 19:54:40,-23.596,401.367,561.828,542.236,542.663,-0.062,-26.401
19.11.2021 19:54:41,-23.498,402.526,561.920,541.961,542.572,-0.089,-26.191
19.11.2021 19:54:42,-23.392,402.770,561.553,542.022,543.243,-0.178,-26.094
19.11.2021 19:54:43,-23.299,403.320,561.340,542.785,543.304,-0.075,-25.960
19.11.2021 19:54:44,-23.201,403.503,561.340,542.236,543.151,-0.133,-25.925
19.11.2021 19:54:45,-23.106,404.541,560.729,542.510,543.395,-0.129,-25.643
19.11.2021 19:54:46,-22.998,404.602,560.028,542.541,543.518,-0.142,-25.534
19.11.2021 19:54:47,-22.897,405.487,560.150,542.785,543.487,-0.102,-25.383
19.11.2021 19:54:48,-22.802,405.426,559.600,542.327,543.457,-0.164,-25.318
19.11.2021 19:54:49,-22.704,406.494,559.570,543.029,543.518,-0.071,-25.111
19.11.2021 19:54:50,-22.601,407.562,559.020,542.907,543.792,-0.129,-24.832
19.11.2021 19:54:51,-22.505,407.928,559.417,542.510,543.762,-0.182,-24.818
19.11.2021 19:54:52,-22.400,408.142,558.898,543.029,543.334,-0.044,-24.706
19.11.2021 19:54:53,-22.299,408.996,558.959,542.633,543.518,-0.129,-24.552
19.11.2021 19:54:54,-22.196,409.362,558.990,542.816,543.914,-0.160,-24.487
19.11.2021 19:54:55,-22.106,410.095,557.983,543.090,543.518,-0.062,-24.209
19.11.2021 19:54:56,-22.005,410.491,558.532,543.395,543.731,-0.048,-24.211
19.11.2021 19:54:57,-21.907,411.163,558.105,543.273,543.273,0.000,-24.025
19.11.2021 19:54:58,-21.807,411.651,557.678,542.846,543.853,-0.146,-23.874
19.11.2021 19:54:59,-21.704,412.536,557.739,543.060,543.975,-0.133,-23.716
19.11.2021 19:55:00,-21.608,412.902,557.739,543.823,543.975,-0.022,-23.647
19.11.2021 19:55:01,-21.500,413.604,557.556,543.151,543.914,-0.111,-23.490
19.11.2021 19:55:02,-21.407,413.940,557.312,543.365,543.884,-0.075,-23.393
19.11.2021 19:55:03,-21.307,414.367,557.434,543.121,544.036,-0.133,-23.330
19.11.2021 19:55:04,-21.206,415.069,557.464,542.938,543.945,-0.146,-23.203
19.11.2021 19:55:05,-21.103,415.588,557.159,543.365,543.640,-0.040,-23.064
19.11.2021 19:55:06,-20.998,415.893,556.854,543.090,543.823,-0.106,-22.965
19.11.2021 19:55:07,-20.897,416.656,556.701,543.426,543.426,0.000,-22.801
19.11.2021 19:55:08,-20.797,417.633,555.999,543.060,543.945,-0.129,-22.522
19.11.2021 19:55:09,-20.704,418.212,556.060,543.304,544.097,-0.115,-22.422
19.11.2021 19:55:10,-20.598,418.609,556.060,542.938,544.128,-0.173,-22.349
19.11.2021 19:55:11,-20.493,419.158,556.671,543.670,543.975,-0.044,-22.332
19.11.2021 19:55:12,-20.395,419.464,555.450,543.060,544.067,-0.146,-22.105
19.11.2021 19:55:13,-20.297,420.166,555.603,542.785,543.548,-0.111,-21.996
19.11.2021 19:55:14,-20.196,421.112,555.053,542.968,543.518,-0.080,-21.745
19.11.2021 19:55:15,-20.093,421.600,554.443,542.907,543.792,-0.129,-21.569
19.11.2021 19:55:16,-19.995,422.149,554.229,543.151,543.334,-0.026,-21.438
19.11.2021 19:55:17,-19.895,422.576,554.321,542.724,543.334,-0.089,-21.372
19.11.2021 19:55:18,-19.797,423.278,553.771,542.144,543.487,-0.196,-21.166
19.11.2021 19:55:19,-19.696,424.560,553.253,542.327,543.365,-0.151,-20.857
19.11.2021 19:55:20,-19.598,425.231,553.436,542.327,543.060,-0.106,-20.760
19.11.2021 19:55:21,-19.493,425.750,552.917,542.266,543.273,-0.147,-20.592
19.11.2021 19:55:22,-19.395,426.361,552.734,542.114,542.968,-0.124,-20.455
19.11.2021 19:55:23,-19.292,426.940,552.459,542.144,542.724,-0.084,-20.310
19.11.2021 19:55:24,-19.196,427.673,552.093,542.022,542.327,-0.044,-20.125
19.11.2021 19:55:25,-19.093,428.497,552.001,542.114,542.266,-0.022,-19.962
19.11.2021 19:55:26,-18.995,429.138,551.452,541.900,542.205,-0.044,-19.767
19.11.2021 19:55:27,-18.907,429.840,551.452,541.687,542.297,-0.089,-19.640
19.11.2021 19:55:28,-18.802,430.358,551.208,541.259,541.778,-0.075,-19.511
19.11.2021 19:55:29,-18.706,430.938,550.628,541.595,541.809,-0.031,-19.324
19.11.2021 19:55:30,-18.598,431.365,550.628,541.412,541.961,-0.080,-19.247
19.11.2021 19:55:31,-18.503,432.098,549.743,541.564,541.870,-0.044,-18.989
19.11.2021 19:55:32,-18.397,432.800,549.224,541.290,542.022,-0.107,-18.788
19.11.2021 19:55:33,-18.302,433.441,548.858,541.229,541.351,-0.017,-18.620
19.11.2021 19:55:34,-18.196,433.868,548.706,541.229,541.748,-0.075,-18.522
19.11.2021 19:55:35,-18.096,434.295,547.943,541.046,541.748,-0.102,-18.336
19.11.2021 19:55:36,-17.998,434.936,547.515,540.832,541.107,-0.040,-18.160
19.11.2021 19:55:37,-17.907,435.577,547.058,540.283,541.229,-0.138,-17.979
19.11.2021 19:55:38,-17.797,435.821,546.447,540.740,540.679,0.008,-17.848
19.11.2021 19:55:39,-17.699,436.309,545.959,540.313,540.466,-0.022,-17.690
19.11.2021 19:55:40,-17.598,436.706,544.891,539.703,540.435,-0.107,-17.466
19.11.2021 19:55:41,-17.508,437.194,544.616,539.978,540.771,-0.116,-17.339
19.11.2021 19:55:42,-17.400,437.408,544.189,539.276,540.344,-0.156,-17.239
19.11.2021 19:55:43,-17.299,438.507,543.365,539.550,540.191,-0.094,-16.924
19.11.2021 19:55:44,-17.194,438.690,543.670,539.093,539.672,-0.085,-16.935
19.11.2021 19:55:45,-17.108,439.178,542.510,538.879,539.764,-0.130,-16.681
19.11.2021 19:55:46,-16.998,439.361,542.236,538.940,539.245,-0.044,-16.609
19.11.2021 19:55:47,-16.907,440.063,541.992,538.482,539.062,-0.085,-16.448
19.11.2021 19:55:48,-16.799,440.124,541.259,538.421,538.604,-0.026,-16.331
19.11.2021 19:55:49,-16.699,440.704,541.076,538.116,538.696,-0.085,-16.202
19.11.2021 19:55:50,-16.601,440.979,540.557,537.841,538.116,-0.040,-16.077
19.11.2021 19:55:51,-16.503,441.680,540.283,537.384,537.902,-0.076,-15.913
19.11.2021 19:55:52,-16.392,442.138,539.520,537.414,537.933,-0.076,-15.721
19.11.2021 19:55:53,-16.297,442.199,539.276,537.292,537.841,-0.080,-15.674
19.11.2021 19:55:54,-16.196,442.718,539.001,536.987,537.200,-0.031,-15.542
19.11.2021 19:55:55,-16.103,443.084,538.452,536.590,537.231,-0.094,-15.397
19.11.2021 19:55:56,-16.003,443.450,538.299,536.621,537.109,-0.072,-15.310
19.11.2021 19:55:57,-15.897,443.634,537.902,536.224,536.590,-0.054,-15.220
19.11.2021 19:55:58,-15.799,444.061,537.841,535.888,536.041,-0.022,-15.136
19.11.2021 19:55:59,-15.701,444.519,537.597,536.041,536.071,-0.004,-15.019
19.11.2021 19:56:00,-15.598,444.580,537.170,535.675,535.858,-0.027,-14.946
19.11.2021 19:56:01,-15.500,445.037,536.712,534.942,535.186,-0.036,-14.798
19.11.2021 19:56:02,-15.405,445.526,536.621,535.247,535.095,0.022,-14.699
19.11.2021 19:56:04,-15.292,445.800,536.346,534.515,535.247,-0.108,-14.610
19.11.2021 19:56:05,-15.206,446.105,535.736,534.820,535.095,-0.040,-14.467
19.11.2021 19:56:06,-15.108,446.197,535.644,534.484,534.759,-0.040,-14.437
19.11.2021 19:56:07,-15.008,447.021,534.912,534.271,534.942,-0.099,-14.185
19.11.2021 19:56:08,-14.897,446.960,534.576,534.332,534.240,0.013,-14.146
19.11.2021 19:56:09,-14.792,446.929,534.027,533.813,534.698,-0.131,-14.070
19.11.2021 19:56:10,-14.699,447.479,533.843,533.966,534.088,-0.018,-13.947
19.11.2021 19:56:11,-14.606,447.845,533.935,533.264,533.630,-0.054,-13.896
19.11.2021 19:56:12,-14.503,448.425,532.806,533.111,534.118,-0.149,-13.628
19.11.2021 19:56:13,-14.392,448.944,532.928,532.958,532.958,0.000,-13.555
19.11.2021 19:56:14,-14.294,448.608,532.379,532.592,532.958,-0.054,-13.533
19.11.2021 19:56:15,-14.199,449.462,531.951,532.348,532.531,-0.027,-13.320
19.11.2021 19:56:16,-14.098,449.768,532.073,531.860,532.348,-0.072,-13.284
19.11.2021 19:56:17,-14.008,449.829,530.975,531.646,532.226,-0.086,-13.111
19.11.2021 19:56:18,-13.895,450.378,530.975,531.250,531.555,-0.045,-13.015
19.11.2021 19:56:19,-13.797,450.561,530.914,530.975,531.616,-0.095,-12.974
19.11.2021 19:56:20,-13.709,451.263,530.334,530.700,531.463,-0.113,-12.765
19.11.2021 19:56:21,-13.603,451.141,530.181,530.456,531.066,-0.091,-12.764
19.11.2021 19:56:22,-13.498,451.843,529.418,530.548,530.914,-0.054,-12.528
19.11.2021 19:56:23,-13.392,452.117,529.876,530.639,530.334,0.045,-12.549
19.11.2021 19:56:24,-13.307,452.850,529.205,529.998,530.303,-0.045,-12.321
19.11.2021 19:56:25,-13.209,452.972,528.930,530.151,529.785,0.054,-12.259
19.11.2021 19:56:26,-13.106,453.582,528.472,529.846,529.785,0.009,-12.085
19.11.2021 19:56:27,-13.000,453.948,527.740,529.510,529.327,0.027,-11.912
19.11.2021 19:56:28,-12.895,454.010,527.404,528.900,529.449,-0.082,-11.851
19.11.2021 19:56:29,-12.802,454.528,527.160,528.869,529.144,-0.041,-11.725
19.11.2021 19:56:30,-12.699,455.108,526.977,528.381,528.717,-0.050,-11.597
19.11.2021 19:56:31,-12.606,455.413,525.970,528.167,528.839,-0.100,-11.393
19.11.2021 19:56:32,-12.505,455.688,525.512,528.106,528.137,-0.004,-11.277
19.11.2021 19:56:33,-12.397,456.207,525.299,527.709,527.893,-0.027,-11.155
19.11.2021 19:56:34,-12.299,456.451,524.841,527.862,527.618,0.036,-11.044
19.11.2021 19:56:35,-12.201,456.848,524.383,527.160,527.435,-0.041,-10.907
19.11.2021 19:56:36,-12.106,457.611,523.406,527.130,527.160,-0.004,-10.629
19.11.2021 19:56:37,-12.003,457.427,522.979,526.855,526.672,0.027,-10.596
19.11.2021 19:56:38,-11.905,458.343,522.552,526.641,526.397,0.036,-10.373
19.11.2021 19:56:39,-11.804,458.129,522.155,526.214,526.092,0.018,-10.350
19.11.2021 19:56:40,-11.694,458.892,521.209,525.665,526.428,-0.114,-10.076
19.11.2021 19:56:41,-11.601,459.411,520.751,525.573,525.512,0.009,-9.917
19.11.2021 19:56:42,-11.495,459.136,520.385,525.390,525.421,-0.004,-9.909
19.11.2021 19:56:43,-11.400,459.686,519.683,524.627,525.207,-0.087,-9.708
19.11.2021 19:56:44,-11.299,460.113,519.348,524.871,524.688,0.027,-9.584
19.11.2021 19:56:45,-11.204,460.601,518.341,524.536,525.146,-0.092,-9.347
19.11.2021 19:56:46,-11.101,460.418,518.463,524.383,524.505,-0.018,-9.397
19.11.2021 19:56:47,-11.008,460.357,517.456,524.047,524.444,-0.059,-9.254
19.11.2021 19:56:48,-10.900,461.029,517.120,524.169,523.925,0.036,-9.087
19.11.2021 19:56:49,-10.799,460.784,516.754,523.406,523.681,-0.041,-9.073
19.11.2021 19:56:50,-10.701,461.425,516.082,523.376,523.437,-0.009,-8.861
19.11.2021 19:56:51,-10.596,461.029,515.289,523.071,523.406,-0.050,-8.807
19.11.2021 19:56:52,-10.508,461.517,515.319,523.010,523.284,-0.041,-8.728
19.11.2021 19:56:53,-10.395,461.395,514.862,522.277,523.376,-0.166,-8.679
19.11.2021 19:56:54,-10.297,461.914,514.343,522.277,522.552,-0.041,-8.510
19.11.2021 19:56:55,-10.199,461.639,513.946,522.155,522.338,-0.027,-8.497
19.11.2021 19:56:56,-10.093,462.219,513.732,521.575,521.911,-0.050,-8.364
19.11.2021 19:56:57,-10.000,462.005,513.336,521.789,521.697,0.013,-8.340
19.11.2021 19:56:58,-9.907,462.402,513.366,521.362,521.697,-0.051,-8.277
19.11.2021 19:56:59,-9.797,462.921,512.420,520.843,521.392,-0.083,-8.042
19.11.2021 19:57:00,-9.699,462.036,512.268,520.477,521.087,-0.092,-8.170
19.11.2021 19:57:01,-9.593,462.432,512.512,520.904,520.843,0.009,-8.140
19.11.2021 19:57:02,-9.505,463.043,511.749,520.294,520.507,-0.032,-7.918
19.11.2021 19:57:03,-9.405,462.921,511.169,520.660,520.538,0.018,-7.849
19.11.2021 19:57:04,-9.304,463.226,511.535,519.927,520.172,-0.037,-7.854
19.11.2021 19:57:05,-9.201,464.050,510.620,519.927,519.927,0.000,-7.572
19.11.2021 19:57:06,-9.106,463.897,510.253,520.050,519.958,0.013,-7.541
19.11.2021 19:57:07,-8.995,464.019,510.620,519.409,519.744,-0.051,-7.577
19.11.2021 19:57:08,-8.907,464.294,509.643,519.317,519.348,-0.004,-7.379
19.11.2021 19:57:09,-8.807,464.477,509.338,518.615,519.042,-0.065,-7.300
19.11.2021 19:57:10,-8.709,464.843,509.185,518.890,518.737,0.023,-7.214
19.11.2021 19:57:11,-8.606,464.691,509.094,518.432,518.859,-0.065,-7.226
19.11.2021 19:57:12,-8.498,464.965,508.605,518.371,518.341,0.004,-7.103
19.11.2021 19:57:13,-8.395,464.996,508.148,517.761,518.127,-0.056,-7.027
19.11.2021 19:57:14,-8.297,465.545,508.026,518.066,517.913,0.023,-6.914
19.11.2021 19:57:15,-8.201,465.545,508.056,517.669,517.913,-0.037,-6.919
19.11.2021 19:57:16,-8.098,465.576,507.843,517.486,518.005,-0.079,-6.881
19.11.2021 19:57:17,-8.000,465.881,507.019,517.639,517.517,0.018,-6.701
19.11.2021 19:57:18,-7.897,465.911,506.988,517.395,517.089,0.046,-6.691
19.11.2021 19:57:19,-7.799,465.911,506.439,517.364,517.333,0.004,-6.605
19.11.2021 19:57:20,-7.704,465.820,506.378,516.784,517.303,-0.079,-6.611
19.11.2021 19:57:21,-7.598,466.918,505.981,516.326,516.693,-0.056,-6.363
19.11.2021 19:57:22,-7.505,466.613,505.889,516.448,516.326,0.018,-6.400
19.11.2021 19:57:23,-7.402,466.766,505.401,516.448,515.960,0.074,-6.298
19.11.2021 19:57:24,-7.297,466.827,505.157,516.204,515.991,0.032,-6.249
19.11.2021 19:57:25,-7.199,466.888,504.394,515.747,516.174,-0.065,-6.119
19.11.2021 19:57:26,-7.103,466.979,504.669,515.594,515.808,-0.032,-6.147
19.11.2021 19:57:27,-7.003,467.956,504.119,516.113,515.838,0.042,-5.895
19.11.2021 19:57:28,-6.897,468.383,503.845,515.472,515.045,0.065,-5.780
19.11.2021 19:57:29,-6.799,468.353,503.265,515.533,514.892,0.098,-5.694
19.11.2021 19:57:30,-6.706,468.170,502.868,515.533,514.648,0.136,-5.662
19.11.2021 19:57:31,-6.603,468.536,502.838,514.770,514.984,-0.032,-5.596
19.11.2021 19:57:32,-6.503,468.933,502.410,514.923,514.678,0.037,-5.462
19.11.2021 19:57:33,-6.405,469.390,502.105,514.312,514.648,-0.051,-5.336
19.11.2021 19:57:34,-6.307,469.665,501.586,514.770,514.251,0.079,-5.208
19.11.2021 19:57:35,-6.194,469.818,501.281,514.251,514.282,-0.004,-5.134
19.11.2021 19:57:36,-6.108,470.520,500.823,513.916,513.977,-0.009,-4.944
19.11.2021 19:57:37,-6.003,470.489,500.396,513.916,514.007,-0.014,-4.881
19.11.2021 19:57:38,-5.905,470.764,499.694,514.068,514.007,0.009,-4.724
19.11.2021 19:57:39,-5.797,470.947,499.328,513.732,513.519,0.032,-4.635
19.11.2021 19:57:40,-5.704,471.496,499.237,513.427,513.549,-0.018,-4.528
19.11.2021 19:57:41,-5.603,471.588,498.687,513.092,513.549,-0.070,-4.426
19.11.2021 19:57:42,-5.500,472.106,498.199,513.427,513.519,-0.014,-4.261
19.11.2021 19:57:43,-5.402,472.198,497.467,513.244,513.031,0.032,-4.129
19.11.2021 19:57:44,-5.297,472.198,497.222,512.664,512.756,-0.014,-4.090
19.11.2021 19:57:45,-5.206,472.991,496.612,512.939,512.603,0.051,-3.860
19.11.2021 19:57:46,-5.101,472.839,495.941,512.878,513.092,-0.032,-3.779
19.11.2021 19:57:47,-5.003,472.869,495.758,512.695,512.542,0.023,-3.744
19.11.2021 19:57:48,-4.900,473.175,495.758,512.603,512.329,0.042,-3.693
19.11.2021 19:57:50,-4.807,473.449,494.750,512.237,512.573,-0.051,-3.486
19.11.2021 19:57:51,-4.696,473.327,494.964,512.176,511.749,0.066,-3.541
19.11.2021 19:57:52,-4.608,473.724,494.049,511.535,512.176,-0.099,-3.328
19.11.2021 19:57:53,-4.508,473.663,493.743,511.688,511.505,0.028,-3.289
19.11.2021 19:57:54,-4.402,473.999,493.408,511.413,511.718,-0.047,-3.179
19.11.2021 19:57:55,-4.307,473.724,492.980,511.596,511.962,-0.056,-3.156
19.11.2021 19:57:56,-4.199,473.693,492.645,511.260,511.688,-0.066,-3.108
19.11.2021 19:57:57,-4.096,473.815,491.790,510.833,511.260,-0.066,-2.950
19.11.2021 19:57:58,-4.005,473.968,491.943,510.711,511.016,-0.047,-2.949
19.11.2021 19:57:59,-3.907,474.426,491.882,510.833,511.230,-0.061,-2.862
19.11.2021 19:58:00,-3.799,474.426,491.180,510.620,510.711,-0.014,-2.749
19.11.2021 19:58:01,-3.706,474.273,490.905,510.742,510.894,-0.023,-2.730
19.11.2021 19:58:02,-3.603,474.639,491.058,510.772,510.589,0.028,-2.694
19.11.2021 19:58:03,-3.498,474.884,490.417,510.437,511.047,-0.094,-2.550
19.11.2021 19:58:04,-3.400,474.822,490.325,510.314,510.284,0.004,-2.545
19.11.2021 19:58:05,-3.302,475.219,490.081,510.009,510.253,-0.037,-2.439
19.11.2021 19:58:06,-3.199,475.463,490.112,510.070,510.192,-0.018,-2.404
19.11.2021 19:58:07,-3.098,475.830,489.654,510.131,510.192,-0.009,-2.269
19.11.2021 19:58:08,-3.003,476.593,489.562,510.101,509.826,0.042,-2.127
19.11.2021 19:58:09,-2.905,475.555,489.440,509.948,510.070,-0.018,-2.280
19.11.2021 19:58:10,-2.804,476.379,489.074,510.192,509.887,0.047,-2.083
19.11.2021 19:58:11,-2.701,476.104,489.257,509.277,510.437,-0.180,-2.159
19.11.2021 19:58:12,-2.606,476.593,488.983,509.735,509.918,-0.028,-2.033
19.11.2021 19:58:13,-2.500,476.715,488.647,510.131,509.643,0.075,-1.958
19.11.2021 19:58:14,-2.402,476.776,488.769,509.979,509.948,0.004,-1.968
19.11.2021 19:58:15,-2.304,476.959,488.220,510.162,509.613,0.085,-1.849
19.11.2021 19:58:16,-2.204,477.020,488.800,509.613,509.704,-0.014,-1.932
19.11.2021 19:58:17,-2.103,477.478,488.464,509.552,509.674,-0.018,-1.802
19.11.2021 19:58:18,-2.000,477.203,487.335,509.552,509.613,-0.009,-1.664
19.11.2021 19:58:19,-1.902,477.539,487.609,509.521,509.613,-0.014,-1.653
19.11.2021 19:58:20,-1.797,478.027,487.365,509.490,509.429,0.009,-1.532
19.11.2021 19:58:21,-1.709,478.088,486.663,509.735,509.674,0.009,-1.408
19.11.2021 19:58:22,-1.601,477.996,486.694,509.033,509.643,-0.094,-1.428
19.11.2021 19:58:23,-1.500,478.820,486.511,509.582,509.277,0.047,-1.262
19.11.2021 19:58:24,-1.400,478.454,486.450,509.643,509.582,0.009,-1.313
19.11.2021 19:58:25,-1.307,479.339,486.236,509.765,509.368,0.061,-1.131
19.11.2021 19:58:26,-1.209,478.851,485.900,509.552,509.246,0.047,-1.158
19.11.2021 19:58:27,-1.098,479.644,485.687,509.490,509.368,0.018,-0.991
19.11.2021 19:58:28,-0.995,479.583,485.382,509.429,509.277,0.023,-0.952
19.11.2021 19:58:29,-0.895,479.766,485.107,509.277,509.674,-0.061,-0.877
19.11.2021 19:58:30,-0.797,479.949,484.741,509.216,509.460,-0.037,-0.787
19.11.2021 19:58:31,-0.709,480.438,485.076,509.246,509.490,-0.037,-0.761
19.11.2021 19:58:32,-0.606,480.651,484.344,509.277,509.185,0.014,-0.606
19.11.2021 19:58:33,-0.493,480.865,484.313,509.094,509.277,-0.028,-0.566
19.11.2021 19:58:34,-0.397,481.719,484.161,509.246,509.307,-0.009,-0.400
19.11.2021 19:58:35,-0.304,481.628,483.734,509.429,509.582,-0.023,-0.345
19.11.2021 19:58:36,-0.201,481.842,483.581,508.911,509.246,-0.052,-0.285
19.11.2021 19:58:37,-0.096,482.116,483.184,508.758,508.758,0.000,-0.175
19.11.2021 19:58:38,-0.005,482.543,483.245,508.850,509.185,-0.052,-0.115
19.11.2021 19:58:39,0.100,483.062,482.543,509.399,509.033,0.056,0.085
19.11.2021 19:58:40,0.206,483.398,482.513,509.063,509.460,-0.061,0.145
19.11.2021 19:58:41,0.301,483.856,482.116,509.155,509.033,0.018,0.285
19.11.2021 19:58:42,0.404,484.283,481.658,508.758,509.124,-0.057,0.430
19.11.2021 19:58:43,0.502,484.252,481.079,509.124,508.789,0.052,0.521
19.11.2021 19:58:44,0.605,485.168,480.804,508.758,509.490,-0.113,0.715
19.11.2021 19:58:45,0.703,485.046,480.895,509.094,509.033,0.009,0.680
19.11.2021 19:58:46,0.801,485.260,480.163,508.728,509.277,-0.085,0.836
19.11.2021 19:58:47,0.904,485.931,479.980,508.911,509.246,-0.052,0.976
19.11.2021 19:58:48,1.000,486.236,479.827,509.368,509.460,-0.014,1.051
19.11.2021 19:58:49,1.105,486.755,479.248,509.185,509.002,0.028,1.231
19.11.2021 19:58:50,1.203,486.877,478.759,509.277,509.490,-0.033,1.332
19.11.2021 19:58:51,1.301,487.304,478.179,509.246,509.246,0.000,1.497
19.11.2021 19:58:52,1.399,487.426,478.240,509.185,509.765,-0.090,1.507
19.11.2021 19:58:53,1.500,487.792,477.722,509.399,509.674,-0.042,1.653
19.11.2021 19:58:54,1.595,487.609,477.447,509.613,510.040,-0.066,1.668
19.11.2021 19:58:55,1.698,488.372,477.539,509.582,509.613,-0.004,1.777
19.11.2021 19:58:56,1.801,488.464,477.294,509.704,509.887,-0.028,1.832
19.11.2021 19:58:57,1.897,488.494,476.348,509.765,510.040,-0.042,1.995
19.11.2021 19:58:58,2.000,488.769,476.776,509.613,509.735,-0.018,1.968
19.11.2021 19:58:59,2.105,489.074,476.074,509.613,509.948,-0.052,2.134
19.11.2021 19:59:00,2.201,489.074,476.104,509.674,509.826,-0.023,2.129
19.11.2021 19:59:01,2.304,489.410,475.585,509.582,509.918,-0.052,2.270
19.11.2021 19:59:02,2.392,489.776,475.402,510.131,509.582,0.085,2.360
19.11.2021 19:59:03,2.500,489.868,475.280,509.765,509.887,-0.018,2.395
19.11.2021 19:59:04,2.598,489.532,474.884,510.162,510.437,-0.042,2.407
19.11.2021 19:59:05,2.696,490.051,474.975,510.101,510.223,-0.018,2.475
19.11.2021 19:59:06,2.804,490.570,474.822,510.467,510.559,-0.014,2.585
19.11.2021 19:59:07,2.899,490.509,474.426,510.314,510.803,-0.075,2.641
19.11.2021 19:59:08,3.000,490.631,473.815,510.803,510.803,0.000,2.763
19.11.2021 19:59:09,3.103,490.966,474.182,511.047,510.620,0.066,2.756
19.11.2021 19:59:10,3.196,491.180,473.999,510.803,510.742,0.009,2.821
19.11.2021 19:59:11,3.291,491.149,473.602,510.711,510.803,-0.014,2.882
19.11.2021 19:59:12,3.392,491.363,473.632,511.016,510.864,0.023,2.911
19.11.2021 19:59:13,3.497,491.821,473.724,511.352,510.650,0.108,2.970
19.11.2021 19:59:14,3.600,492.126,473.510,511.016,511.474,-0.070,3.055
19.11.2021 19:59:15,3.698,492.187,473.449,511.444,511.291,0.023,3.075
19.11.2021 19:59:16,3.799,492.248,473.571,511.505,511.444,0.009,3.064
19.11.2021 19:59:17,3.899,492.828,473.297,511.749,511.596,0.023,3.203
19.11.2021 19:59:18,3.997,493.316,473.266,511.749,511.688,0.009,3.287
19.11.2021 19:59:19,4.098,493.896,472.656,511.596,511.749,-0.023,3.482
19.11.2021 19:59:20,4.196,493.865,472.900,511.779,512.054,-0.042,3.436
19.11.2021 19:59:21,4.299,493.988,472.656,512.359,511.962,0.061,3.497
19.11.2021 19:59:22,4.397,494.567,472.625,512.237,512.176,0.009,3.595
19.11.2021 19:59:23,4.492,494.781,472.198,512.298,511.932,0.056,3.701
19.11.2021 19:59:24,4.600,494.750,471.984,512.817,512.084,0.113,3.732
19.11.2021 19:59:25,4.703,495.666,472.015,512.908,512.176,0.113,3.873
19.11.2021 19:59:26,4.801,495.910,471.984,512.786,512.756,0.004,3.917
19.11.2021 19:59:27,4.907,496.276,471.923,513.000,512.390,0.094,3.986
19.11.2021 19:59:28,4.995,496.063,471.954,513.092,512.542,0.084,3.946
19.11.2021 19:59:29,5.093,496.765,471.557,513.397,512.756,0.098,4.125
19.11.2021 19:59:30,5.198,497.680,471.527,513.427,513.244,0.028,4.276
19.11.2021 19:59:31,5.299,497.650,471.038,513.488,513.031,0.070,4.353
19.11.2021 19:59:32,5.399,497.955,471.221,513.763,513.427,0.051,4.371
19.11.2021 19:59:33,5.492,498.413,471.191,514.373,513.702,0.103,4.449
19.11.2021 19:59:34,5.600,498.168,470.306,514.068,513.793,0.042,4.559
19.11.2021 19:59:36,5.693,499.114,470.642,514.312,513.763,0.084,4.653
19.11.2021 19:59:37,5.796,499.114,470.428,514.495,514.251,0.037,4.689
19.11.2021 19:59:38,5.904,499.969,470.092,514.862,514.282,0.089,4.880
19.11.2021 19:59:39,6.005,499.908,470.062,514.953,514.282,0.103,4.876
19.11.2021 19:59:40,6.100,500.274,469.482,515.228,514.373,0.131,5.032
19.11.2021 19:59:41,6.201,500.488,469.421,514.801,514.556,0.037,5.076
19.11.2021 19:59:42,6.299,501.586,469.146,514.648,514.556,0.014,5.296
19.11.2021 19:59:43,6.402,501.922,469.207,515.441,514.801,0.098,5.338
19.11.2021 19:59:44,6.492,502.563,468.933,515.075,515.319,-0.037,5.486
19.11.2021 19:59:45,6.593,503.112,468.627,515.716,514.831,0.136,5.624
19.11.2021 19:59:46,6.698,503.234,468.322,515.472,515.289,0.028,5.694
19.11.2021 19:59:47,6.804,503.845,467.376,516.082,515.258,0.126,5.950
19.11.2021 19:59:48,6.897,504.394,467.315,515.930,515.472,0.070,6.047
19.11.2021 19:59:49,6.995,504.730,467.102,516.235,515.533,0.107,6.136
19.11.2021 19:59:50,7.098,505.462,466.857,516.296,516.601,-0.046,6.292
19.11.2021 19:59:51,7.201,505.859,465.820,516.815,516.143,0.103,6.530
19.11.2021 19:59:52,7.291,506.439,466.064,516.662,516.418,0.037,6.579
19.11.2021 19:59:53,7.397,506.500,465.515,517.242,516.387,0.131,6.682
19.11.2021 19:59:54,7.505,506.561,464.843,516.723,516.540,0.028,6.805
19.11.2021 19:59:55,7.608,507.324,464.538,517.120,516.815,0.046,6.976
19.11.2021 19:59:56,7.693,507.507,463.745,517.547,517.028,0.079,7.140
19.11.2021 19:59:57,7.799,507.781,464.141,517.486,517.211,0.042,7.115
19.11.2021 19:59:58,7.892,508.392,463.745,517.211,517.089,0.018,7.278
19.11.2021 19:59:59,8.002,508.575,462.615,517.669,517.364,0.046,7.499
19.11.2021 20:00:00,8.095,508.697,462.768,518.188,517.456,0.112,7.492
19.11.2021 20:00:01,8.201,508.941,461.944,518.096,517.700,0.060,7.671
19.11.2021 20:00:02,8.301,509.429,462.249,518.371,518.157,0.032,7.694
19.11.2021 20:00:03,8.402,509.918,461.700,518.737,518.188,0.083,7.864
19.11.2021 20:00:04,8.507,509.918,462.066,519.012,518.676,0.051,7.802
19.11.2021 20:00:05,8.593,510.253,461.120,518.646,518.371,0.041,8.016
19.11.2021 20:00:06,8.701,510.375,460.906,519.104,518.859,0.037,8.071
19.11.2021 20:00:07,8.796,510.681,460.601,519.378,519.012,0.055,8.171
19.11.2021 20:00:08,8.897,510.589,459.991,519.500,519.073,0.065,8.261
19.11.2021 20:00:09,8.997,510.894,460.083,519.622,519.439,0.027,8.293
19.11.2021 20:00:10,9.105,511.138,459.899,520.141,520.019,0.018,8.362
19.11.2021 20:00:11,9.201,512.023,459.533,520.599,519.927,0.102,8.562
19.11.2021 20:00:12,9.299,511.260,459.564,520.416,520.141,0.041,8.439
19.11.2021 20:00:13,9.404,511.810,458.892,520.843,520.172,0.102,8.639
19.11.2021 20:00:14,9.500,511.840,458.831,521.240,520.355,0.134,8.654
19.11.2021 20:00:15,9.598,512.603,458.465,521.423,520.812,0.092,8.835
19.11.2021 20:00:16,9.706,513.214,458.923,521.606,521.026,0.088,8.850
19.11.2021 20:00:17,9.796,513.092,458.129,521.759,521.118,0.097,8.968
19.11.2021 20:00:18,9.899,513.519,458.007,521.636,521.942,-0.046,9.055
19.11.2021 20:00:19,9.992,513.793,457.733,522.277,521.453,0.125,9.144
19.11.2021 20:00:20,10.103,513.488,457.427,521.697,521.789,-0.013,9.150
19.11.2021 20:00:21,10.196,514.465,457.244,522.460,522.308,0.023,9.332
19.11.2021 20:00:22,10.294,514.556,457.122,522.583,522.338,0.037,9.367
19.11.2021 20:00:23,10.397,514.678,456.665,522.369,522.460,-0.013,9.465
19.11.2021 20:00:24,10.502,515.472,456.726,522.796,522.277,0.078,9.576
19.11.2021 20:00:25,10.598,516.113,456.665,523.071,522.857,0.032,9.684
19.11.2021 20:00:26,10.706,516.052,456.390,523.132,523.010,0.018,9.723
19.11.2021 20:00:27,10.796,517.059,456.390,523.223,523.071,0.023,9.876
19.11.2021 20:00:28,10.899,517.120,455.810,523.895,523.345,0.083,9.986
19.11.2021 20:00:29,10.997,516.845,455.566,524.047,523.315,0.110,9.986
19.11.2021 20:00:30,11.100,517.242,455.108,524.200,523.803,0.059,10.126
19.11.2021 20:00:31,11.203,517.791,454.925,524.536,524.078,0.069,10.242
19.11.2021 20:00:32,11.296,517.913,454.254,524.139,524.383,-0.036,10.377
19.11.2021 20:00:33,11.394,518.280,454.315,524.719,524.719,0.000,10.422
19.11.2021 20:00:34,11.492,519.134,453.582,524.871,524.658,0.032,10.679
19.11.2021 20:00:35,11.600,519.409,453.613,524.871,524.505,0.055,10.716
19.11.2021 20:00:36,11.698,519.409,453.338,524.902,524.749,0.023,10.764
19.11.2021 20:00:37,11.794,520.141,452.941,525.238,524.505,0.110,10.944
19.11.2021 20:00:38,11.894,520.446,452.178,525.817,525.238,0.087,11.123
19.11.2021 20:00:39,12.002,520.324,451.965,526.275,525.360,0.137,11.142
19.11.2021 20:00:40,12.100,521.026,451.904,525.726,525.878,-0.022,11.259
19.11.2021 20:00:41,12.206,521.514,451.354,526.275,525.726,0.082,11.428
19.11.2021 20:00:42,12.291,521.972,451.324,525.848,525.634,0.032,11.503
19.11.2021 20:00:43,12.404,522.949,450.531,526.916,526.397,0.078,11.789
19.11.2021 20:00:44,12.492,522.552,450.958,526.977,526.580,0.059,11.654
19.11.2021 20:00:45,12.600,523.376,449.676,527.252,526.763,0.073,12.003
19.11.2021 20:00:46,12.693,523.559,449.340,527.374,526.916,0.068,12.089
19.11.2021 20:00:47,12.791,524.139,448.913,527.435,527.252,0.027,12.251
19.11.2021 20:00:48,12.894,524.902,448.577,527.191,527.252,-0.009,12.425
19.11.2021 20:00:49,13.002,525.543,448.425,527.618,527.221,0.059,12.548
19.11.2021 20:00:50,13.095,525.970,447.662,527.679,527.648,0.004,12.746
19.11.2021 20:00:51,13.196,526.458,447.326,527.862,527.984,-0.018,12.878
19.11.2021 20:00:52,13.296,527.099,446.472,528.442,527.801,0.096,13.124
19.11.2021 20:00:53,13.392,527.252,445.831,528.259,527.954,0.045,13.260
19.11.2021 20:00:54,13.505,527.954,445.129,528.717,528.137,0.086,13.489
19.11.2021 20:00:55,13.600,528.320,444.976,528.289,528.167,0.018,13.570
19.11.2021 20:00:56,13.698,528.900,444.335,528.839,528.472,0.054,13.770
19.11.2021 20:00:57,13.791,529.418,444.000,528.991,528.411,0.086,13.906
19.11.2021 20:00:58,13.902,529.846,443.420,529.327,528.625,0.105,14.072
19.11.2021 20:00:59,13.995,530.426,442.687,529.541,528.961,0.086,14.288
19.11.2021 20:01:00,14.103,530.639,441.741,529.266,529.205,0.009,14.488
19.11.2021 20:01:01,14.201,530.700,441.314,529.876,529.296,0.086,14.573
19.11.2021 20:01:02,14.294,531.524,440.490,529.541,529.754,-0.031,14.842
19.11.2021 20:01:03,14.394,532.257,440.032,529.815,529.327,0.073,15.032
19.11.2021 20:01:04,14.492,531.921,440.368,530.303,529.693,0.091,14.922
19.11.2021 20:01:05,14.605,532.379,438.903,530.578,529.968,0.091,15.251
19.11.2021 20:01:06,14.703,532.196,438.781,530.212,530.517,-0.045,15.246
19.11.2021 20:01:07,14.796,532.653,437.835,530.578,529.846,0.109,15.483
19.11.2021 20:01:08,14.892,532.562,437.255,530.151,530.212,-0.009,15.574
19.11.2021 20:01:09,14.997,533.416,436.645,530.578,530.364,0.031,15.809
19.11.2021 20:01:10,15.093,533.203,436.035,530.273,529.876,0.059,15.887
19.11.2021 20:01:11,15.201,532.836,435.485,530.456,530.242,0.031,15.932
19.11.2021 20:01:12,15.299,533.721,435.607,531.280,530.487,0.118,16.040
19.11.2021 20:01:13,15.407,533.508,434.814,531.097,530.639,0.068,16.152
19.11.2021 20:01:14,15.505,533.386,433.959,531.494,530.883,0.091,16.288
19.11.2021 20:01:15,15.593,533.721,433.685,531.188,530.670,0.077,16.387
19.11.2021 20:01:16,15.706,534.271,433.013,531.555,531.158,0.059,16.589
19.11.2021 20:01:17,15.806,534.332,433.197,531.311,531.280,0.004,16.565
19.11.2021 20:01:18,15.894,534.606,432.495,531.707,531.402,0.045,16.733
19.11.2021 20:01:19,16.000,534.912,432.250,532.104,530.975,0.168,16.821
19.11.2021 20:01:20,16.093,534.637,431.549,532.226,531.219,0.150,16.909
19.11.2021 20:01:22,16.201,534.667,431.365,532.226,531.768,0.068,16.946
19.11.2021 20:01:23,16.299,535.217,430.938,531.890,531.799,0.013,17.104
19.11.2021 20:01:24,16.394,535.583,430.267,532.409,531.738,0.099,17.280
19.11.2021 20:01:25,16.497,536.499,430.053,532.012,531.860,0.022,17.453
19.11.2021 20:01:26,16.600,535.858,429.321,531.890,531.738,0.022,17.492
19.11.2021 20:01:27,16.698,536.163,429.656,532.714,532.012,0.104,17.476
19.11.2021 20:01:28,16.791,536.315,428.558,532.745,531.768,0.145,17.698
19.11.2021 20:01:29,16.894,536.437,428.253,532.989,531.982,0.149,17.772
19.11.2021 20:01:30,16.997,536.468,427.276,532.470,532.318,0.022,17.955
19.11.2021 20:01:31,17.098,536.621,426.849,532.104,531.921,0.027,18.056
19.11.2021 20:01:32,17.193,537.536,426.483,532.409,531.799,0.090,18.256
19.11.2021 20:01:33,17.294,537.322,426.177,533.050,531.829,0.181,18.281
19.11.2021 20:01:34,17.392,537.994,425.689,532.836,532.226,0.090,18.468
19.11.2021 20:01:35,17.502,538.177,424.804,532.653,531.768,0.131,18.657
19.11.2021 20:01:36,17.593,538.024,424.652,532.653,532.196,0.068,18.663
19.11.2021 20:01:37,17.696,538.513,423.614,532.409,532.043,0.054,18.925
19.11.2021 20:01:38,17.799,539.062,423.065,532.257,532.287,-0.004,19.106
19.11.2021 20:01:39,17.897,539.398,422.485,532.653,532.196,0.068,19.262
19.11.2021 20:01:40,18.000,539.520,422.546,532.562,531.463,0.163,19.268
19.11.2021 20:01:41,18.095,540.130,421.569,532.806,531.921,0.131,19.537
19.11.2021 20:01:42,18.196,539.825,421.081,533.203,531.463,0.258,19.583
19.11.2021 20:01:43,18.291,539.978,420.227,532.684,532.196,0.072,19.764
19.11.2021 20:01:44,18.392,540.344,419.616,532.531,531.829,0.104,19.930
19.11.2021 20:01:45,18.497,541.259,418.823,532.196,531.616,0.086,20.210
19.11.2021 20:01:46,18.608,541.778,418.457,532.287,531.646,0.095,20.353
19.11.2021 20:01:47,18.706,541.809,417.938,532.165,531.890,0.040,20.454
19.11.2021 20:01:48,18.794,542.266,417.541,532.379,531.402,0.145,20.594
19.11.2021 20:01:49,18.899,542.633,416.381,532.409,531.463,0.140,20.863
19.11.2021 20:01:50,18.995,542.968,415.832,532.379,531.616,0.113,21.014
19.11.2021 20:01:51,19.105,542.999,415.100,532.623,531.280,0.200,21.155
19.11.2021 20:01:52,19.193,543.212,414.093,532.073,531.799,0.040,21.375
19.11.2021 20:01:53,19.294,543.701,413.330,531.616,531.066,0.081,21.588
19.11.2021 20:01:54,19.397,543.945,412.628,531.982,531.280,0.104,21.755
19.11.2021 20:01:55,19.495,544.189,411.743,531.311,530.670,0.095,21.957
19.11.2021 20:01:56,19.603,544.219,410.797,530.639,530.120,0.077,22.140
19.11.2021 20:01:57,19.703,545.074,410.156,531.494,530.548,0.141,22.383
19.11.2021 20:01:58,19.796,544.799,409.484,531.188,530.609,0.086,22.471
19.11.2021 20:01:59,19.897,545.562,408.813,531.707,530.761,0.141,22.707
19.11.2021 20:02:00,20.005,545.501,408.477,531.127,530.456,0.100,22.762
19.11.2021 20:02:01,20.095,546.112,407.318,531.219,530.334,0.132,23.070
19.11.2021 20:02:02,20.201,545.623,406.433,531.005,530.029,0.145,23.169
19.11.2021 20:02:03,20.299,546.539,406.127,530.487,529.663,0.123,23.357
19.11.2021 20:02:04,20.397,546.630,405.639,531.158,529.541,0.241,23.464
19.11.2021 20:02:05,20.500,546.936,405.273,530.548,529.998,0.082,23.577
19.11.2021 20:02:06,20.605,546.569,404.235,530.853,529.357,0.223,23.723
19.11.2021 20:02:07,20.693,546.264,403.411,530.487,529.632,0.127,23.838
19.11.2021 20:02:08,20.799,547.210,402.648,530.731,529.449,0.191,24.119
19.11.2021 20:02:09,20.894,547.027,402.130,530.334,529.479,0.127,24.193
19.11.2021 20:02:10,21.002,547.180,401.611,530.151,529.266,0.132,24.314
19.11.2021 20:02:11,21.098,547.546,400.939,529.876,528.472,0.210,24.495
19.11.2021 20:02:12,21.206,547.332,400.512,529.968,528.808,0.173,24.548
19.11.2021 20:02:13,21.301,547.698,400.024,530.029,528.228,0.269,24.694
19.11.2021 20:02:14,21.392,547.363,399.047,529.541,528.656,0.132,24.835
19.11.2021 20:02:15,21.492,547.363,398.010,529.541,528.625,0.137,25.036
19.11.2021 20:02:16,21.598,546.875,397.674,529.113,528.961,0.022,25.033
19.11.2021 20:02:17,21.696,547.454,397.033,529.266,527.984,0.192,25.239
19.11.2021 20:02:18,21.791,547.424,396.728,529.052,528.137,0.137,25.294
19.11.2021 20:02:19,21.904,547.149,395.965,528.747,527.465,0.192,25.404
19.11.2021 20:02:20,21.995,547.546,395.660,528.594,527.313,0.192,25.520
19.11.2021 20:02:21,22.093,547.119,395.172,528.625,527.496,0.169,25.555
19.11.2021 20:02:22,22.203,546.966,394.592,528.625,527.343,0.192,25.646
19.11.2021 20:02:23,22.291,547.393,394.104,528.503,527.496,0.151,25.802
19.11.2021 20:02:24,22.407,546.905,393.035,528.320,527.038,0.192,25.943
19.11.2021 20:02:25,22.507,547.180,393.371,527.770,526.672,0.165,25.916
19.11.2021 20:02:26,22.593,547.393,392.517,527.648,526.153,0.224,26.113
19.11.2021 20:02:27,22.706,547.393,392.333,527.313,526.336,0.146,26.149
19.11.2021 20:02:28,22.794,547.393,391.723,527.618,526.794,0.123,26.269
19.11.2021 20:02:29,22.899,546.813,391.052,527.252,526.153,0.165,26.320
19.11.2021 20:02:30,23.000,547.119,390.686,527.160,525.787,0.206,26.435
19.11.2021 20:02:31,23.093,546.783,389.678,527.008,525.909,0.165,26.586
19.11.2021 20:02:32,23.196,546.722,389.556,526.245,525.482,0.114,26.602
19.11.2021 20:02:33,23.296,546.844,389.190,526.733,524.963,0.266,26.692
19.11.2021 20:02:34,23.402,546.844,388.610,525.878,525.085,0.119,26.806
19.11.2021 20:02:35,23.505,546.722,388.397,526.367,524.566,0.271,26.832
19.11.2021 20:02:36,23.598,546.600,387.756,526.367,525.115,0.188,26.941
19.11.2021 20:02:37,23.701,547.149,386.596,525.634,524.200,0.216,27.249
19.11.2021 20:02:38,23.791,546.295,386.291,525.543,524.627,0.138,27.190
19.11.2021 20:02:39,23.897,547.027,385.742,525.390,523.956,0.216,27.402
19.11.2021 20:02:40,23.987,547.027,385.375,524.932,523.620,0.198,27.475
19.11.2021 20:02:41,24.095,547.546,384.826,525.146,523.681,0.221,27.658
19.11.2021 20:02:42,24.191,547.332,384.429,525.207,523.345,0.281,27.707
19.11.2021 20:02:43,24.299,547.454,383.697,524.627,522.979,0.249,27.870
19.11.2021 20:02:44,24.399,547.393,382.934,524.902,523.071,0.276,28.015
19.11.2021 20:02:45,24.497,547.485,382.598,524.780,523.254,0.230,28.095
19.11.2021 20:02:46,24.590,547.973,381.835,524.291,522.979,0.198,28.316
19.11.2021 20:02:47,24.698,548.095,381.622,523.925,522.888,0.157,28.376
19.11.2021 20:02:48,24.794,548.248,380.706,523.864,522.399,0.221,28.582
19.11.2021 20:02:49,24.894,548.461,380.249,523.620,522.399,0.184,28.704
19.11.2021 20:02:50,24.997,548.645,379.852,523.834,522.430,0.212,28.810
19.11.2021 20:02:51,25.090,548.767,378.875,523.468,522.186,0.194,29.024
19.11.2021 20:02:52,25.193,549.041,378.204,523.559,522.552,0.152,29.198
19.11.2021 20:02:53,25.296,549.255,377.807,523.315,521.850,0.222,29.308
19.11.2021 20:02:54,25.399,549.163,376.922,522.857,521.728,0.171,29.475
19.11.2021 20:02:55,25.492,549.530,376.434,522.521,521.697,0.125,29.625
19.11.2021 20:02:56,25.598,549.530,375.640,522.491,520.996,0.227,29.786
19.11.2021 20:02:57,25.698,549.468,375.000,522.918,521.514,0.213,29.908
19.11.2021 20:02:58,25.794,549.530,374.206,522.613,521.331,0.194,30.078
19.11.2021 20:02:59,25.897,549.682,373.596,522.583,521.179,0.213,30.224
19.11.2021 20:03:00,25.995,549.652,373.413,522.399,521.301,0.166,30.258
19.11.2021 20:03:01,26.095,550.079,372.100,521.820,520.477,0.204,30.585
19.11.2021 20:03:02,26.201,550.323,372.283,521.881,520.446,0.218,30.582
19.11.2021 20:03:03,26.301,550.262,371.673,521.911,520.233,0.255,30.698
19.11.2021 20:03:04,26.387,550.140,371.337,522.033,520.294,0.264,30.750
19.11.2021 20:03:05,26.497,550.109,370.605,521.850,520.874,0.148,30.897
19.11.2021 20:03:07,26.598,549.743,369.903,521.881,520.294,0.241,30.991
19.11.2021 20:03:08,26.698,549.621,369.384,521.972,519.989,0.301,31.081
19.11.2021 20:03:09,26.791,550.048,368.530,521.301,519.592,0.260,31.316
19.11.2021 20:03:10,26.897,549.926,368.743,521.026,519.683,0.204,31.255
19.11.2021 20:03:11,26.997,549.957,368.011,521.392,519.989,0.213,31.411
19.11.2021 20:03:12,27.100,549.774,367.584,521.514,519.592,0.292,31.474
19.11.2021 20:03:13,27.203,549.499,366.943,521.148,519.439,0.260,31.569
19.11.2021 20:03:14,27.291,549.499,366.394,521.087,519.836,0.190,31.683
19.11.2021 20:03:15,27.387,549.468,365.661,521.026,519.683,0.204,31.831
19.11.2021 20:03:16,27.492,549.591,365.325,520.721,518.615,0.321,31.917
19.11.2021 20:03:17,27.588,549.926,365.020,520.568,518.890,0.255,32.027
19.11.2021 20:03:18,27.688,549.591,364.288,520.935,518.890,0.311,32.133
19.11.2021 20:03:19,27.789,549.530,364.318,520.690,519.104,0.241,32.119
19.11.2021 20:03:20,27.889,549.041,363.403,520.904,519.042,0.283,32.242
19.11.2021 20:03:21,27.987,548.248,362.915,519.958,518.646,0.200,32.235
19.11.2021 20:03:22,28.088,548.919,362.091,520.294,518.676,0.246,32.500
19.11.2021 20:03:23,28.188,548.400,361.938,520.019,517.944,0.316,32.460
19.11.2021 20:03:24,28.289,548.370,361.358,520.233,518.676,0.237,32.578
19.11.2021 20:03:25,28.402,548.461,361.267,520.019,518.218,0.274,32.610
19.11.2021 20:03:26,28.492,548.553,360.748,519.744,518.341,0.214,32.731
19.11.2021 20:03:27,28.590,547.851,359.588,520.202,518.249,0.298,32.878
19.11.2021 20:03:28,28.688,547.363,359.588,519.989,518.524,0.223,32.811
19.11.2021 20:03:29,28.786,547.149,358.947,519.714,517.974,0.265,32.916
19.11.2021 20:03:30,28.892,547.210,358.612,519.378,518.493,0.135,32.996
19.11.2021 20:03:31,28.995,547.180,358.245,519.348,518.218,0.172,33.069
19.11.2021 20:03:32,29.090,546.844,358.093,519.378,517.730,0.251,33.055
19.11.2021 20:03:33,29.201,546.295,357.482,519.287,517.852,0.219,33.108
19.11.2021 20:03:34,29.286,546.142,357.391,519.470,517.364,0.321,33.106
19.11.2021 20:03:35,29.402,545.867,356.903,519.409,518.096,0.200,33.172
19.11.2021 20:03:36,29.495,545.898,356.231,519.622,517.364,0.345,33.319
19.11.2021 20:03:37,29.600,545.654,356.048,519.073,517.639,0.219,33.324
19.11.2021 20:03:38,29.698,545.532,355.682,518.890,517.425,0.224,33.385
19.11.2021 20:03:39,29.791,545.288,354.888,518.524,517.242,0.196,33.520
19.11.2021 20:03:40,29.889,545.043,354.461,518.493,516.845,0.252,33.577
19.11.2021 20:03:41,29.987,545.288,354.705,518.707,516.632,0.317,33.559
19.11.2021 20:03:42,30.098,544.708,354.095,518.371,516.754,0.247,33.609
19.11.2021 20:03:43,30.201,544.525,353.912,518.371,516.632,0.266,33.622
19.11.2021 20:03:44,30.286,545.166,353.210,518.402,516.540,0.285,33.862
19.11.2021 20:03:45,30.402,544.464,351.898,518.218,516.448,0.271,34.046
19.11.2021 20:03:46,30.487,544.586,351.989,518.066,515.838,0.341,34.043
19.11.2021 20:03:47,30.603,544.281,351.409,518.066,515.655,0.369,34.125
19.11.2021 20:03:48,30.703,544.433,351.287,517.364,515.716,0.252,34.172
19.11.2021 20:03:49,30.799,544.525,350.463,517.517,515.014,0.384,34.363
19.11.2021 20:03:50,30.902,543.914,350.097,516.937,515.075,0.285,34.357
19.11.2021 20:03:51,30.992,544.311,349.121,516.998,514.862,0.328,34.623
19.11.2021 20:03:52,31.103,544.128,348.907,517.120,514.739,0.365,34.644
19.11.2021 20:03:53,31.191,544.647,348.205,517.395,514.678,0.417,34.867
19.11.2021 20:03:54,31.289,544.250,347.778,516.845,514.892,0.300,34.905
19.11.2021 20:03:55,31.392,544.494,346.984,516.876,514.282,0.398,35.111
19.11.2021 20:03:56,31.490,544.311,346.374,516.632,514.312,0.356,35.218
19.11.2021 20:03:57,31.590,544.219,345.733,516.021,514.343,0.258,35.345
19.11.2021 20:03:58,31.691,544.616,345.275,515.808,513.610,0.338,35.500
19.11.2021 20:03:59,31.786,544.586,344.940,515.930,513.732,0.338,35.569
19.11.2021 20:04:00,31.889,544.433,344.543,515.686,513.610,0.319,35.634
19.11.2021 20:04:01,31.990,544.464,343.566,515.167,513.092,0.319,35.852
19.11.2021 20:04:02,32.090,543.670,342.773,515.441,512.786,0.409,35.916
19.11.2021 20:04:03,32.191,543.762,342.712,514.892,512.664,0.343,35.942
19.11.2021 20:04:04,32.286,543.640,341.674,514.709,512.542,0.334,36.153
19.11.2021 20:04:05,32.402,543.151,341.613,513.885,512.207,0.259,36.099
19.11.2021 20:04:06,32.487,543.670,340.789,513.610,512.023,0.245,36.352
19.11.2021 20:04:07,32.598,542.907,340.057,513.824,511.260,0.396,36.408
19.11.2021 20:04:08,32.703,543.395,339.691,513.183,511.138,0.316,36.556
19.11.2021 20:04:09,32.796,542.449,338.653,513.214,510.589,0.406,36.655
19.11.2021 20:04:10,32.894,541.900,338.043,512.817,510.253,0.397,36.714
19.11.2021 20:04:11,32.987,542.083,337.310,512.634,509.796,0.439,36.902
19.11.2021 20:04:12,33.088,541.442,337.310,512.268,509.796,0.383,36.814
19.11.2021 20:04:13,33.191,541.015,336.242,512.023,509.460,0.397,36.992
19.11.2021 20:04:14,33.291,540.740,335.754,511.047,508.728,0.360,37.063
19.11.2021 20:04:15,33.392,540.740,335.235,510.833,508.911,0.298,37.179
19.11.2021 20:04:16,33.490,540.435,334.869,510.437,508.270,0.337,37.218
19.11.2021 20:04:17,33.590,539.672,334.167,510.192,507.568,0.408,37.270
19.11.2021 20:04:18,33.693,539.764,333.343,509.887,507.293,0.404,37.467
19.11.2021 20:04:19,33.789,538.909,333.099,509.521,506.988,0.394,37.403
19.11.2021 20:04:20,33.887,538.696,332.427,509.704,506.713,0.466,37.525
19.11.2021 20:04:21,34.000,538.024,331.817,508.789,506.347,0.381,37.569
19.11.2021 20:04:22,34.090,537.597,331.207,508.422,505.615,0.438,37.647
19.11.2021 20:04:23,34.198,537.017,330.261,507.659,505.676,0.310,37.780
19.11.2021 20:04:24,34.299,536.651,330.352,507.232,505.249,0.310,37.709
19.11.2021 20:04:25,34.389,536.163,329.864,506.652,504.211,0.382,37.751
19.11.2021 20:04:26,34.502,535.705,329.040,506.622,503.875,0.430,37.874
19.11.2021 20:04:27,34.600,535.461,328.033,505.950,503.204,0.431,38.069
19.11.2021 20:04:28,34.703,534.637,328.094,505.249,502.960,0.359,37.940
19.11.2021 20:04:29,34.796,534.179,327.331,505.218,502.014,0.504,38.050
19.11.2021 20:04:30,34.889,533.325,326.843,504.211,502.197,0.317,38.042
19.11.2021 20:04:31,34.997,532.745,326.232,503.997,501.281,0.428,38.100
19.11.2021 20:04:32,35.103,532.165,325.866,503.387,501.220,0.341,38.103
19.11.2021 20:04:33,35.191,531.402,325.256,503.082,500.091,0.472,38.136
19.11.2021 20:04:34,35.289,530.487,324.279,502.471,499.847,0.414,38.231
19.11.2021 20:04:35,35.402,530.273,324.188,501.586,499.114,0.391,38.223
19.11.2021 20:04:36,35.490,529.754,323.577,501.068,498.687,0.377,38.290
19.11.2021 20:04:37,35.588,529.418,323.059,500.244,498.046,0.348,38.363
19.11.2021 20:04:38,35.693,528.594,322.540,500.030,497.650,0.378,38.366
19.11.2021 20:04:39,35.789,528.381,322.692,499.176,496.490,0.427,38.301
19.11.2021 20:04:40,35.892,527.801,321.746,498.779,496.002,0.442,38.438
19.11.2021 20:04:41,35.990,527.008,321.594,498.535,495.452,0.491,38.361
19.11.2021 20:04:42,36.090,526.611,321.197,497.955,495.025,0.467,38.397
19.11.2021 20:04:43,36.188,526.153,320.709,497.406,495.361,0.326,38.446
19.11.2021 20:04:44,36.291,525.848,319.702,497.131,494.049,0.492,38.637
19.11.2021 20:04:45,36.387,525.085,319.122,496.002,493.927,0.332,38.664
19.11.2021 20:04:46,36.492,524.475,318.237,495.727,492.980,0.440,38.784
19.11.2021 20:04:47,36.588,524.383,318.084,494.628,492.156,0.396,38.807
19.11.2021 20:04:48,36.693,523.895,317.321,493.835,491.485,0.377,38.916
19.11.2021 20:04:49,36.794,523.223,317.169,493.408,490.692,0.437,38.857
19.11.2021 20:04:50,36.887,523.162,316.436,493.103,490.173,0.472,39.020
19.11.2021 20:04:51,36.990,522.674,315.826,492.095,489.624,0.399,39.094
19.11.2021 20:04:53,37.088,522.216,315.765,491.821,489.196,0.423,39.043
19.11.2021 20:04:54,37.193,522.033,314.422,491.302,488.311,0.483,39.334
19.11.2021 20:04:55,37.296,521.179,314.208,490.447,487.762,0.435,39.263
19.11.2021 20:04:56,37.394,520.904,313.323,490.478,486.907,0.578,39.434
19.11.2021 20:04:57,37.490,520.660,312.805,489.654,487.121,0.410,39.522
19.11.2021 20:04:58,37.593,520.080,311.889,488.677,485.992,0.436,39.657
19.11.2021 20:04:59,37.693,519.531,311.370,487.884,485.534,0.382,39.702
19.11.2021 20:05:00,37.791,519.561,310.272,486.694,484.832,0.303,39.969
19.11.2021 20:05:01,37.894,518.615,310.272,486.022,483.673,0.384,39.834
19.11.2021 20:05:02,37.995,518.707,309.020,485.504,483.734,0.289,40.146
19.11.2021 20:05:03,38.098,518.585,308.593,484.771,482.757,0.329,40.232
19.11.2021 20:05:04,38.196,517.822,307.861,484.863,481.872,0.490,40.299
19.11.2021 20:05:05,38.289,517.364,307.342,484.313,481.323,0.490,40.358
19.11.2021 20:05:06,38.389,517.059,306.671,483.459,481.201,0.371,40.476
19.11.2021 20:05:07,38.492,515.747,305.847,482.574,480.194,0.391,40.487
19.11.2021 20:05:08,38.590,514.923,304.931,481.872,480.041,0.301,40.591
19.11.2021 20:05:09,38.688,514.923,303.741,481.079,478.759,0.382,40.880
19.11.2021 20:05:10,38.789,514.038,303.131,480.529,478.424,0.347,40.902
19.11.2021 20:05:11,38.887,513.763,302.764,479.400,477.813,0.262,40.952
19.11.2021 20:05:12,39.002,513.122,301.971,478.485,476.593,0.313,41.054
19.11.2021 20:05:13,39.093,512.237,300.964,477.966,476.013,0.324,41.173
19.11.2021 20:05:14,39.203,511.352,300.140,478.027,475.219,0.466,41.248
19.11.2021 20:05:15,39.289,510.559,299.835,477.203,475.036,0.360,41.208
19.11.2021 20:05:16,39.397,510.070,298.339,476.898,474.121,0.462,41.507
19.11.2021 20:05:17,39.500,509.124,297.973,475.799,473.541,0.376,41.460
19.11.2021 20:05:18,39.588,508.483,297.119,475.158,473.083,0.346,41.579
19.11.2021 20:05:19,39.698,507.598,296.081,474.334,472.625,0.286,41.709
19.11.2021 20:05:20,39.794,507.110,295.288,473.907,471.923,0.332,41.836
19.11.2021 20:05:21,39.887,506.011,294.281,472.290,470.611,0.282,41.928
19.11.2021 20:05:22,39.997,505.187,293.365,471.923,470.001,0.323,42.037
19.11.2021 20:05:23,40.095,504.608,292.633,471.069,469.635,0.241,42.137
19.11.2021 20:05:24,40.188,503.662,291.961,470.153,468.658,0.252,42.168
19.11.2021 20:05:25,40.291,502.502,291.320,470.001,467.864,0.360,42.160
19.11.2021 20:05:26,40.389,501.953,290.435,469.268,467.590,0.283,42.303
19.11.2021 20:05:27,40.492,501.251,290.069,469.268,467.132,0.361,42.293
19.11.2021 20:05:28,40.595,500.366,289.550,468.200,466.430,0.300,42.295
19.11.2021 20:05:29,40.688,499.847,289.154,468.139,466.308,0.310,42.319
19.11.2021 20:05:30,40.794,498.504,288.085,466.644,465.087,0.264,42.394
19.11.2021 20:05:31,40.897,498.168,286.865,466.400,464.385,0.342,42.656
19.11.2021 20:05:32,40.990,497.253,286.499,465.423,463.653,0.301,42.615
19.11.2021 20:05:33,41.093,496.215,285.949,464.996,463.226,0.302,42.603
19.11.2021 20:05:34,41.193,495.086,284.729,463.775,462.280,0.255,42.750
19.11.2021 20:05:35,41.294,494.323,284.545,463.867,461.761,0.360,42.684
19.11.2021 20:05:36,41.397,493.377,283.935,463.256,460.815,0.418,42.701
19.11.2021 20:05:37,41.492,492.553,283.416,462.402,460.510,0.324,42.712
19.11.2021 20:05:38,41.593,491.912,282.104,461.914,459.960,0.335,42.957
19.11.2021 20:05:39,41.696,490.875,282.318,460.998,459.320,0.289,42.747
19.11.2021 20:05:40,41.796,490.386,281.250,460.327,458.953,0.236,42.952
19.11.2021 20:05:41,41.897,489.624,281.097,459.777,457.885,0.326,42.878
19.11.2021 20:05:42,41.995,488.616,280.364,459.075,457.336,0.300,42.918
19.11.2021 20:05:43,42.095,487.762,279.937,458.740,456.970,0.306,42.901
19.11.2021 20:05:44,42.193,487.121,279.296,458.435,456.726,0.295,42.973
19.11.2021 20:05:45,42.294,486.541,278.625,457.458,455.749,0.296,43.062
19.11.2021 20:05:46,42.394,485.534,277.984,457.153,455.230,0.333,43.079
19.11.2021 20:05:47,42.497,484.985,277.801,455.871,454.345,0.265,43.045
19.11.2021 20:05:48,42.598,484.252,277.191,455.200,453.613,0.276,43.095
19.11.2021 20:05:49,42.693,483.612,276.153,454.498,452.819,0.293,43.273
19.11.2021 20:05:50,42.796,482.849,275.939,454.162,452.362,0.314,43.214
19.11.2021 20:05:51,42.899,481.994,274.810,453.369,451.416,0.342,43.385
19.11.2021 20:05:52,42.987,481.384,274.505,452.972,451.446,0.267,43.373
19.11.2021 20:05:53,43.088,481.384,273.681,452.331,450.378,0.342,43.594
19.11.2021 20:05:54,43.193,480.163,273.315,451.293,450.012,0.225,43.506
19.11.2021 20:05:55,43.291,479.766,272.613,450.469,448.974,0.263,43.634
19.11.2021 20:05:56,43.392,479.125,272.155,450.042,448.547,0.263,43.659
19.11.2021 20:05:57,43.492,478.424,271.240,449.584,448.028,0.274,43.798
19.11.2021 20:05:58,43.588,478.332,270.843,448.822,447.418,0.248,43.891
19.11.2021 20:05:59,43.696,477.447,269.927,448.150,446.563,0.281,44.003
19.11.2021 20:06:00,43.791,477.325,269.500,447.509,445.800,0.303,44.100
19.11.2021 20:06:01,43.892,476.715,268.615,446.655,444.976,0.298,44.247
19.11.2021 20:06:02,43.990,476.196,267.944,446.411,444.610,0.320,44.351
19.11.2021 20:06:03,44.098,475.036,267.395,445.556,443.847,0.304,44.322
19.11.2021 20:06:04,44.196,475.250,266.510,444.427,442.840,0.283,44.597
19.11.2021 20:06:05,44.291,474.151,266.052,444.000,442.718,0.229,44.554
19.11.2021 20:06:06,44.394,474.121,265.075,443.084,441.436,0.295,44.817
19.11.2021 20:06:07,44.492,473.388,264.221,442.199,440.521,0.301,44.940
19.11.2021 20:06:08,44.593,472.686,264.007,441.528,440.185,0.241,44.891
19.11.2021 20:06:09,44.703,472.137,262.969,440.673,439.239,0.258,45.093
19.11.2021 20:06:10,44.796,470.977,262.481,440.277,438.812,0.264,45.049
19.11.2021 20:06:11,44.889,470.764,261.627,439.727,437.438,0.413,45.254
19.11.2021 20:06:12,44.995,469.635,261.199,438.568,437.286,0.231,45.198
19.11.2021 20:06:13,45.088,469.299,260.162,437.896,436.096,0.326,45.435
19.11.2021 20:06:14,45.193,468.292,259.307,436.676,435.028,0.299,45.518
19.11.2021 20:06:15,45.286,467.620,258.911,435.821,434.265,0.283,45.525
19.11.2021 20:06:16,45.392,466.522,258.026,434.997,433.349,0.300,45.603
19.11.2021 20:06:17,45.490,465.911,257.537,434.661,432.678,0.362,45.646
19.11.2021 20:06:18,45.593,464.813,256.744,433.898,431.671,0.407,45.698
19.11.2021 20:06:19,45.693,464.019,255.645,432.891,431.396,0.274,45.886
19.11.2021 20:06:20,45.789,463.043,255.432,431.732,430.572,0.213,45.794
19.11.2021 20:06:21,45.889,462.371,254.730,431.152,429.901,0.230,45.888
19.11.2021 20:06:22,45.995,461.456,254.028,430.633,428.833,0.332,45.944
19.11.2021 20:06:23,46.093,460.601,253.417,429.595,428.131,0.270,45.985
19.11.2021 20:06:24,46.193,459.655,252.532,428.802,427.093,0.316,46.089
19.11.2021 20:06:25,46.289,458.892,252.410,427.398,426.300,0.203,46.004
19.11.2021 20:06:26,46.387,458.038,251.220,426.910,425.445,0.272,46.211
19.11.2021 20:06:27,46.492,456.695,250.976,426.177,424.804,0.255,46.069
19.11.2021 20:06:28,46.595,455.474,250.244,425.445,423.797,0.307,46.087
19.11.2021 20:06:29,46.688,454.803,249.847,424.591,422.882,0.319,46.095
19.11.2021 20:06:30,46.789,454.132,248.901,424.102,422.607,0.279,46.263
19.11.2021 20:06:31,46.902,452.941,248.443,423.004,421.325,0.315,46.206
19.11.2021 20:06:32,46.995,452.270,247.619,421.478,420.715,0.143,46.339
19.11.2021 20:06:33,47.100,451.110,246.765,421.020,419.616,0.264,46.404
19.11.2021 20:06:34,47.201,450.256,246.612,420.074,418.457,0.305,46.311
19.11.2021 20:06:35,47.291,449.096,246.337,419.708,417.968,0.329,46.205
19.11.2021 20:06:36,47.389,448.333,246.368,419.006,417.358,0.312,46.073
19.11.2021 20:06:37,47.497,447.296,245.330,417.968,416.412,0.295,46.211
19.11.2021 20:06:39,47.588,446.319,244.598,417.022,415.588,0.273,46.269
19.11.2021 20:06:40,47.703,445.098,244.018,416.595,414.855,0.331,46.243
19.11.2021 20:06:41,47.796,443.878,244.232,415.344,414.001,0.256,45.980
19.11.2021 20:06:42,47.889,443.389,242.950,414.062,412.841,0.233,46.282
19.11.2021 20:06:43,47.992,442.108,242.584,413.299,411.376,0.369,46.181
19.11.2021 20:06:44,48.095,441.314,241.790,412.597,411.254,0.258,46.289
19.11.2021 20:06:45,48.191,440.399,241.729,411.743,410.064,0.323,46.156
19.11.2021 20:06:46,48.289,439.208,240.905,410.614,409.515,0.212,46.208
19.11.2021 20:06:47,48.397,438.323,240.478,410.186,408.172,0.390,46.190
19.11.2021 20:06:48,48.487,437.164,240.478,408.905,407.287,0.314,45.998
19.11.2021 20:06:49,48.595,436.279,239.715,408.111,406.372,0.338,46.081
19.11.2021 20:06:50,48.703,434.539,239.532,406.890,405.548,0.261,45.847
19.11.2021 20:06:51,48.794,434.204,238.952,406.097,404.663,0.280,45.967
19.11.2021 20:06:52,48.892,432.739,238.464,405.426,403.625,0.352,45.870
19.11.2021 20:06:53,48.992,432.067,238.098,404.235,402.465,0.347,45.869
19.11.2021 20:06:54,49.090,431.243,237.304,403.137,401.733,0.276,45.973
19.11.2021 20:06:55,49.196,430.389,236.541,402.008,400.665,0.265,46.062
19.11.2021 20:06:56,49.294,429.199,236.511,401.062,399.536,0.302,45.871
19.11.2021 20:06:57,49.402,428.741,235.717,400.146,398.742,0.278,46.037
19.11.2021 20:06:58,49.492,427.764,235.504,398.864,397.979,0.176,45.937
19.11.2021 20:06:59,49.600,426.910,234.985,397.979,396.911,0.212,45.952
19.11.2021 20:07:00,49.696,426.513,234.344,397.033,395.477,0.311,46.083
19.11.2021 20:07:01,49.791,425.384,234.069,395.843,395.324,0.103,45.976
19.11.2021 20:07:02,49.887,424.987,233.398,395.355,394.195,0.232,46.117
19.11.2021 20:07:03,49.992,423.736,232.879,394.317,393.280,0.208,46.064
19.11.2021 20:07:04,50.098,423.217,231.964,393.218,392.456,0.153,46.261
19.11.2021 20:07:05,50.193,422.119,231.414,391.967,391.510,0.092,46.244
19.11.2021 20:07:06,50.294,421.905,230.560,391.479,390.716,0.154,46.476
19.11.2021 20:07:07,50.387,420.318,230.255,390.380,389.221,0.235,46.299
19.11.2021 20:07:08,50.497,420.257,229.339,389.251,388.549,0.143,46.577
19.11.2021 20:07:09,50.590,418.792,229.125,388.183,387.054,0.230,46.391
19.11.2021 20:07:10,50.703,418.762,228.179,387.390,386.688,0.143,46.686
19.11.2021 20:07:11,50.801,417.480,227.722,386.444,385.559,0.181,46.609
19.11.2021 20:07:12,50.902,416.442,227.264,385.101,384.887,0.043,46.575
19.11.2021 20:07:13,50.997,415.557,226.318,384.704,383.331,0.283,46.723
19.11.2021 20:07:14,51.093,414.581,226.196,383.117,382.934,0.037,46.591
19.11.2021 20:07:15,51.193,413.848,225.372,382.324,381.744,0.120,46.727
19.11.2021 20:07:16,51.291,412.658,225.250,381.805,381.225,0.120,46.558
19.11.2021 20:07:17,51.387,412.414,224.304,381.286,380.462,0.171,46.820
19.11.2021 20:07:18,51.492,411.437,223.846,379.943,379.547,0.082,46.796
19.11.2021 20:07:19,51.593,410.827,223.541,379.180,378.875,0.063,46.788
19.11.2021 20:07:20,51.696,409.912,223.114,378.601,377.960,0.134,46.765
19.11.2021 20:07:21,51.794,408.813,222.229,377.014,376.983,0.006,46.858
19.11.2021 20:07:22,51.897,407.989,221.557,376.342,375.946,0.083,46.931
19.11.2021 20:07:23,52.000,407.348,220.947,375.671,375.030,0.135,47.017
19.11.2021 20:07:24,52.103,406.829,220.214,374.206,373.992,0.045,47.164
19.11.2021 20:07:25,52.193,405.578,220.214,373.718,373.443,0.058,46.942
19.11.2021 20:07:26,52.291,404.296,219.207,373.077,372.039,0.220,47.044
19.11.2021 20:07:27,52.392,403.411,218.963,371.582,371.856,-0.058,46.966
19.11.2021 20:07:28,52.497,402.679,218.292,371.490,370.605,0.188,47.057
19.11.2021 20:07:29,52.588,401.855,217.803,370.574,370.147,0.091,47.071
19.11.2021 20:07:30,52.693,400.848,216.735,369.445,369.354,0.019,47.245
19.11.2021 20:07:31,52.791,399.383,216.766,368.743,368.316,0.091,46.970
19.11.2021 20:07:32,52.889,398.834,216.156,367.614,367.614,0.000,47.074
19.11.2021 20:07:33,52.990,397.186,215.270,367.004,366.455,0.118,47.072
19.11.2021 20:07:34,53.088,396.423,214.904,366.027,365.997,0.006,47.056
19.11.2021 20:07:35,53.193,395.294,214.294,364.959,365.203,-0.052,47.055
19.11.2021 20:07:36,53.294,394.592,213.592,363.983,364.379,-0.086,47.164
19.11.2021 20:07:37,53.389,393.768,213.409,363.739,363.281,0.099,47.075
19.11.2021 20:07:38,53.495,392.425,213.165,362.030,362.640,-0.133,46.911
19.11.2021 20:07:39,53.593,391.723,212.066,361.816,361.968,-0.033,47.155
19.11.2021 20:07:40,53.703,390.472,211.120,360.748,360.961,-0.046,47.246
19.11.2021 20:07:41,53.796,389.984,210.845,359.649,359.954,-0.067,47.250
19.11.2021 20:07:42,53.889,388.977,210.510,359.283,359.313,-0.006,47.178
19.11.2021 20:07:43,53.992,387.481,210.174,358.215,358.581,-0.080,47.015
19.11.2021 20:07:44,54.095,386.322,209.350,357.055,357.330,-0.060,47.083
19.11.2021 20:07:45,54.188,386.077,209.564,356.445,357.025,-0.128,46.963
19.11.2021 20:07:46,54.291,384.796,208.557,355.773,355.926,-0.033,47.071
19.11.2021 20:07:47,54.389,383.453,208.374,354.858,355.041,-0.040,46.882
19.11.2021 20:07:48,54.490,382.751,207.489,353.973,354.125,-0.034,47.057
19.11.2021 20:07:49,54.588,381.866,206.939,353.332,353.546,-0.047,47.081
19.11.2021 20:07:50,54.688,380.950,206.695,352.539,353.210,-0.150,46.993
19.11.2021 20:07:51,54.786,379.821,206.207,351.776,352.050,-0.061,46.950
19.11.2021 20:07:52,54.889,378.356,205.810,351.043,351.318,-0.061,46.810
19.11.2021 20:07:53,54.995,377.410,204.772,350.036,350.555,-0.117,46.994
19.11.2021 20:07:54,55.088,376.739,204.345,348.846,349.731,-0.200,47.016
19.11.2021 20:07:55,55.193,375.793,203.735,347.991,348.907,-0.208,47.051
19.11.2021 20:07:56,55.291,374.389,203.521,347.320,348.052,-0.166,46.856
19.11.2021 20:07:57,55.389,373.474,202.758,347.076,347.808,-0.167,46.951
19.11.2021 20:07:58,55.492,372.924,201.782,345.825,346.038,-0.048,47.193
19.11.2021 20:07:59,55.593,371.520,201.629,344.879,345.672,-0.182,46.975
19.11.2021 20:08:00,55.691,371.002,201.049,344.146,344.726,-0.133,47.082
19.11.2021 20:08:01,55.791,370.269,200.378,343.627,344.055,-0.098,47.181
19.11.2021 20:08:02,55.889,369.445,200.134,342.529,343.017,-0.112,47.108
19.11.2021 20:08:03,55.990,368.286,199.310,341.796,342.620,-0.190,47.179
19.11.2021 20:08:04,56.088,367.950,198.394,340.637,342.102,-0.340,47.446
19.11.2021 20:08:05,56.193,367.431,197.967,339.660,340.606,-0.220,47.499
19.11.2021 20:08:06,56.294,366.394,197.753,338.958,340.179,-0.284,47.373
19.11.2021 20:08:07,56.399,365.875,196.777,338.195,339.141,-0.221,47.628
19.11.2021 20:08:08,56.490,365.142,196.319,337.921,338.623,-0.164,47.652
19.11.2021 20:08:09,56.588,364.898,195.709,337.249,337.524,-0.064,47.828
19.11.2021 20:08:10,56.691,363.433,195.739,336.425,337.188,-0.179,47.527
19.11.2021 20:08:11,56.794,363.098,194.976,335.327,336.517,-0.280,47.742
19.11.2021 20:08:12,56.894,361.602,193.756,334.747,335.144,-0.093,47.897
19.11.2021 20:08:13,56.995,361.389,193.267,333.953,334.594,-0.151,48.036
19.11.2021 20:08:14,57.098,360.595,192.504,332.977,333.618,-0.152,48.162
19.11.2021 20:08:15,57.196,359.832,191.955,332.336,333.099,-0.181,48.215
19.11.2021 20:08:16,57.296,359.252,191.375,331.207,332.397,-0.284,48.317
19.11.2021 20:08:17,57.392,358.398,190.612,330.200,331.237,-0.248,48.433
19.11.2021 20:08:18,57.497,357.666,189.941,329.498,330.535,-0.249,48.539
19.11.2021 20:08:19,57.590,356.506,189.239,328.826,329.742,-0.220,48.572
19.11.2021 20:08:20,57.693,355.804,188.934,327.972,328.887,-0.220,48.546
19.11.2021 20:08:21,57.791,355.041,187.957,327.545,327.392,0.036,48.764
19.11.2021 20:08:22,57.894,354.248,187.500,326.507,327.056,-0.133,48.779
19.11.2021 20:08:23,57.987,353.759,186.676,325.592,326.690,-0.266,48.996
19.11.2021 20:08:25,58.093,352.508,186.340,324.432,325.622,-0.290,48.871
19.11.2021 20:08:26,58.196,351.806,185.607,323.822,324.707,-0.216,49.010
19.11.2021 20:08:27,58.291,351.013,184.997,322.784,323.944,-0.284,49.084
19.11.2021 20:08:28,58.389,350.006,184.112,322.326,323.120,-0.194,49.222
19.11.2021 20:08:29,58.500,349.060,183.135,321.441,321.685,-0.060,49.409
19.11.2021 20:08:30,58.603,348.144,182.830,320.373,321.960,-0.391,49.340
19.11.2021 20:08:31,58.698,347.686,182.312,319.885,320.434,-0.135,49.449
19.11.2021 20:08:32,58.794,346.099,181.823,318.725,319.824,-0.272,49.314
19.11.2021 20:08:33,58.899,345.855,180.938,318.023,318.847,-0.205,49.612
19.11.2021 20:08:34,59.000,344.573,180.084,317.230,318.176,-0.235,49.685
19.11.2021 20:08:35,59.098,343.505,179.626,316.253,317.413,-0.290,49.645
19.11.2021 20:08:36,59.193,342.437,178.527,315.643,316.436,-0.198,49.861
19.11.2021 20:08:37,59.296,341.644,178.222,314.270,315.521,-0.314,49.818
19.11.2021 20:08:38,59.394,340.881,177.307,313.507,314.727,-0.307,50.026
19.11.2021 20:08:39,59.495,339.599,177.093,312.896,313.659,-0.192,49.843
19.11.2021 20:08:41,59.590,338.867,176.177,312.042,312.805,-0.193,50.059
19.11.2021 20:08:42,59.693,337.585,175.720,310.882,312.103,-0.310,49.974
19.11.2021 20:08:43,59.791,336.120,174.713,309.844,310.882,-0.264,50.074
19.11.2021 20:08:44,59.892,335.632,174.804,308.898,310.333,-0.367,49.933
19.11.2021 20:08:45,60.002,334.594,173.675,308.227,309.112,-0.227,50.174
