# Sensor: ADPD2140, Rotationstage: ELL18M
Datetime,Stage Angle,xL,xR,yL,yR,X,Y
19.11.2021 16:55:15,-60.003,320.068,607.696,558.990,560.241,-0.177,-49.131
19.11.2021 16:55:16,-59.895,321.624,609.039,560.424,561.126,-0.099,-48.942
19.11.2021 16:55:17,-59.794,322.662,610.504,561.645,562.316,-0.094,-48.883
19.11.2021 16:55:18,-59.701,323.669,612.213,562.866,563.903,-0.145,-48.860
19.11.2021 16:55:19,-59.603,324.615,613.616,564.453,565.246,-0.111,-48.815
19.11.2021 16:55:20,-59.500,325.439,614.959,565.673,566.680,-0.140,-48.790
19.11.2021 16:55:21,-59.405,326.202,616.241,566.864,567.901,-0.144,-48.772
19.11.2021 16:55:22,-59.304,327.178,617.858,568.420,569.549,-0.157,-48.745
19.11.2021 16:55:23,-59.199,328.704,619.140,569.396,570.831,-0.199,-48.560
19.11.2021 16:55:24,-59.108,328.765,620.086,570.739,571.441,-0.097,-48.656
19.11.2021 16:55:25,-59.003,330.139,622.283,572.021,573.516,-0.206,-48.611
19.11.2021 16:55:26,-58.905,331.573,623.291,573.577,574.768,-0.164,-48.416
19.11.2021 16:55:27,-58.797,331.756,624.847,574.951,576.049,-0.151,-48.555
19.11.2021 16:55:28,-58.704,333.099,626.647,576.324,577.575,-0.171,-48.472
19.11.2021 16:55:29,-58.606,334.045,627.593,578.033,578.521,-0.066,-48.376
19.11.2021 16:55:30,-58.503,334.777,629.364,579.010,580.261,-0.171,-48.421
19.11.2021 16:55:31,-58.405,336.029,630.828,581.085,581.970,-0.120,-48.320
19.11.2021 16:55:32,-58.304,336.486,632.324,581.512,583.282,-0.240,-48.393
19.11.2021 16:55:33,-58.206,338.043,633.514,582.824,584.289,-0.198,-48.196
19.11.2021 16:55:34,-58.106,338.867,635.192,584.228,585.327,-0.148,-48.211
19.11.2021 16:55:35,-58.000,340.454,636.688,585.510,586.822,-0.177,-48.044
19.11.2021 16:55:36,-57.905,341.217,638.427,587.158,588.195,-0.139,-48.080
19.11.2021 16:55:37,-57.799,341.857,639.953,588.012,589.599,-0.213,-48.116
19.11.2021 16:55:38,-57.694,343.078,641.418,590.179,591.430,-0.167,-48.025
19.11.2021 16:55:39,-57.608,343.780,642.822,591.552,592.254,-0.093,-48.035
19.11.2021 16:55:40,-57.500,345.092,644.317,592.285,593.811,-0.203,-47.928
19.11.2021 16:55:41,-57.407,345.336,645.019,593.353,595.214,-0.248,-47.955
19.11.2021 16:55:42,-57.299,346.496,647.033,594.543,596.466,-0.255,-47.938
19.11.2021 16:55:43,-57.199,348.022,648.406,595.947,597.686,-0.230,-47.775
19.11.2021 16:55:44,-57.101,348.693,650.177,597.869,598.876,-0.133,-47.832
19.11.2021 16:55:45,-56.995,350.036,651.062,598.693,600.189,-0.197,-47.653
19.11.2021 16:55:46,-56.905,350.311,653.076,600.494,601.409,-0.120,-47.819
19.11.2021 16:55:47,-56.802,351.562,653.839,601.531,602.874,-0.176,-47.647
19.11.2021 16:55:48,-56.706,352.447,655.090,602.569,603.881,-0.172,-47.603
19.11.2021 16:55:49,-56.608,352.966,656.646,603.454,605.621,-0.284,-47.668
19.11.2021 16:55:50,-56.503,354.095,657.836,604.766,606.567,-0.235,-47.568
19.11.2021 16:55:51,-56.405,355.682,658.966,605.834,607.299,-0.191,-47.370
19.11.2021 16:55:52,-56.299,356.262,660.339,607.147,608.917,-0.230,-47.402
19.11.2021 16:55:53,-56.201,356.781,661.315,608.489,609.771,-0.166,-47.404
19.11.2021 16:55:54,-56.096,358.276,662.994,609.893,611.083,-0.154,-47.285
19.11.2021 16:55:55,-56.005,358.551,663.970,611.236,612.213,-0.126,-47.336
19.11.2021 16:55:57,-55.892,359.771,665.191,612.670,613.830,-0.149,-47.223
19.11.2021 16:55:58,-55.802,360.321,666.015,613.281,614.562,-0.165,-47.202
19.11.2021 16:55:59,-55.696,361.053,666.748,614.685,615.905,-0.157,-47.135
19.11.2021 16:56:00,-55.603,361.755,668.457,615.509,617.523,-0.258,-47.180
19.11.2021 16:56:01,-55.500,363.037,669.616,616.729,618.164,-0.184,-47.049
19.11.2021 16:56:02,-55.407,364.074,670.898,617.828,618.988,-0.148,-46.981
19.11.2021 16:56:03,-55.299,364.990,672.576,619.476,620.971,-0.191,-46.980
19.11.2021 16:56:04,-55.204,365.661,673.858,621.093,621.765,-0.085,-46.985
19.11.2021 16:56:05,-55.103,366.119,674.591,622.131,623.382,-0.159,-46.973
19.11.2021 16:56:06,-55.008,367.614,675.994,623.199,624.420,-0.155,-46.829
19.11.2021 16:56:07,-54.905,367.828,677.032,624.206,625.793,-0.201,-46.898
19.11.2021 16:56:08,-54.807,368.988,677.856,625.518,626.922,-0.177,-46.758
19.11.2021 16:56:09,-54.696,369.964,679.473,626.617,628.265,-0.208,-46.739
19.11.2021 16:56:10,-54.596,370.483,680.267,627.258,628.845,-0.200,-46.722
19.11.2021 16:56:11,-54.498,371.612,681.274,628.540,629.852,-0.165,-46.609
19.11.2021 16:56:12,-54.400,371.856,682.495,629.547,631.286,-0.218,-46.691
19.11.2021 16:56:13,-54.297,373.596,684.112,631.225,632.507,-0.160,-46.525
19.11.2021 16:56:14,-54.201,374.023,685.241,632.263,633.422,-0.145,-46.561
19.11.2021 16:56:15,-54.106,374.938,686.767,633.605,634.979,-0.171,-46.545
19.11.2021 16:56:16,-53.998,375.579,687.500,635.101,636.749,-0.205,-46.499
19.11.2021 16:56:17,-53.892,376.617,689.392,636.596,637.969,-0.170,-46.498
19.11.2021 16:56:18,-53.807,377.288,689.819,637.329,638.732,-0.174,-46.414
19.11.2021 16:56:22,-53.694,377.655,691.223,637.939,639.617,-0.208,-46.491
19.11.2021 16:56:23,-53.601,378.906,692.962,640.014,641.143,-0.139,-46.434
19.11.2021 16:56:26,-53.493,379.455,693.634,640.838,641.876,-0.128,-46.399
19.11.2021 16:56:27,-53.405,379.760,694.427,641.815,643.157,-0.165,-46.423
19.11.2021 16:56:30,-53.292,380.889,695.495,643.157,644.134,-0.120,-46.320
19.11.2021 16:56:31,-53.194,381.195,696.838,643.798,645.324,-0.187,-46.401
19.11.2021 16:56:33,-53.096,382.354,698.333,645.690,646.667,-0.119,-46.337
19.11.2021 16:56:34,-53.000,383.209,699.981,646.545,648.162,-0.197,-46.346
19.11.2021 16:56:35,-52.905,384.246,701.263,648.223,649.627,-0.171,-46.282
19.11.2021 16:56:36,-52.804,384.490,703.002,649.597,651.153,-0.189,-46.416
19.11.2021 16:56:37,-52.706,385.681,704.040,651.245,652.038,-0.096,-46.299
19.11.2021 16:56:38,-52.603,385.803,705.718,652.893,653.900,-0.122,-46.448
19.11.2021 16:56:39,-52.500,387.329,707.092,653.625,654.907,-0.155,-46.303
19.11.2021 16:56:40,-52.407,387.786,708.496,655.181,656.341,-0.140,-46.361
19.11.2021 16:56:41,-52.304,388.702,709.716,655.944,657.653,-0.206,-46.315
19.11.2021 16:56:42,-52.194,389.892,711.639,658.081,659.606,-0.183,-46.290
19.11.2021 16:56:43,-52.103,390.197,713.317,658.691,660.491,-0.216,-46.404
19.11.2021 16:56:44,-51.998,391.143,714.508,660.552,662.231,-0.201,-46.349
19.11.2021 16:56:45,-51.895,391.967,715.942,661.346,663.146,-0.215,-46.342
19.11.2021 16:56:46,-51.797,392.730,717.742,662.994,664.001,-0.120,-46.383
19.11.2021 16:56:47,-51.694,394.104,719.848,664.550,665.771,-0.145,-46.342
19.11.2021 16:56:48,-51.601,394.378,721.191,665.802,666.839,-0.123,-46.427
19.11.2021 16:56:49,-51.505,395.172,722.534,667.327,668.365,-0.123,-46.416
19.11.2021 16:56:50,-51.405,395.477,723.846,668.945,669.677,-0.086,-46.491
19.11.2021 16:56:51,-51.307,396.606,724.822,670.257,671.447,-0.140,-46.383
19.11.2021 16:56:52,-51.196,397.247,726.470,671.447,672.821,-0.161,-46.430
19.11.2021 16:56:53,-51.101,398.284,727.813,672.546,674.499,-0.229,-46.375
19.11.2021 16:56:54,-51.005,399.108,729.492,674.407,675.964,-0.182,-46.392
19.11.2021 16:56:55,-50.905,399.932,730.529,675.476,676.605,-0.132,-46.346
19.11.2021 16:56:56,-50.804,401.367,731.719,676.788,678.283,-0.174,-46.204
19.11.2021 16:56:57,-50.701,402.099,732.849,678.039,678.741,-0.081,-46.184
19.11.2021 16:56:58,-50.608,402.740,734.893,678.802,680.664,-0.217,-46.270
19.11.2021 16:56:59,-50.508,403.930,735.961,680.603,681.915,-0.152,-46.162
19.11.2021 16:57:00,-50.395,404.876,737.609,681.701,683.502,-0.209,-46.154
19.11.2021 16:57:01,-50.304,405.517,738.525,683.319,684.722,-0.162,-46.129
19.11.2021 16:57:02,-50.201,406.188,739.776,684.631,685.699,-0.123,-46.132
19.11.2021 16:57:03,-50.096,407.470,741.302,686.004,687.652,-0.190,-46.053
19.11.2021 16:57:04,-50.008,407.806,742.004,687.622,688.537,-0.105,-46.062
19.11.2021 16:57:05,-49.900,408.843,743.377,688.598,690.185,-0.182,-46.012
19.11.2021 16:57:06,-49.807,409.881,745.056,690.032,691.650,-0.185,-45.992
19.11.2021 16:57:07,-49.704,410.400,746.612,691.497,692.749,-0.143,-46.051
19.11.2021 16:57:08,-49.601,411.712,747.802,692.413,694.152,-0.198,-45.935
19.11.2021 16:57:09,-49.508,411.926,748.382,693.481,695.068,-0.181,-45.954
19.11.2021 16:57:10,-49.397,413.421,749.908,695.007,697.021,-0.229,-45.839
19.11.2021 16:57:11,-49.302,413.818,751.159,696.563,698.150,-0.180,-45.890
19.11.2021 16:57:12,-49.204,414.794,752.349,697.387,699.462,-0.235,-45.834
19.11.2021 16:57:13,-49.108,416.168,753.448,698.791,700.897,-0.238,-45.700
19.11.2021 16:57:14,-49.008,416.748,754.791,700.225,701.690,-0.165,-45.728
19.11.2021 16:57:15,-48.897,417.633,756.103,701.507,703.582,-0.234,-45.700
19.11.2021 16:57:16,-48.799,418.762,756.744,703.033,704.620,-0.178,-45.565
19.11.2021 16:57:17,-48.691,419.189,758.117,703.826,705.535,-0.192,-45.623
19.11.2021 16:57:18,-48.598,420.684,758.911,705.078,707.275,-0.246,-45.440
19.11.2021 16:57:21,-48.498,421.142,760.406,706.573,707.794,-0.136,-45.504
19.11.2021 16:57:22,-48.395,421.661,761.016,707.305,709.259,-0.218,-45.473
19.11.2021 16:57:23,-48.304,423.004,762.603,708.618,710.418,-0.201,-45.393
19.11.2021 16:57:24,-48.206,423.858,763.397,710.540,712.097,-0.173,-45.322
19.11.2021 16:57:25,-48.106,424.407,764.709,711.914,713.653,-0.193,-45.353
19.11.2021 16:57:26,-48.008,425.292,765.899,713.256,714.660,-0.155,-45.314
19.11.2021 16:57:27,-47.902,426.116,766.632,714.355,716.094,-0.192,-45.243
19.11.2021 16:57:28,-47.799,426.971,767.456,715.393,716.979,-0.175,-45.176
19.11.2021 16:57:29,-47.701,427.642,768.920,716.949,718.719,-0.195,-45.200
19.11.2021 16:57:30,-47.601,429.046,769.897,718.353,720.336,-0.218,-45.054
19.11.2021 16:57:31,-47.498,429.656,770.904,719.787,721.282,-0.164,-45.045
19.11.2021 16:57:32,-47.402,431.152,772.064,720.672,722.961,-0.251,-44.902
19.11.2021 16:57:33,-47.304,431.976,773.590,722.076,723.571,-0.163,-44.907
19.11.2021 16:57:34,-47.196,432.800,774.780,723.419,725.677,-0.246,-44.880
19.11.2021 16:57:35,-47.108,433.258,775.634,724.121,726.440,-0.253,-44.883
19.11.2021 16:57:36,-46.998,434.051,777.343,725.646,728.118,-0.269,-44.910
19.11.2021 16:57:37,-46.902,435.607,778.259,726.776,728.942,-0.235,-44.735
19.11.2021 16:57:38,-46.807,436.157,779.754,728.179,730.285,-0.228,-44.783
19.11.2021 16:57:39,-46.704,437.011,780.792,729.431,731.536,-0.228,-44.737
19.11.2021 16:57:40,-46.606,437.744,782.043,730.346,732.452,-0.228,-44.732
19.11.2021 16:57:42,-46.505,438.323,782.653,731.628,733.612,-0.214,-44.692
19.11.2021 16:57:43,-46.397,439.300,784.149,732.574,735.290,-0.293,-44.669
19.11.2021 16:57:44,-46.307,440.216,785.827,734.008,736.145,-0.230,-44.673
19.11.2021 16:57:45,-46.206,440.795,787.017,734.710,737.274,-0.275,-44.688
19.11.2021 16:57:46,-46.103,441.833,788.085,735.992,738.616,-0.282,-44.615
19.11.2021 16:57:47,-46.008,442.687,789.978,737.335,739.501,-0.232,-44.649
19.11.2021 16:57:48,-45.897,443.634,791.076,738.433,741.088,-0.284,-44.595
19.11.2021 16:57:49,-45.792,444.305,792.510,739.624,741.729,-0.225,-44.617
19.11.2021 16:57:50,-45.706,445.007,793.518,740.142,742.645,-0.267,-44.594
19.11.2021 16:57:51,-45.603,445.922,794.677,741.638,743.988,-0.250,-44.551
19.11.2021 16:57:52,-45.500,446.685,795.989,742.645,745.300,-0.282,-44.546
19.11.2021 16:57:53,-45.407,447.814,797.393,743.957,746.551,-0.275,-44.491
19.11.2021 16:57:54,-45.304,448.577,798.645,745.117,747.589,-0.262,-44.481
19.11.2021 16:57:55,-45.204,449.584,800.354,746.215,748.687,-0.262,-44.473
19.11.2021 16:57:56,-45.093,450.439,800.903,747.161,749.816,-0.281,-44.385
19.11.2021 16:57:57,-45.003,451.263,802.459,748.168,750.976,-0.296,-44.393
19.11.2021 16:57:58,-44.907,452.117,803.588,749.420,751.617,-0.231,-44.357
19.11.2021 16:57:59,-44.804,452.667,804.412,750.579,753.082,-0.263,-44.344
19.11.2021 16:58:00,-44.696,454.315,806.427,751.617,754.119,-0.263,-44.261
19.11.2021 16:58:01,-44.603,455.078,806.976,752.777,755.218,-0.256,-44.188
19.11.2021 16:58:02,-44.498,455.810,808.227,753.448,756.164,-0.285,-44.184
19.11.2021 16:58:03,-44.397,457.000,809.478,754.364,756.713,-0.246,-44.106
19.11.2021 16:58:04,-44.307,458.007,810.699,755.645,758.300,-0.277,-44.055
19.11.2021 16:58:05,-44.206,459.136,811.248,756.256,758.911,-0.277,-43.925
19.11.2021 16:58:06,-44.106,459.564,812.805,757.354,759.796,-0.255,-43.997
19.11.2021 16:58:07,-43.998,460.784,813.842,758.331,760.772,-0.254,-43.896
19.11.2021 16:58:08,-43.897,461.639,814.697,759.368,761.901,-0.263,-43.838
19.11.2021 16:58:09,-43.799,462.707,815.612,760.040,762.847,-0.292,-43.751
19.11.2021 16:58:10,-43.699,463.958,816.894,761.108,763.854,-0.285,-43.668
19.11.2021 16:58:11,-43.596,464.874,817.993,762.145,764.831,-0.278,-43.622
19.11.2021 16:58:12,-43.500,466.125,818.817,762.451,765.991,-0.367,-43.499
19.11.2021 16:58:14,-43.400,467.193,820.007,763.610,766.662,-0.316,-43.437
19.11.2021 16:58:15,-43.299,467.742,820.739,764.526,766.784,-0.233,-43.417
19.11.2021 16:58:17,-43.194,469.207,821.716,764.953,768.341,-0.350,-43.275
19.11.2021 16:58:18,-43.096,469.970,823.059,766.357,768.859,-0.258,-43.275
19.11.2021 16:58:20,-42.993,471.069,823.852,766.937,769.927,-0.308,-43.175
19.11.2021 16:58:21,-42.900,471.801,824.462,767.333,770.477,-0.323,-43.115
19.11.2021 16:58:22,-42.792,473.144,825.561,768.859,771.942,-0.317,-43.004
19.11.2021 16:58:23,-42.696,473.785,826.507,769.195,772.216,-0.310,-42.989
19.11.2021 16:58:24,-42.601,474.700,827.545,769.897,773.284,-0.347,-42.939
19.11.2021 16:58:25,-42.505,475.799,828.369,771.057,774.017,-0.303,-42.843
19.11.2021 16:58:26,-42.407,477.050,829.498,771.850,775.451,-0.368,-42.750
19.11.2021 16:58:27,-42.292,478.210,830.139,772.979,775.726,-0.281,-42.628
19.11.2021 16:58:28,-42.204,479.125,831.054,773.498,776.702,-0.327,-42.569
19.11.2021 16:58:29,-42.101,480.468,831.695,774.719,777.374,-0.271,-42.419
19.11.2021 16:58:30,-42.003,481.109,832.275,775.604,777.923,-0.236,-42.373
19.11.2021 16:58:31,-41.902,482.177,832.946,776.306,778.808,-0.255,-42.269
19.11.2021 16:58:32,-41.799,483.795,833.892,776.855,779.937,-0.313,-42.106
19.11.2021 16:58:33,-41.699,484.649,834.533,777.770,781.158,-0.344,-42.032
19.11.2021 16:58:34,-41.596,485.504,834.869,778.289,781.585,-0.334,-41.932
19.11.2021 16:58:35,-41.500,486.663,835.601,779.022,782.226,-0.325,-41.821
19.11.2021 16:58:36,-41.405,487.884,836.029,780.059,782.928,-0.290,-41.674
19.11.2021 16:58:37,-41.307,488.311,836.456,780.548,783.691,-0.318,-41.647
19.11.2021 16:58:38,-41.206,489.654,837.829,781.463,785.095,-0.367,-41.566
19.11.2021 16:58:39,-41.106,490.173,837.982,782.470,785.583,-0.314,-41.501
19.11.2021 16:58:40,-40.998,490.936,838.836,783.020,786.346,-0.335,-41.461
19.11.2021 16:58:41,-40.907,491.943,839.294,783.416,786.926,-0.354,-41.350
19.11.2021 16:58:42,-40.797,492.919,840.026,784.851,787.841,-0.301,-41.268
19.11.2021 16:58:43,-40.701,493.804,840.942,785.430,788.421,-0.301,-41.216
19.11.2021 16:58:44,-40.606,494.445,841.094,786.437,789.306,-0.288,-41.134
19.11.2021 16:58:45,-40.505,495.086,842.193,786.560,790.100,-0.355,-41.134
19.11.2021 16:58:46,-40.407,496.032,843.536,788.177,790.832,-0.266,-41.111
19.11.2021 16:58:47,-40.299,496.856,844.604,788.360,791.809,-0.345,-41.082
19.11.2021 16:58:48,-40.204,497.985,844.970,789.245,792.633,-0.339,-40.946
19.11.2021 16:58:49,-40.108,498.474,845.672,790.008,792.907,-0.290,-40.935
19.11.2021 16:58:50,-40.000,499.023,846.679,790.588,793.823,-0.323,-40.942
19.11.2021 16:58:51,-39.905,499.816,847.351,791.168,794.616,-0.344,-40.883
19.11.2021 16:58:52,-39.802,500.549,848.693,792.449,795.135,-0.268,-40.892
19.11.2021 16:58:53,-39.699,501.464,849.578,792.755,795.867,-0.310,-40.834
19.11.2021 16:58:54,-39.603,501.831,850.433,793.548,796.783,-0.322,-40.854
19.11.2021 16:58:55,-39.508,502.899,851.379,794.555,797.760,-0.318,-40.779
19.11.2021 16:58:56,-39.397,503.540,851.898,795.410,797.912,-0.248,-40.730
19.11.2021 16:58:57,-39.299,504.425,853.363,795.898,798.858,-0.294,-40.727
19.11.2021 16:58:58,-39.206,505.157,853.912,796.752,799.591,-0.281,-40.667
19.11.2021 16:58:59,-39.103,506.500,854.736,797.546,800.048,-0.248,-40.542
19.11.2021 16:59:00,-39.003,507.080,855.865,798.614,801.086,-0.244,-40.555
19.11.2021 16:59:01,-38.907,507.995,856.536,799.407,801.544,-0.211,-40.480
19.11.2021 16:59:02,-38.797,508.636,857.666,799.804,802.276,-0.244,-40.484
19.11.2021 16:59:03,-38.696,509.399,858.398,800.659,803.039,-0.235,-40.436
19.11.2021 16:59:04,-38.596,510.437,859.405,801.727,804.077,-0.231,-40.372
19.11.2021 16:59:05,-38.505,511.474,859.771,802.307,804.443,-0.210,-40.253
19.11.2021 16:59:06,-38.402,512.023,860.565,802.795,805.480,-0.264,-40.242
19.11.2021 16:59:07,-38.294,513.122,861.450,803.619,806.152,-0.249,-40.159
19.11.2021 16:59:08,-38.201,514.251,862.060,804.199,806.457,-0.222,-40.049
19.11.2021 16:59:09,-38.106,514.709,863.159,805.267,807.800,-0.248,-40.077
19.11.2021 16:59:11,-37.995,516.143,863.799,806.396,808.624,-0.218,-39.926
19.11.2021 16:59:12,-37.907,516.662,863.738,806.213,809.204,-0.293,-39.846
19.11.2021 16:59:13,-37.802,517.456,864.318,807.373,809.631,-0.221,-39.782
19.11.2021 16:59:14,-37.706,518.554,865.722,808.013,811.004,-0.292,-39.745
19.11.2021 16:59:15,-37.601,519.989,866.302,809.265,811.279,-0.196,-39.589
19.11.2021 16:59:16,-37.505,520.294,867.340,810.028,812.316,-0.223,-39.635
19.11.2021 16:59:17,-37.395,522.064,867.858,810.638,813.018,-0.232,-39.427
19.11.2021 16:59:18,-37.307,522.766,868.530,811.187,814.025,-0.276,-39.385
19.11.2021 16:59:19,-37.206,523.437,869.201,812.133,815.093,-0.288,-39.347
19.11.2021 16:59:20,-37.108,524.597,869.934,812.835,815.734,-0.282,-39.245
19.11.2021 16:59:21,-37.000,525.146,870.391,813.751,816.406,-0.258,-39.206
19.11.2021 16:59:22,-36.902,526.336,871.459,814.453,817.504,-0.296,-39.129
19.11.2021 16:59:23,-36.804,527.526,871.856,815.490,817.687,-0.213,-38.994
19.11.2021 16:59:24,-36.706,527.923,872.558,815.734,819.000,-0.316,-38.998
19.11.2021 16:59:25,-36.596,529.693,872.802,816.833,819.458,-0.254,-38.770
19.11.2021 16:59:27,-36.498,529.632,873.748,817.260,819.580,-0.224,-38.859
19.11.2021 16:59:28,-36.407,530.853,874.175,817.840,820.434,-0.250,-38.724
19.11.2021 16:59:29,-36.297,531.707,874.847,818.756,821.899,-0.303,-38.662
19.11.2021 16:59:30,-36.201,532.592,875.366,819.030,822.357,-0.321,-38.582
19.11.2021 16:59:31,-36.103,533.630,875.549,820.617,822.845,-0.214,-38.452
19.11.2021 16:59:32,-35.993,534.179,876.434,820.892,823.547,-0.255,-38.451
19.11.2021 16:59:33,-35.905,535.156,876.648,821.624,823.974,-0.226,-38.333
19.11.2021 16:59:34,-35.802,535.919,877.227,822.357,825.042,-0.258,-38.276
19.11.2021 16:59:35,-35.696,536.926,877.136,822.448,825.469,-0.290,-38.128
19.11.2021 16:59:36,-35.606,537.414,877.014,823.700,826.171,-0.237,-38.050
19.11.2021 16:59:37,-35.503,538.452,877.349,824.005,826.843,-0.272,-37.934
19.11.2021 16:59:38,-35.400,538.970,877.563,825.195,826.965,-0.169,-37.880
19.11.2021 16:59:39,-35.294,539.916,877.777,825.347,827.789,-0.234,-37.768
19.11.2021 16:59:40,-35.204,540.588,878.204,825.866,828.491,-0.251,-37.711
19.11.2021 16:59:41,-35.098,541.351,878.173,826.324,828.735,-0.230,-37.603
19.11.2021 16:59:42,-35.008,541.748,878.570,826.843,829.956,-0.297,-37.582
19.11.2021 16:59:43,-34.895,543.579,879.303,828.369,830.505,-0.204,-37.392
19.11.2021 16:59:44,-34.804,544.403,880.066,829.589,831.695,-0.200,-37.344
19.11.2021 16:59:45,-34.694,544.769,879.730,829.559,832.031,-0.235,-37.265
19.11.2021 16:59:46,-34.598,546.142,880.920,830.474,833.007,-0.241,-37.177
19.11.2021 16:59:47,-34.500,547.088,882.293,831.665,834.594,-0.278,-37.164
19.11.2021 16:59:48,-34.397,547.882,882.782,832.519,834.869,-0.223,-37.097
19.11.2021 16:59:49,-34.297,549.133,883.911,833.068,835.723,-0.252,-37.022
19.11.2021 16:59:50,-34.204,549.102,884.094,833.190,836.120,-0.278,-37.042
19.11.2021 16:59:51,-34.098,549.957,884.582,834.198,836.547,-0.222,-36.967
19.11.2021 16:59:52,-33.993,550.018,884.826,834.594,837.005,-0.228,-36.979
19.11.2021 16:59:53,-33.902,551.055,884.948,835.083,837.585,-0.237,-36.848
19.11.2021 16:59:54,-33.799,551.239,885.742,835.449,838.012,-0.242,-36.890
19.11.2021 16:59:55,-33.706,552.001,886.016,835.815,838.195,-0.225,-36.810
19.11.2021 16:59:56,-33.603,552.551,886.657,836.151,838.806,-0.251,-36.790
19.11.2021 16:59:57,-33.505,552.612,886.962,836.486,838.958,-0.233,-36.807
19.11.2021 16:59:58,-33.402,553.558,887.817,836.639,838.928,-0.216,-36.751
19.11.2021 16:59:59,-33.302,554.321,888.366,837.585,840.240,-0.250,-36.694
19.11.2021 17:00:00,-33.199,555.236,888.824,838.409,840.606,-0.207,-36.609
19.11.2021 17:00:01,-33.093,555.389,889.434,838.317,840.942,-0.247,-36.640
19.11.2021 17:00:03,-32.993,556.396,889.404,838.500,841.156,-0.250,-36.501
19.11.2021 17:00:04,-32.895,557.281,889.923,839.141,841.369,-0.210,-36.426
19.11.2021 17:00:06,-32.792,557.800,890.350,839.416,841.979,-0.241,-36.392
19.11.2021 17:00:07,-32.701,558.380,890.625,839.569,842.498,-0.276,-36.337
19.11.2021 17:00:08,-32.601,559.448,890.777,840.484,842.407,-0.181,-36.207
19.11.2021 17:00:09,-32.500,559.997,891.113,840.423,843.414,-0.281,-36.161
19.11.2021 17:00:10,-32.407,560.974,891.143,841.216,843.383,-0.203,-36.033
19.11.2021 17:00:11,-32.292,561.370,892.242,841.247,843.872,-0.246,-36.072
19.11.2021 17:00:12,-32.206,562.896,891.967,841.979,844.299,-0.217,-35.845
19.11.2021 17:00:13,-32.096,563.293,892.272,842.132,844.848,-0.255,-35.818
19.11.2021 17:00:14,-31.993,563.964,892.303,842.224,844.879,-0.249,-35.731
19.11.2021 17:00:15,-31.895,564.971,892.700,842.681,845.184,-0.234,-35.630
19.11.2021 17:00:16,-31.807,565.643,893.035,843.444,845.611,-0.203,-35.569
19.11.2021 17:00:17,-31.699,566.925,893.127,843.444,845.825,-0.223,-35.407
19.11.2021 17:00:18,-31.603,567.565,892.944,844.055,846.191,-0.200,-35.306
19.11.2021 17:00:19,-31.493,568.206,893.493,843.475,846.191,-0.254,-35.267
19.11.2021 17:00:20,-31.407,569.122,893.157,844.604,846.405,-0.168,-35.118
19.11.2021 17:00:21,-31.292,570.037,893.280,844.543,846.832,-0.214,-35.007
19.11.2021 17:00:22,-31.201,570.678,893.280,844.757,846.588,-0.171,-34.922
19.11.2021 17:00:23,-31.101,571.685,893.554,844.940,847.381,-0.228,-34.812
19.11.2021 17:00:24,-30.998,572.814,893.402,845.733,847.442,-0.159,-34.651
19.11.2021 17:00:25,-30.905,572.814,893.585,845.550,847.442,-0.177,-34.666
19.11.2021 17:00:26,-30.792,574.645,893.798,845.397,848.022,-0.245,-34.443
19.11.2021 17:00:27,-30.704,575.134,893.920,846.191,848.022,-0.171,-34.390
19.11.2021 17:00:28,-30.606,575.897,893.707,845.886,848.114,-0.208,-34.271
19.11.2021 17:00:29,-30.505,576.721,893.707,846.283,848.571,-0.214,-34.163
19.11.2021 17:00:30,-30.407,577.789,893.737,846.710,848.449,-0.162,-34.026
19.11.2021 17:00:31,-30.299,578.216,893.249,846.740,848.815,-0.193,-33.929
19.11.2021 17:00:32,-30.199,579.071,893.310,846.954,848.388,-0.134,-33.822
19.11.2021 17:00:33,-30.103,580.078,893.585,846.710,849.151,-0.228,-33.714
19.11.2021 17:00:34,-30.008,581.207,893.066,847.198,849.517,-0.216,-33.523
19.11.2021 17:00:35,-29.897,581.481,893.035,847.320,849.212,-0.176,-33.485
19.11.2021 17:00:36,-29.804,582.489,892.395,847.259,849.700,-0.228,-33.299
19.11.2021 17:00:37,-29.694,583.190,892.639,847.778,849.365,-0.148,-33.229
19.11.2021 17:00:38,-29.601,583.648,892.059,847.381,849.578,-0.205,-33.120
19.11.2021 17:00:39,-29.495,584.960,891.693,848.022,849.578,-0.145,-32.919
19.11.2021 17:00:40,-29.402,585.510,891.357,847.320,849.578,-0.210,-32.819
19.11.2021 17:00:41,-29.299,586.608,891.174,848.144,849.548,-0.131,-32.661
19.11.2021 17:00:42,-29.206,587.066,890.777,847.747,849.914,-0.202,-32.568
19.11.2021 17:00:43,-29.108,587.890,890.747,847.900,849.639,-0.162,-32.459
19.11.2021 17:00:44,-29.003,588.195,890.045,848.022,849.914,-0.176,-32.360
19.11.2021 17:00:45,-28.905,589.019,889.282,847.778,849.578,-0.168,-32.189
19.11.2021 17:00:46,-28.807,590.332,889.526,848.236,850.097,-0.173,-32.040
19.11.2021 17:00:47,-28.704,590.911,888.946,848.236,850.128,-0.176,-31.916
19.11.2021 17:00:48,-28.606,591.247,888.702,848.358,850.067,-0.159,-31.852
19.11.2021 17:00:49,-28.508,591.796,888.183,847.992,850.128,-0.199,-31.737
19.11.2021 17:00:50,-28.405,592.803,888.610,848.022,850.799,-0.259,-31.644
19.11.2021 17:00:51,-28.302,593.475,888.244,848.236,850.280,-0.190,-31.527
19.11.2021 17:00:52,-28.206,594.055,888.275,848.297,850.891,-0.241,-31.455
19.11.2021 17:00:53,-28.096,595.306,888.183,848.815,850.524,-0.159,-31.287
19.11.2021 17:00:54,-27.998,595.123,888.366,848.907,850.402,-0.139,-31.326
19.11.2021 17:00:55,-27.895,596.008,888.000,848.449,849.914,-0.136,-31.182
19.11.2021 17:00:56,-27.797,597.045,888.732,848.937,850.891,-0.182,-31.112
19.11.2021 17:00:57,-27.691,597.442,888.336,848.663,850.830,-0.202,-31.027
19.11.2021 17:00:58,-27.608,598.266,888.519,848.937,850.494,-0.145,-30.938
19.11.2021 17:00:59,-27.500,599.426,888.610,848.480,850.372,-0.176,-30.798
19.11.2021 17:01:00,-27.395,599.700,888.824,848.541,850.585,-0.190,-30.782
19.11.2021 17:01:01,-27.307,600.097,888.824,849.273,850.616,-0.125,-30.731
19.11.2021 17:01:02,-27.204,601.776,889.099,848.693,850.402,-0.159,-30.542
19.11.2021 17:01:03,-27.093,601.928,888.946,848.846,850.463,-0.150,-30.509
19.11.2021 17:01:04,-26.998,602.539,888.641,848.693,850.219,-0.142,-30.406
19.11.2021 17:01:05,-26.907,603.271,888.824,848.449,850.311,-0.173,-30.329
19.11.2021 17:01:06,-26.807,603.759,888.671,848.602,849.945,-0.125,-30.254
19.11.2021 17:01:07,-26.694,604.553,888.946,848.693,850.738,-0.190,-30.177
19.11.2021 17:01:08,-26.603,605.255,888.397,848.480,849.914,-0.133,-30.041
19.11.2021 17:01:09,-26.500,606.384,888.488,848.937,850.433,-0.139,-29.907
19.11.2021 17:01:10,-26.405,606.964,888.519,848.846,850.402,-0.145,-29.836
19.11.2021 17:01:11,-26.304,607.727,888.122,848.571,850.311,-0.162,-29.706
19.11.2021 17:01:13,-26.194,609.100,887.939,848.541,850.097,-0.145,-29.518
19.11.2021 17:01:14,-26.103,609.130,887.542,848.571,849.975,-0.130,-29.480
19.11.2021 17:01:15,-25.995,610.412,887.237,848.602,850.097,-0.139,-29.293
19.11.2021 17:01:16,-25.892,611.785,887.268,848.907,849.792,-0.082,-29.123
19.11.2021 17:01:17,-25.797,612.579,887.054,848.327,849.700,-0.128,-29.006
19.11.2021 17:01:18,-25.694,613.555,886.352,848.236,849.578,-0.125,-28.823
19.11.2021 17:01:19,-25.606,614.013,886.321,848.114,849.304,-0.111,-28.763
19.11.2021 17:01:20,-25.503,615.234,886.016,848.297,849.731,-0.133,-28.584
19.11.2021 17:01:21,-25.395,616.027,885.498,848.480,849.334,-0.079,-28.441
19.11.2021 17:01:22,-25.304,617.523,885.375,848.266,849.548,-0.119,-28.244
19.11.2021 17:01:23,-25.201,618.377,884.948,848.663,849.273,-0.056,-28.101
19.11.2021 17:01:24,-25.098,618.835,884.033,848.083,849.395,-0.122,-27.965
19.11.2021 17:01:25,-25.005,619.842,884.094,847.900,849.700,-0.168,-27.845
19.11.2021 17:01:26,-24.905,620.941,883.605,848.541,849.060,-0.048,-27.667
19.11.2021 17:01:27,-24.807,622.009,883.514,847.869,849.395,-0.142,-27.527
19.11.2021 17:01:28,-24.701,622.894,883.544,848.754,849.304,-0.051,-27.420
19.11.2021 17:01:29,-24.596,623.626,883.300,848.388,849.334,-0.088,-27.309
19.11.2021 17:01:30,-24.503,624.877,882.873,848.297,849.517,-0.113,-27.117
19.11.2021 17:01:31,-24.402,625.701,882.568,848.571,849.090,-0.048,-26.989
19.11.2021 17:01:32,-24.292,626.403,882.629,848.388,848.968,-0.054,-26.908
19.11.2021 17:01:33,-24.201,627.410,881.988,848.388,849.029,-0.059,-26.729
19.11.2021 17:01:34,-24.103,628.509,881.683,847.747,849.273,-0.142,-26.567
19.11.2021 17:01:35,-24.000,629.486,881.225,848.205,849.395,-0.111,-26.408
19.11.2021 17:01:36,-23.905,630.035,880.981,848.205,849.121,-0.085,-26.319
19.11.2021 17:01:37,-23.804,631.500,880.065,848.297,848.846,-0.051,-26.060
19.11.2021 17:01:38,-23.706,631.958,880.065,848.632,849.426,-0.074,-26.004
19.11.2021 17:01:39,-23.606,632.781,879.272,848.388,849.517,-0.105,-25.834
19.11.2021 17:01:40,-23.498,633.605,878.784,848.419,849.365,-0.088,-25.691
19.11.2021 17:01:41,-23.400,634.216,879.058,848.632,849.395,-0.071,-25.641
19.11.2021 17:01:42,-23.294,635.498,878.356,848.693,849.365,-0.062,-25.423
19.11.2021 17:01:43,-23.196,635.894,877.716,848.724,849.670,-0.088,-25.319
19.11.2021 17:01:44,-23.098,636.810,877.868,848.388,849.609,-0.113,-25.221
19.11.2021 17:01:45,-23.000,637.756,876.495,848.907,849.487,-0.054,-24.985
19.11.2021 17:01:46,-22.905,638.671,876.800,848.419,849.731,-0.122,-24.902
19.11.2021 17:01:47,-22.802,639.373,876.190,848.785,849.609,-0.076,-24.763
19.11.2021 17:01:48,-22.704,640.228,875.824,848.510,849.548,-0.096,-24.627
19.11.2021 17:01:50,-22.593,641.326,875.091,848.632,849.517,-0.082,-24.430
19.11.2021 17:01:51,-22.500,642.456,874.847,848.480,849.151,-0.062,-24.272
19.11.2021 17:01:52,-22.392,643.371,874.237,848.937,848.846,0.008,-24.108
19.11.2021 17:01:53,-22.304,644.104,874.603,849.121,848.999,0.011,-24.052
19.11.2021 17:01:54,-22.201,645.202,874.145,848.846,849.365,-0.048,-23.880
19.11.2021 17:01:55,-22.101,646.026,873.931,848.785,848.541,0.022,-23.762
19.11.2021 17:01:56,-21.998,646.942,873.901,848.754,849.243,-0.045,-23.650
19.11.2021 17:01:57,-21.900,647.827,873.596,848.876,849.151,-0.025,-23.517
19.11.2021 17:01:58,-21.802,648.651,874.023,848.968,848.907,0.005,-23.456
19.11.2021 17:01:59,-21.704,649.963,873.748,849.029,849.487,-0.042,-23.275
19.11.2021 17:02:00,-21.603,650.482,874.481,849.548,849.609,-0.005,-23.278
19.11.2021 17:02:01,-21.508,652.069,874.176,849.700,850.158,-0.042,-23.062
19.11.2021 17:02:02,-21.400,653.289,874.542,849.670,850.067,-0.036,-22.950
19.11.2021 17:02:03,-21.302,653.533,873.931,849.578,850.646,-0.099,-22.866
19.11.2021 17:02:04,-21.194,654.510,874.176,849.883,850.067,-0.017,-22.772
19.11.2021 17:02:05,-21.096,655.609,874.359,850.555,850.708,-0.014,-22.658
19.11.2021 17:02:06,-21.005,657.440,875.061,851.318,851.440,-0.011,-22.504
19.11.2021 17:02:07,-20.900,658.447,875.183,851.165,851.440,-0.025,-22.396
19.11.2021 17:02:08,-20.807,659.881,875.244,851.623,851.928,-0.028,-22.232
19.11.2021 17:02:09,-20.704,660.400,875.366,852.752,851.867,0.082,-22.182
19.11.2021 17:02:10,-20.598,661.956,875.457,852.691,852.966,-0.025,-22.007
19.11.2021 17:02:11,-20.500,663.177,875.793,853.057,853.576,-0.048,-21.894
19.11.2021 17:02:12,-20.405,663.757,875.335,853.057,853.241,-0.017,-21.785
19.11.2021 17:02:13,-20.299,664.916,875.000,852.935,853.149,-0.019,-21.620
19.11.2021 17:02:14,-20.201,665.283,874.237,852.569,852.905,-0.031,-21.509
19.11.2021 17:02:15,-20.108,666.351,874.359,852.569,852.996,-0.039,-21.395
19.11.2021 17:02:16,-20.005,667.236,873.443,853.179,852.661,0.048,-21.211
19.11.2021 17:02:17,-19.900,668.212,873.260,852.142,852.691,-0.051,-21.080
19.11.2021 17:02:18,-19.794,669.342,872.833,852.569,852.416,0.014,-20.911
19.11.2021 17:02:19,-19.706,670.471,871.856,852.478,852.264,0.019,-20.692
19.11.2021 17:02:20,-19.593,671.203,871.459,852.050,852.325,-0.025,-20.572
19.11.2021 17:02:21,-19.508,672.302,871.276,852.142,851.562,0.053,-20.428
19.11.2021 17:02:22,-19.392,672.851,870.636,852.142,851.837,0.028,-20.307
19.11.2021 17:02:23,-19.297,674.316,870.330,852.142,851.898,0.022,-20.110
19.11.2021 17:02:24,-19.194,675.628,869.781,851.470,851.592,-0.011,-19.909
19.11.2021 17:02:25,-19.103,676.452,869.293,851.623,851.409,0.019,-19.771
19.11.2021 17:02:26,-18.995,677.337,868.255,851.501,851.104,0.036,-19.575
19.11.2021 17:02:27,-18.895,678.619,868.530,851.379,851.806,-0.039,-19.453
19.11.2021 17:02:28,-18.804,679.779,867.614,851.409,850.860,0.051,-19.237
19.11.2021 17:02:29,-18.691,680.419,867.736,851.348,850.982,0.034,-19.174
19.11.2021 17:02:30,-18.608,681.701,866.394,851.348,850.555,0.073,-18.906
19.11.2021 17:02:31,-18.508,682.312,866.821,850.952,850.677,0.025,-18.875
19.11.2021 17:02:32,-18.402,683.197,865.600,850.616,850.219,0.036,-18.664
19.11.2021 17:02:33,-18.297,683.959,865.081,851.165,850.433,0.068,-18.530
19.11.2021 17:02:34,-18.191,685.211,864.807,850.585,849.823,0.071,-18.362
19.11.2021 17:02:35,-18.101,686.035,863.769,850.677,850.189,0.045,-18.174
19.11.2021 17:02:36,-18.000,686.981,863.342,850.555,849.792,0.071,-18.028
19.11.2021 17:02:37,-17.892,687.408,862.487,849.975,849.853,0.011,-17.902
19.11.2021 17:02:38,-17.807,688.232,862.243,849.975,849.639,0.031,-17.786
19.11.2021 17:02:39,-17.694,689.422,861.633,850.189,849.395,0.073,-17.595
19.11.2021 17:02:40,-17.606,690.216,860.565,849.792,849.487,0.028,-17.408
19.11.2021 17:02:41,-17.495,690.887,860.290,849.609,849.212,0.037,-17.307
19.11.2021 17:02:42,-17.400,691.802,859.405,849.761,849.029,0.068,-17.123
19.11.2021 17:02:43,-17.307,692.382,858.550,849.182,848.785,0.037,-16.979
19.11.2021 17:02:44,-17.204,693.420,857.910,849.182,849.029,0.014,-16.803
19.11.2021 17:02:45,-17.096,693.847,856.719,848.846,848.724,0.011,-16.646
19.11.2021 17:02:46,-17.008,694.854,856.170,848.876,848.266,0.056,-16.482
19.11.2021 17:02:47,-16.905,695.434,855.407,848.541,848.022,0.048,-16.347
19.11.2021 17:02:48,-16.799,696.289,854.858,848.876,848.114,0.071,-16.200
19.11.2021 17:02:49,-16.694,696.746,854.522,848.754,848.449,0.028,-16.118
19.11.2021 17:02:50,-16.596,697.448,853.942,848.480,848.236,0.022,-15.986
19.11.2021 17:02:51,-16.493,697.967,852.966,848.174,847.686,0.045,-15.838
19.11.2021 17:02:52,-16.395,698.638,852.722,847.839,847.534,0.028,-15.740
19.11.2021 17:02:53,-16.294,699.554,852.416,847.686,847.320,0.034,-15.609
19.11.2021 17:02:54,-16.204,699.981,852.447,847.717,847.198,0.048,-15.564
19.11.2021 17:02:55,-16.101,700.714,851.318,847.961,847.167,0.074,-15.378
19.11.2021 17:02:56,-16.005,701.293,850.891,847.229,846.740,0.045,-15.273
19.11.2021 17:02:58,-15.902,701.782,850.891,847.595,847.076,0.048,-15.219
19.11.2021 17:02:59,-15.802,702.362,850.616,847.656,846.649,0.094,-15.129
19.11.2021 17:03:00,-15.704,702.758,850.158,847.320,846.984,0.031,-15.042
19.11.2021 17:03:01,-15.606,703.765,849.883,847.595,846.496,0.102,-14.904
19.11.2021 17:03:02,-15.503,704.467,849.823,847.167,846.771,0.037,-14.820
19.11.2021 17:03:03,-15.400,704.742,849.029,846.832,846.283,0.051,-14.716
19.11.2021 17:03:04,-15.304,705.718,849.670,847.076,846.008,0.099,-14.667
19.11.2021 17:03:05,-15.191,706.451,848.388,846.527,845.825,0.065,-14.467
19.11.2021 17:03:06,-15.106,706.939,848.266,846.466,845.764,0.065,-14.401
19.11.2021 17:03:07,-15.008,707.489,847.992,846.588,845.520,0.100,-14.315
19.11.2021 17:03:08,-14.895,707.885,847.503,846.588,845.153,0.134,-14.225
19.11.2021 17:03:09,-14.802,708.251,847.351,846.008,845.306,0.065,-14.170
19.11.2021 17:03:10,-14.691,708.923,846.801,845.489,845.123,0.034,-14.045
19.11.2021 17:03:11,-14.596,709.747,846.496,845.642,845.275,0.034,-13.925
19.11.2021 17:03:12,-14.493,710.235,845.397,845.001,844.329,0.062,-13.769
19.11.2021 17:03:13,-14.400,710.418,845.581,844.879,844.299,0.054,-13.766
19.11.2021 17:03:14,-14.294,711.242,844.940,844.879,843.994,0.083,-13.615
19.11.2021 17:03:15,-14.199,712.066,844.268,844.451,844.268,0.017,-13.461
19.11.2021 17:03:16,-14.103,712.127,844.024,844.940,844.482,0.042,-13.432
19.11.2021 17:03:17,-13.995,712.982,843.444,844.604,843.566,0.097,-13.283
19.11.2021 17:03:18,-13.902,713.531,842.956,844.360,843.292,0.100,-13.177
19.11.2021 17:03:19,-13.794,714.233,842.773,844.360,843.658,0.065,-13.083
19.11.2021 17:03:20,-13.701,714.538,842.224,843.841,842.834,0.094,-12.998
19.11.2021 17:03:21,-13.608,715.362,841.369,843.841,843.017,0.077,-12.827
19.11.2021 17:03:22,-13.495,716.064,841.308,843.688,842.529,0.108,-12.744
19.11.2021 17:03:23,-13.397,716.369,840.362,843.475,842.437,0.097,-12.622
19.11.2021 17:03:24,-13.297,717.956,839.935,843.200,841.918,0.120,-12.408
19.11.2021 17:03:25,-13.206,718.109,840.026,842.834,841.949,0.083,-12.400
19.11.2021 17:03:26,-13.108,718.811,839.202,843.261,842.346,0.086,-12.246
19.11.2021 17:03:27,-13.000,719.787,838.867,843.078,841.857,0.114,-12.107
19.11.2021 17:03:28,-12.907,720.581,838.531,842.681,841.430,0.117,-11.989
19.11.2021 17:03:29,-12.807,721.282,837.676,842.346,841.064,0.120,-11.832
19.11.2021 17:03:30,-12.704,722.412,837.219,841.796,841.094,0.066,-11.665
19.11.2021 17:03:31,-12.608,723.052,836.700,842.041,840.484,0.146,-11.547
19.11.2021 17:03:32,-12.500,723.419,836.486,841.339,840.789,0.051,-11.487
19.11.2021 17:03:34,-12.405,724.395,835.510,841.186,839.843,0.126,-11.288
19.11.2021 17:03:36,-12.302,724.792,834.503,840.820,839.630,0.112,-11.150
19.11.2021 17:03:38,-12.194,725.860,833.557,840.515,839.263,0.118,-10.944
19.11.2021 17:03:39,-12.103,726.745,833.160,840.057,839.050,0.095,-10.811
19.11.2021 17:03:40,-12.003,727.203,832.031,839.691,838.256,0.135,-10.654
19.11.2021 17:03:41,-11.900,727.996,831.695,839.599,838.378,0.115,-10.536
19.11.2021 17:03:42,-11.794,728.729,830.902,838.989,839.050,-0.005,-10.382
19.11.2021 17:03:43,-11.696,729.095,830.261,839.141,837.921,0.115,-10.281
19.11.2021 17:03:44,-11.598,729.370,829.437,838.592,837.860,0.069,-10.173
19.11.2021 17:03:45,-11.500,730.560,827.819,838.684,837.829,0.080,-9.890
19.11.2021 17:03:46,-11.402,730.834,827.911,838.134,837.524,0.057,-9.869
19.11.2021 17:03:47,-11.299,731.109,826.934,838.287,837.158,0.106,-9.746
19.11.2021 17:03:48,-11.204,731.658,826.110,838.043,837.585,0.043,-9.608
19.11.2021 17:03:49,-11.093,732.025,825.256,837.493,836.822,0.063,-9.487
19.11.2021 17:03:50,-10.993,732.513,824.981,837.951,837.005,0.089,-9.408
19.11.2021 17:03:51,-10.907,733.489,823.852,837.554,836.517,0.098,-9.195
19.11.2021 17:03:52,-10.807,733.123,823.577,837.280,835.967,0.124,-9.208
19.11.2021 17:03:53,-10.706,734.130,822.906,837.402,836.212,0.112,-9.035
19.11.2021 17:03:54,-10.598,733.978,822.357,836.761,835.784,0.092,-8.999
19.11.2021 17:03:55,-10.498,734.954,821.838,836.975,836.212,0.072,-8.844
19.11.2021 17:03:56,-10.400,734.954,821.411,836.547,835.327,0.115,-8.803
19.11.2021 17:03:57,-10.307,735.351,820.800,836.181,835.052,0.107,-8.702
19.11.2021 17:03:58,-10.201,735.534,820.342,836.456,834.503,0.185,-8.638
19.11.2021 17:03:59,-10.108,736.114,819.946,835.845,834.625,0.115,-8.537
19.11.2021 17:04:00,-10.008,736.602,818.908,836.059,834.320,0.165,-8.385
19.11.2021 17:04:01,-9.907,736.480,818.572,835.449,834.167,0.121,-8.366
19.11.2021 17:04:02,-9.807,737.579,818.145,835.113,834.198,0.086,-8.207
19.11.2021 17:04:03,-9.696,737.457,817.718,835.052,833.587,0.139,-8.178
19.11.2021 17:04:04,-9.606,737.152,817.413,834.564,833.251,0.124,-8.182
19.11.2021 17:04:05,-9.503,737.609,817.321,834.228,833.282,0.089,-8.124
19.11.2021 17:04:06,-9.397,738.403,816.619,834.442,832.855,0.150,-7.971
19.11.2021 17:04:07,-9.297,738.800,816.375,833.923,832.946,0.092,-7.905
19.11.2021 17:04:08,-9.199,739.562,815.917,833.770,832.702,0.101,-7.779
19.11.2021 17:04:09,-9.101,739.440,815.124,833.496,831.939,0.148,-7.715
19.11.2021 17:04:10,-9.005,739.685,815.612,833.129,832.397,0.069,-7.736
19.11.2021 17:04:11,-8.907,740.020,814.453,833.404,831.970,0.136,-7.588
19.11.2021 17:04:12,-8.804,740.173,814.361,832.824,831.909,0.087,-7.563
19.11.2021 17:04:13,-8.694,740.356,813.537,832.519,831.115,0.133,-7.463
19.11.2021 17:04:14,-8.608,740.722,813.201,832.336,831.634,0.066,-7.391
19.11.2021 17:04:15,-8.503,741.668,813.079,832.672,831.085,0.151,-7.279
19.11.2021 17:04:16,-8.402,741.424,812.255,832.031,831.451,0.055,-7.224
19.11.2021 17:04:17,-8.292,742.462,811.798,831.939,830.932,0.095,-7.069
19.11.2021 17:04:18,-8.206,742.279,811.523,831.268,830.749,0.049,-7.062
19.11.2021 17:04:19,-8.106,742.828,810.791,831.329,830.749,0.055,-6.932
19.11.2021 17:04:20,-8.008,743.164,810.089,831.481,830.169,0.125,-6.828
19.11.2021 17:04:21,-7.905,743.621,810.180,831.024,830.047,0.093,-6.788
19.11.2021 17:04:22,-7.792,743.499,809.967,830.841,829.772,0.101,-6.780
19.11.2021 17:04:23,-7.691,744.415,809.143,830.871,829.895,0.093,-6.602
19.11.2021 17:04:24,-7.603,744.506,808.624,830.810,829.132,0.160,-6.542
19.11.2021 17:04:25,-7.493,744.842,808.227,830.718,829.406,0.125,-6.467
19.11.2021 17:04:26,-7.402,745.666,808.135,830.383,828.949,0.136,-6.371
19.11.2021 17:04:27,-7.292,744.995,807.556,830.078,829.132,0.090,-6.385
19.11.2021 17:04:28,-7.201,746.246,807.250,830.230,828.613,0.154,-6.223
19.11.2021 17:04:29,-7.103,746.398,806.701,829.864,828.796,0.102,-6.153
19.11.2021 17:04:30,-6.995,747.100,806.121,829.528,828.216,0.125,-6.022
19.11.2021 17:04:31,-6.905,747.467,805.755,829.284,828.491,0.075,-5.947
19.11.2021 17:04:32,-6.799,747.985,805.053,829.528,827.545,0.189,-5.823
19.11.2021 17:04:33,-6.696,748.657,804.779,829.040,827.667,0.131,-5.725
19.11.2021 17:04:34,-6.608,748.962,803.985,828.399,827.697,0.067,-5.615
19.11.2021 17:04:35,-6.493,749.481,803.588,828.430,827.056,0.131,-5.521
19.11.2021 17:04:36,-6.392,750.701,803.497,828.338,827.026,0.125,-5.383
19.11.2021 17:04:37,-6.292,750.823,802.825,828.033,826.751,0.122,-5.304
19.11.2021 17:04:38,-6.201,751.281,801.940,827.636,826.660,0.093,-5.168
19.11.2021 17:04:39,-6.106,752.105,801.605,827.423,826.477,0.090,-5.048
19.11.2021 17:04:40,-5.995,752.716,801.208,827.453,826.538,0.087,-4.945
19.11.2021 17:04:41,-5.895,753.265,800.292,827.331,825.714,0.155,-4.797
19.11.2021 17:04:42,-5.802,753.387,799.957,826.599,825.683,0.087,-4.751
19.11.2021 17:04:44,-5.701,754.455,799.163,826.904,825.653,0.119,-4.560
19.11.2021 17:04:45,-5.603,754.699,798.156,826.141,825.286,0.082,-4.435
19.11.2021 17:04:46,-5.503,755.676,797.088,826.324,825.347,0.093,-4.226
19.11.2021 17:04:47,-5.392,755.401,796.936,825.958,825.073,0.084,-4.240
19.11.2021 17:04:48,-5.307,756.469,795.349,825.622,824.737,0.084,-3.970
19.11.2021 17:04:49,-5.191,755.737,795.227,825.408,824.737,0.064,-4.035
19.11.2021 17:04:50,-5.106,756.561,794.433,825.317,823.974,0.129,-3.869
19.11.2021 17:04:51,-4.995,756.744,793.609,825.286,823.791,0.143,-3.768
19.11.2021 17:04:52,-4.900,757.110,793.182,824.310,823.577,0.070,-3.687
19.11.2021 17:04:53,-4.794,757.202,792.053,824.249,823.486,0.073,-3.565
19.11.2021 17:04:54,-4.704,757.354,791.992,824.584,823.455,0.108,-3.542
19.11.2021 17:04:55,-4.608,757.598,790.466,824.035,822.875,0.111,-3.364
19.11.2021 17:04:56,-4.500,757.690,790.527,823.303,822.662,0.061,-3.361
19.11.2021 17:04:57,-4.407,757.690,789.398,823.852,822.479,0.132,-3.248
19.11.2021 17:04:58,-4.294,758.483,789.215,822.967,822.601,0.035,-3.146
19.11.2021 17:04:59,-4.204,758.453,788.177,823.272,822.235,0.099,-3.045
19.11.2021 17:05:00,-4.096,758.483,788.085,823.181,821.991,0.114,-3.033
19.11.2021 17:05:01,-4.005,758.850,787.353,822.784,821.838,0.091,-2.921
19.11.2021 17:05:02,-3.905,758.697,786.682,822.448,821.777,0.064,-2.869
19.11.2021 17:05:03,-3.794,759.033,786.315,822.784,821.716,0.102,-2.797
19.11.2021 17:05:04,-3.704,759.063,786.437,822.479,821.380,0.105,-2.807
19.11.2021 17:05:05,-3.601,759.399,785.797,822.113,821.594,0.050,-2.707
19.11.2021 17:05:06,-3.505,759.277,784.698,822.265,821.014,0.120,-2.609
19.11.2021 17:05:07,-3.405,759.246,784.484,821.777,820.953,0.079,-2.590
19.11.2021 17:05:08,-3.299,759.826,783.935,821.411,820.373,0.100,-2.474
19.11.2021 17:05:09,-3.206,759.979,783.538,821.228,820.190,0.100,-2.418
19.11.2021 17:05:10,-3.106,760.314,783.233,821.258,820.190,0.103,-2.353
19.11.2021 17:05:11,-3.005,760.528,783.599,821.380,820.282,0.106,-2.367
19.11.2021 17:05:12,-2.895,760.894,782.684,820.770,819.732,0.100,-2.237
19.11.2021 17:05:13,-2.807,761.199,782.684,820.709,819.396,0.126,-2.205
19.11.2021 17:05:14,-2.696,761.077,782.318,820.892,819.824,0.103,-2.180
19.11.2021 17:05:15,-2.596,761.322,782.073,820.526,819.946,0.056,-2.130
19.11.2021 17:05:16,-2.505,761.901,781.677,820.373,819.122,0.120,-2.030
19.11.2021 17:05:17,-2.402,762.145,781.219,820.312,819.213,0.106,-1.958
19.11.2021 17:05:18,-2.304,762.481,781.127,820.159,819.213,0.091,-1.914
19.11.2021 17:05:20,-2.199,762.481,780.364,820.159,818.725,0.138,-1.836
19.11.2021 17:05:21,-2.098,763.458,780.242,820.190,818.756,0.138,-1.723
19.11.2021 17:05:23,-2.000,763.336,779.113,820.098,818.725,0.132,-1.621
19.11.2021 17:05:24,-1.892,763.183,779.113,819.519,819.000,0.050,-1.636
19.11.2021 17:05:25,-1.807,763.977,778.564,819.915,818.328,0.153,-1.498
19.11.2021 17:05:27,-1.706,764.312,777.984,819.274,818.328,0.091,-1.404
19.11.2021 17:05:28,-1.606,764.495,777.740,818.756,818.115,0.062,-1.361
19.11.2021 17:05:29,-1.500,764.770,777.313,819.274,818.359,0.088,-1.289
19.11.2021 17:05:30,-1.405,765.045,776.977,818.908,817.962,0.091,-1.226
19.11.2021 17:05:31,-1.302,765.472,776.611,818.603,817.779,0.079,-1.144
19.11.2021 17:05:32,-1.204,765.686,775.817,819.030,817.596,0.138,-1.041
19.11.2021 17:05:33,-1.106,765.350,775.268,818.298,817.443,0.082,-1.020
19.11.2021 17:05:34,-1.005,766.418,774.688,818.267,817.779,0.047,-0.850
19.11.2021 17:05:35,-0.900,766.784,774.627,818.237,817.810,0.041,-0.806
19.11.2021 17:05:36,-0.792,767.333,774.230,818.023,817.199,0.079,-0.709
19.11.2021 17:05:37,-0.706,767.089,773.681,818.206,817.657,0.053,-0.678
19.11.2021 17:05:38,-0.601,768.066,773.376,817.932,817.504,0.041,-0.545
19.11.2021 17:05:39,-0.500,768.188,773.010,818.023,817.016,0.097,-0.495
19.11.2021 17:05:40,-0.402,768.859,772.308,817.779,816.711,0.103,-0.354
19.11.2021 17:05:41,-0.299,769.409,772.125,817.901,817.047,0.082,-0.279
19.11.2021 17:05:42,-0.196,769.744,771.057,817.687,816.589,0.106,-0.134
19.11.2021 17:05:43,-0.108,769.927,770.690,817.504,816.833,0.065,-0.078
19.11.2021 17:05:44,-0.005,770.751,770.263,817.535,816.741,0.076,0.050
19.11.2021 17:05:45,0.098,771.148,770.263,817.321,816.680,0.062,0.090
19.11.2021 17:05:46,0.203,772.216,769.409,817.443,816.345,0.106,0.288
19.11.2021 17:05:47,0.299,772.003,768.402,817.382,816.375,0.097,0.370
19.11.2021 17:05:48,0.392,773.040,768.005,817.321,816.223,0.106,0.517
19.11.2021 17:05:49,0.495,773.590,767.608,817.321,816.528,0.076,0.615
19.11.2021 17:05:50,0.603,774.414,766.784,817.718,816.650,0.103,0.784
19.11.2021 17:05:51,0.703,774.353,766.540,817.291,816.467,0.079,0.803
19.11.2021 17:05:52,0.801,774.871,765.258,817.504,816.345,0.112,0.989
19.11.2021 17:05:53,0.897,775.299,765.258,816.711,816.528,0.017,1.032
19.11.2021 17:05:54,0.997,775.787,764.160,817.565,816.192,0.133,1.196
19.11.2021 17:05:55,1.095,776.367,763.732,817.138,816.650,0.047,1.300
19.11.2021 17:05:56,1.196,776.428,763.427,817.321,815.673,0.159,1.337
19.11.2021 17:05:57,1.304,777.038,762.268,817.810,816.467,0.130,1.520
19.11.2021 17:05:58,1.399,777.252,761.993,817.535,815.704,0.177,1.571
19.11.2021 17:05:59,1.507,777.862,761.505,817.352,816.040,0.127,1.684
19.11.2021 17:06:00,1.605,777.679,760.711,817.443,815.979,0.142,1.747
19.11.2021 17:06:01,1.703,777.740,760.620,816.925,816.162,0.074,1.763
19.11.2021 17:06:02,1.794,778.289,759.521,817.230,815.887,0.130,1.934
19.11.2021 17:06:03,1.894,778.747,759.307,816.802,815.887,0.088,2.003
19.11.2021 17:06:04,2.005,778.839,758.575,817.169,816.009,0.112,2.088
19.11.2021 17:06:05,2.093,778.839,758.056,816.894,815.643,0.121,2.143
19.11.2021 17:06:06,2.198,779.479,757.385,817.047,815.612,0.139,2.278
19.11.2021 17:06:07,2.304,779.205,756.988,816.680,815.704,0.094,2.291
19.11.2021 17:06:08,2.399,779.602,756.500,817.016,815.521,0.145,2.383
19.11.2021 17:06:09,2.492,779.907,755.920,816.986,815.582,0.136,2.475
19.11.2021 17:06:10,2.598,780.120,755.767,817.413,815.673,0.168,2.512
19.11.2021 17:06:11,2.706,780.090,755.096,816.558,815.246,0.127,2.580
19.11.2021 17:06:12,2.809,780.364,754.699,816.894,815.765,0.109,2.649
19.11.2021 17:06:13,2.892,780.670,753.875,816.925,815.826,0.106,2.767
19.11.2021 17:06:14,3.000,781.219,753.692,817.382,815.826,0.151,2.842
19.11.2021 17:06:15,3.093,781.066,753.448,817.108,816.070,0.100,2.852
19.11.2021 17:06:16,3.196,781.433,753.143,817.199,815.612,0.154,2.921
19.11.2021 17:06:17,3.301,781.677,752.990,817.504,815.490,0.195,2.962
19.11.2021 17:06:18,3.394,781.860,752.227,817.260,815.399,0.180,3.061
19.11.2021 17:06:19,3.495,782.165,752.380,817.535,815.643,0.183,3.076
19.11.2021 17:06:20,3.593,782.501,751.647,817.108,815.887,0.118,3.187
19.11.2021 17:06:21,3.703,782.348,751.159,817.504,815.490,0.195,3.223
19.11.2021 17:06:22,3.809,783.142,751.281,816.925,815.826,0.106,3.290
19.11.2021 17:06:23,3.892,783.050,750.610,817.291,815.795,0.145,3.352
19.11.2021 17:06:24,4.005,782.867,750.396,817.352,816.101,0.121,3.356
19.11.2021 17:06:25,4.098,784.240,749.755,817.565,815.734,0.177,3.562
19.11.2021 17:06:26,4.196,783.996,749.542,817.443,816.040,0.136,3.560
19.11.2021 17:06:27,4.299,784.912,749.389,817.352,815.521,0.177,3.669
19.11.2021 17:06:28,4.402,784.942,748.626,817.230,815.856,0.133,3.752
19.11.2021 17:06:30,4.495,785.736,748.016,817.413,815.338,0.201,3.897
19.11.2021 17:06:31,4.598,785.675,747.894,816.955,815.826,0.109,3.904
19.11.2021 17:06:32,4.696,786.193,747.406,817.474,816.070,0.136,4.008
19.11.2021 17:06:33,4.794,786.682,747.070,817.016,815.704,0.127,4.092
19.11.2021 17:06:34,4.894,786.804,746.429,817.413,815.429,0.192,4.173
19.11.2021 17:06:35,4.992,786.926,746.246,817.047,815.612,0.139,4.204
19.11.2021 17:06:36,5.098,787.597,745.452,817.504,815.643,0.180,4.356
19.11.2021 17:06:37,5.208,787.719,745.025,817.321,815.338,0.192,4.414
19.11.2021 17:06:38,5.296,788.574,744.934,817.504,815.643,0.180,4.509
19.11.2021 17:06:39,5.394,788.787,744.812,817.047,815.643,0.136,4.544
19.11.2021 17:06:40,5.495,789.459,743.682,817.626,815.979,0.159,4.731
19.11.2021 17:06:41,5.593,789.764,743.621,817.535,816.101,0.139,4.768
19.11.2021 17:06:42,5.708,790.588,743.103,817.901,815.704,0.213,4.906
19.11.2021 17:06:43,5.796,790.313,742.584,817.626,815.979,0.159,4.934
19.11.2021 17:06:44,5.904,790.954,741.546,817.840,816.009,0.177,5.109
19.11.2021 17:06:45,5.995,791.168,741.607,817.840,815.521,0.225,5.124
19.11.2021 17:06:46,6.095,792.205,741.058,817.626,815.948,0.162,5.286
19.11.2021 17:06:47,6.198,792.480,740.386,817.626,815.612,0.195,5.385
19.11.2021 17:06:48,6.294,792.694,740.081,817.657,815.673,0.192,5.439
19.11.2021 17:06:49,6.399,792.999,739.471,817.962,815.948,0.195,5.535
19.11.2021 17:06:50,6.492,793.823,738.861,817.871,816.009,0.180,5.683
19.11.2021 17:06:51,6.603,794.586,738.098,818.206,815.399,0.272,5.840
19.11.2021 17:06:52,6.698,794.952,737.609,817.840,815.917,0.186,5.929
19.11.2021 17:06:53,6.796,795.684,736.877,817.749,816.253,0.145,6.081
19.11.2021 17:06:54,6.892,795.959,736.663,818.115,816.192,0.186,6.131
19.11.2021 17:06:55,7.000,796.630,735.321,817.871,815.734,0.207,6.342
19.11.2021 17:06:56,7.105,796.722,734.893,818.145,816.223,0.186,6.397
19.11.2021 17:06:57,7.193,797.515,733.734,818.359,816.070,0.221,6.601
19.11.2021 17:06:58,7.299,798.309,734.069,818.420,816.772,0.159,6.643
19.11.2021 17:06:59,7.407,799.041,732.208,818.389,816.162,0.215,6.917
19.11.2021 17:07:00,7.497,799.285,731.933,817.993,816.314,0.162,6.970
19.11.2021 17:07:01,7.600,799.743,731.079,818.237,816.375,0.180,7.108
19.11.2021 17:07:02,7.708,800.048,729.949,818.206,816.650,0.150,7.260
19.11.2021 17:07:03,7.796,800.689,729.248,818.267,816.406,0.180,7.400
19.11.2021 17:07:04,7.899,801.025,728.118,818.115,816.833,0.124,7.555
19.11.2021 17:07:05,8.007,800.872,727.752,818.511,815.979,0.245,7.580
19.11.2021 17:07:07,8.093,800.750,726.928,818.603,816.375,0.215,7.658
19.11.2021 17:07:08,8.196,801.513,726.074,818.298,816.436,0.180,7.826
19.11.2021 17:07:09,8.309,801.910,725.677,818.634,816.741,0.183,7.908
19.11.2021 17:07:10,8.392,802.215,725.158,818.969,816.772,0.212,7.995
19.11.2021 17:07:11,8.502,802.337,724.060,818.817,816.650,0.209,8.127
19.11.2021 17:07:12,8.605,802.215,723.327,818.450,816.925,0.147,8.195
19.11.2021 17:07:13,8.696,802.429,722.839,818.542,816.741,0.174,8.269
19.11.2021 17:07:14,8.799,802.642,722.198,818.603,816.680,0.186,8.360
19.11.2021 17:07:15,8.899,802.856,722.015,818.664,816.650,0.195,8.401
19.11.2021 17:07:16,9.005,802.795,721.069,818.817,816.711,0.204,8.499
19.11.2021 17:07:17,9.095,802.978,720.825,818.908,816.894,0.195,8.544
19.11.2021 17:07:18,9.208,802.917,719.848,819.091,816.864,0.215,8.645
19.11.2021 17:07:19,9.299,803.314,719.360,818.878,817.108,0.171,8.737
19.11.2021 17:07:20,9.397,803.741,718.505,819.091,816.497,0.251,8.873
19.11.2021 17:07:21,9.497,803.649,718.261,818.878,817.077,0.174,8.891
19.11.2021 17:07:22,9.600,803.985,717.437,819.030,816.741,0.221,9.015
19.11.2021 17:07:23,9.696,804.199,716.827,818.939,816.497,0.236,9.103
19.11.2021 17:07:24,9.799,804.748,716.796,819.335,817.169,0.209,9.160
19.11.2021 17:07:25,9.897,804.656,716.766,819.305,816.833,0.239,9.155
19.11.2021 17:07:26,9.997,804.565,715.698,818.786,817.443,0.130,9.263
19.11.2021 17:07:27,10.103,805.541,715.423,818.939,817.108,0.177,9.389
19.11.2021 17:07:28,10.193,805.725,715.026,819.274,816.955,0.224,9.451
19.11.2021 17:07:29,10.294,805.816,714.172,819.122,817.352,0.171,9.555
19.11.2021 17:07:30,10.397,806.427,713.653,819.244,817.047,0.212,9.672
19.11.2021 17:07:31,10.505,806.091,713.226,818.969,817.016,0.189,9.686
19.11.2021 17:07:32,10.598,806.762,712.677,818.725,817.016,0.165,9.813
19.11.2021 17:07:33,10.708,807.128,712.524,819.122,817.565,0.150,9.865
19.11.2021 17:07:34,10.801,807.556,711.730,819.458,816.955,0.242,9.995
19.11.2021 17:07:35,10.894,807.647,711.547,818.634,816.864,0.171,10.024
19.11.2021 17:07:36,11.000,807.830,710.266,819.549,817.108,0.236,10.185
19.11.2021 17:07:37,11.100,808.227,709.777,819.641,816.741,0.280,10.278
19.11.2021 17:07:38,11.196,808.807,709.381,819.488,816.986,0.242,10.378
19.11.2021 17:07:39,11.299,808.868,708.343,819.488,816.284,0.310,10.500
19.11.2021 17:07:40,11.394,808.898,708.435,819.427,817.077,0.227,10.492
19.11.2021 17:07:41,11.492,809.295,707.397,819.427,816.894,0.245,10.647
19.11.2021 17:07:42,11.595,809.539,706.939,819.580,816.986,0.251,10.722
19.11.2021 17:07:43,11.696,810.394,706.176,819.824,817.199,0.254,10.890
19.11.2021 17:07:44,11.799,810.302,705.444,819.244,816.894,0.227,10.963
19.11.2021 17:07:45,11.894,810.821,704.467,819.122,816.925,0.212,11.123
19.11.2021 17:07:46,12.005,811.401,704.284,819.274,816.802,0.239,11.200
19.11.2021 17:07:47,12.098,811.981,703.155,819.213,816.802,0.233,11.382
19.11.2021 17:07:48,12.203,812.072,701.995,819.366,816.741,0.254,11.521
19.11.2021 17:07:49,12.309,812.683,701.141,819.061,817.169,0.183,11.677
19.11.2021 17:07:50,12.399,812.683,700.347,818.511,816.375,0.207,11.766
19.11.2021 17:07:51,12.500,813.415,699.493,818.634,816.558,0.201,11.933
19.11.2021 17:07:52,12.603,814.178,698.760,818.634,816.040,0.251,12.089
19.11.2021 17:07:53,12.703,814.453,698.028,819.030,816.864,0.209,12.199
19.11.2021 17:07:54,12.801,815.093,696.624,818.756,816.650,0.204,12.419
19.11.2021 17:07:55,12.892,815.399,695.831,818.634,816.223,0.233,12.538
19.11.2021 17:07:56,13.000,816.040,695.648,818.328,816.314,0.195,12.621
19.11.2021 17:07:57,13.100,815.948,693.786,818.298,816.223,0.201,12.823
19.11.2021 17:07:58,13.193,816.650,693.359,818.145,815.826,0.224,12.939
19.11.2021 17:07:59,13.299,817.382,692.047,818.206,816.070,0.207,13.159
19.11.2021 17:08:00,13.404,818.023,691.131,818.267,816.528,0.168,13.325
19.11.2021 17:08:01,13.492,818.542,689.941,818.420,816.040,0.230,13.510
19.11.2021 17:08:02,13.595,819.061,688.812,817.657,815.826,0.177,13.689
19.11.2021 17:08:03,13.698,819.152,687.896,817.749,815.734,0.195,13.802
19.11.2021 17:08:04,13.801,819.244,687.133,817.535,815.582,0.189,13.898
19.11.2021 17:08:05,13.902,819.824,685.974,817.596,815.643,0.189,14.087
19.11.2021 17:08:06,14.000,820.587,685.119,817.474,815.612,0.180,14.258
19.11.2021 17:08:07,14.095,820.526,684.143,817.749,814.941,0.272,14.364
19.11.2021 17:08:08,14.193,821.166,682.739,817.230,815.216,0.195,14.587
19.11.2021 17:08:09,14.299,821.380,681.854,816.772,814.849,0.186,14.709
19.11.2021 17:08:10,14.404,821.075,680.541,817.138,814.910,0.216,14.831
19.11.2021 17:08:11,14.495,821.289,679.443,817.077,814.666,0.234,14.979
19.11.2021 17:08:12,14.598,821.899,678.741,816.864,814.483,0.231,15.118
19.11.2021 17:08:13,14.693,822.235,677.673,816.528,814.422,0.204,15.274
19.11.2021 17:08:14,14.796,822.204,676.605,816.802,814.453,0.228,15.395
19.11.2021 17:08:16,14.897,822.051,676.086,816.436,814.025,0.234,15.440
19.11.2021 17:08:17,15.002,822.357,675.262,816.528,814.575,0.189,15.565
19.11.2021 17:08:18,15.108,822.296,673.858,816.772,814.636,0.207,15.723
19.11.2021 17:08:19,15.203,822.387,673.645,816.741,814.300,0.237,15.756
19.11.2021 17:08:20,15.299,822.631,672.271,816.406,814.147,0.219,15.940
19.11.2021 17:08:21,15.399,822.418,671.630,816.375,814.178,0.213,15.994
19.11.2021 17:08:22,15.497,822.204,670.715,816.253,813.690,0.249,16.081
19.11.2021 17:08:23,15.595,822.753,669.708,816.223,813.964,0.219,16.251
19.11.2021 17:08:24,15.706,822.540,668.640,816.284,813.934,0.228,16.356
19.11.2021 17:08:25,15.809,822.509,668.151,816.406,813.964,0.237,16.410
19.11.2021 17:08:26,15.892,822.875,667.297,816.314,814.025,0.222,16.545
19.11.2021 17:08:27,16.005,822.814,666.412,816.741,813.934,0.272,16.643
19.11.2021 17:08:28,16.105,823.455,666.351,816.741,814.208,0.246,16.712
19.11.2021 17:08:29,16.193,823.882,665.527,816.894,814.788,0.204,16.849
19.11.2021 17:08:30,16.309,824.218,664.978,816.864,814.239,0.254,16.946
19.11.2021 17:08:31,16.407,824.340,664.489,816.223,814.544,0.163,17.015
19.11.2021 17:08:32,16.502,824.615,664.093,816.375,814.300,0.201,17.088
19.11.2021 17:08:33,16.598,825.591,662.963,816.711,814.392,0.225,17.314
19.11.2021 17:08:34,16.698,825.500,662.414,816.436,814.544,0.183,17.370
19.11.2021 17:08:35,16.799,825.134,661.529,816.650,814.361,0.222,17.440
19.11.2021 17:08:36,16.897,825.347,660.797,816.192,814.056,0.207,17.547
19.11.2021 17:08:37,17.002,825.622,659.240,816.101,814.117,0.192,17.757
19.11.2021 17:08:38,17.100,825.469,658.905,816.101,813.873,0.216,17.783
19.11.2021 17:08:39,17.193,825.378,657.958,815.826,813.873,0.189,17.886
19.11.2021 17:08:40,17.299,825.775,657.073,815.368,813.476,0.184,18.029
19.11.2021 17:08:41,17.392,825.378,655.731,814.788,813.079,0.166,18.152
19.11.2021 17:08:42,17.492,826.202,654.693,814.849,812.225,0.255,18.354
19.11.2021 17:08:43,17.600,825.866,654.266,814.178,812.500,0.163,18.373
19.11.2021 17:08:44,17.701,826.751,653.015,814.392,812.011,0.231,18.606
19.11.2021 17:08:45,17.799,826.416,652.221,814.086,811.889,0.214,18.669
19.11.2021 17:08:46,17.894,827.148,651.062,814.575,811.889,0.261,18.878
19.11.2021 17:08:47,18.005,826.873,650.512,813.842,811.584,0.220,18.918
19.11.2021 17:08:48,18.093,826.995,649.414,814.056,811.401,0.258,19.061
19.11.2021 17:08:49,18.203,827.300,648.010,813.842,811.187,0.258,19.259
19.11.2021 17:08:50,18.309,827.789,647.094,813.629,810.699,0.285,19.415
19.11.2021 17:08:51,18.407,828.186,645.446,813.690,811.157,0.247,19.652
19.11.2021 17:08:52,18.497,828.125,644.989,813.385,811.248,0.208,19.701
19.11.2021 17:08:53,18.598,828.613,643.615,812.774,810.241,0.247,19.914
19.11.2021 17:08:54,18.706,828.796,642.669,812.591,810.424,0.211,20.046
19.11.2021 17:08:55,18.809,829.498,640.960,812.713,810.089,0.256,20.319
19.11.2021 17:08:56,18.902,829.711,640.136,812.255,809.967,0.223,20.439
19.11.2021 17:08:57,19.007,830.017,639.099,812.438,809.875,0.250,20.594
19.11.2021 17:08:58,19.098,830.322,637.634,811.645,809.783,0.181,20.802
19.11.2021 17:08:59,19.206,831.085,636.535,811.676,809.356,0.226,21.008
19.11.2021 17:09:00,19.296,831.115,635.345,811.523,808.837,0.262,21.156
19.11.2021 17:09:01,19.394,831.451,633.911,811.004,808.776,0.217,21.363
19.11.2021 17:09:02,19.495,831.176,632.995,810.974,808.685,0.223,21.450
19.11.2021 17:09:03,19.598,831.695,631.561,810.699,808.563,0.209,21.675
19.11.2021 17:09:04,19.706,832.641,630.706,810.821,808.410,0.235,21.869
19.11.2021 17:09:05,19.796,832.427,629.791,810.272,808.166,0.206,21.962
19.11.2021 17:09:06,19.892,832.885,628.173,809.906,807.678,0.218,22.204
19.11.2021 17:09:07,20.007,832.885,627.899,810.302,807.922,0.233,22.238
19.11.2021 17:09:08,20.100,833.282,626.281,809.844,807.556,0.224,22.476
19.11.2021 17:09:09,20.198,833.282,625.671,809.600,807.495,0.206,22.551
19.11.2021 17:09:10,20.309,833.465,624.420,809.753,807.373,0.233,22.724
19.11.2021 17:09:11,20.392,833.312,623.504,809.600,807.281,0.227,22.823
19.11.2021 17:09:12,20.497,833.190,622.619,809.906,807.220,0.263,22.922
19.11.2021 17:09:13,20.600,833.557,621.276,809.326,806.671,0.260,23.124
19.11.2021 17:09:14,20.691,833.251,620.422,809.326,806.488,0.278,23.202
19.11.2021 17:09:15,20.799,833.068,618.621,808.746,806.121,0.257,23.410
19.11.2021 17:09:16,20.902,833.343,618.225,808.563,806.182,0.233,23.486
19.11.2021 17:09:17,21.005,833.282,616.882,808.593,806.579,0.197,23.648
19.11.2021 17:09:18,21.093,833.251,616.210,808.319,806.243,0.203,23.730
19.11.2021 17:09:19,21.203,833.038,614.685,808.441,805.908,0.248,23.902
19.11.2021 17:09:20,21.309,833.129,613.830,808.044,805.480,0.251,24.018
19.11.2021 17:09:21,21.407,833.190,612.854,807.739,805.450,0.224,24.147
19.11.2021 17:09:22,21.495,832.977,611.602,808.013,805.145,0.281,24.286
19.11.2021 17:09:23,21.598,833.129,610.900,806.915,805.297,0.158,24.389
19.11.2021 17:09:24,21.701,833.312,609.252,807.220,804.565,0.261,24.614
19.11.2021 17:09:25,21.806,832.763,609.130,806.976,804.901,0.204,24.579
19.11.2021 17:09:26,21.902,832.824,607.788,807.098,804.412,0.264,24.755
19.11.2021 17:09:27,21.997,832.763,606.628,807.067,804.443,0.258,24.897
19.11.2021 17:09:28,22.093,832.916,606.140,807.067,804.351,0.267,24.974
19.11.2021 17:09:29,22.193,832.397,604.980,806.457,804.229,0.219,25.073
19.11.2021 17:09:30,22.296,832.397,604.156,806.762,804.443,0.228,25.179
19.11.2021 17:09:31,22.402,832.183,602.783,806.762,803.741,0.297,25.335
19.11.2021 17:09:32,22.497,831.909,602.325,806.457,804.046,0.237,25.368
19.11.2021 17:09:33,22.603,832.153,601.226,806.335,803.405,0.288,25.531
19.11.2021 17:09:34,22.693,832.061,600.250,805.877,803.436,0.240,25.648
19.11.2021 17:09:35,22.796,832.031,599.395,806.121,803.283,0.279,25.755
19.11.2021 17:09:36,22.894,831.604,598.358,805.755,802.825,0.288,25.849
19.11.2021 17:09:37,22.992,831.787,597.961,805.572,802.917,0.261,25.918
19.11.2021 17:09:38,23.100,831.451,597.412,805.053,802.886,0.213,25.957
19.11.2021 17:09:39,23.203,831.207,596.343,804.962,802.642,0.228,26.073
19.11.2021 17:09:40,23.301,831.481,595.886,805.297,802.124,0.312,26.157
19.11.2021 17:09:41,23.392,831.329,595.031,804.687,802.551,0.210,26.254
19.11.2021 17:09:42,23.500,831.604,594.177,804.687,801.879,0.276,26.390
19.11.2021 17:09:43,23.603,831.573,593.505,804.290,802.032,0.222,26.474
19.11.2021 17:09:44,23.703,831.512,592.010,804.260,801.422,0.280,26.663
19.11.2021 17:09:45,23.788,831.695,591.491,803.955,801.269,0.265,26.747
19.11.2021 17:09:46,23.886,831.542,590.698,804.504,801.727,0.274,26.837
19.11.2021 17:09:47,23.987,831.420,589.752,804.229,801.269,0.292,26.949
19.11.2021 17:09:48,24.103,831.451,588.562,803.894,801.391,0.247,27.107
19.11.2021 17:09:49,24.203,831.542,587.768,803.863,801.422,0.241,27.219
19.11.2021 17:09:50,24.296,832.000,586.700,803.405,800.994,0.238,27.401
19.11.2021 17:09:51,24.399,832.092,585.754,803.405,800.659,0.271,27.534
19.11.2021 17:09:52,24.495,832.092,584.930,803.039,800.476,0.253,27.642
19.11.2021 17:09:53,24.593,832.336,583.282,803.009,800.231,0.274,27.881
19.11.2021 17:09:54,24.703,832.702,582.611,802.825,800.170,0.262,28.003
19.11.2021 17:09:55,24.794,833.099,581.665,802.734,800.079,0.262,28.165
19.11.2021 17:09:56,24.894,833.160,580.413,802.368,799.987,0.235,28.335
19.11.2021 17:09:57,24.989,833.984,579.284,802.337,799.346,0.295,28.561
19.11.2021 17:09:58,25.103,833.618,578.277,802.124,799.011,0.308,28.660
19.11.2021 17:09:59,25.201,834.198,577.270,801.879,799.468,0.238,28.847
19.11.2021 17:10:00,25.299,834.381,576.141,802.124,799.011,0.308,29.014
19.11.2021 17:10:02,25.402,834.381,575.469,801.818,798.889,0.290,29.103
19.11.2021 17:10:03,25.495,834.533,573.822,801.666,798.675,0.296,29.337
19.11.2021 17:10:04,25.595,834.686,572.998,800.994,798.706,0.226,29.461
19.11.2021 17:10:05,25.693,834.625,571.807,801.269,798.278,0.296,29.614
19.11.2021 17:10:06,25.791,834.991,570.739,800.903,797.973,0.290,29.791
19.11.2021 17:10:07,25.897,835.235,569.427,800.659,797.729,0.290,29.989
19.11.2021 17:10:08,26.002,835.113,569.000,800.628,798.095,0.251,30.035
19.11.2021 17:10:09,26.090,835.388,567.413,800.506,797.912,0.257,30.273
19.11.2021 17:10:10,26.191,835.205,566.619,799.957,797.210,0.272,30.363
19.11.2021 17:10:11,26.291,835.113,565.399,799.438,796.966,0.245,30.520
19.11.2021 17:10:12,26.386,834.930,564.697,799.346,796.722,0.260,30.598
19.11.2021 17:10:13,26.500,835.418,563.995,799.407,796.386,0.300,30.737
19.11.2021 17:10:14,26.603,834.930,562.713,799.346,796.020,0.330,30.866
19.11.2021 17:10:15,26.693,834.991,562.347,798.767,796.234,0.251,30.921
19.11.2021 17:10:16,26.799,834.869,561.004,799.407,795.623,0.375,31.092
19.11.2021 17:10:17,26.894,834.472,560.150,798.675,795.410,0.324,31.172
19.11.2021 17:10:18,26.987,834.167,558.410,798.278,795.440,0.282,31.381
19.11.2021 17:10:19,27.095,833.038,557.708,797.821,795.227,0.258,31.374
19.11.2021 17:10:20,27.188,833.709,556.976,797.973,795.074,0.288,31.535
19.11.2021 17:10:21,27.296,833.099,555.725,797.424,794.738,0.267,31.651
19.11.2021 17:10:22,27.386,833.526,554.595,797.210,793.975,0.322,31.844
19.11.2021 17:10:23,27.502,833.526,553.894,796.905,793.670,0.322,31.941
19.11.2021 17:10:24,27.593,833.129,552.886,796.417,793.334,0.307,32.043
19.11.2021 17:10:25,27.701,832.885,552.001,796.752,793.029,0.371,32.142
19.11.2021 17:10:26,27.796,832.397,551.513,796.264,792.755,0.350,32.165
19.11.2021 17:10:27,27.894,832.367,550.292,795.898,792.297,0.359,32.330
19.11.2021 17:10:28,27.989,831.420,549.591,795.501,792.175,0.332,32.341
19.11.2021 17:10:29,28.093,831.481,548.522,795.379,792.022,0.335,32.494
19.11.2021 17:10:30,28.201,831.085,548.065,794.952,791.473,0.347,32.521
19.11.2021 17:10:31,28.294,830.871,546.722,794.708,791.381,0.332,32.688
19.11.2021 17:10:32,28.386,829.803,545.684,794.555,790.527,0.402,32.735
19.11.2021 17:10:33,28.489,829.895,545.074,793.792,790.466,0.332,32.828
19.11.2021 17:10:34,28.587,829.528,544.250,793.029,789.886,0.314,32.909
19.11.2021 17:10:35,28.693,828.857,542.846,793.243,789.794,0.345,33.043
19.11.2021 17:10:36,28.791,828.521,541.931,792.572,788.726,0.385,33.141
19.11.2021 17:10:37,28.902,828.063,541.839,791.503,788.909,0.260,33.112
19.11.2021 17:10:38,28.997,827.667,540.863,791.625,787.811,0.382,33.212
19.11.2021 17:10:39,29.103,827.148,539.642,791.198,787.689,0.352,33.336
19.11.2021 17:10:40,29.196,826.995,538.879,791.290,787.353,0.395,33.429
19.11.2021 17:10:41,29.291,826.202,538.330,790.588,786.865,0.374,33.433
19.11.2021 17:10:42,29.394,825.469,537.261,790.557,786.376,0.420,33.517
19.11.2021 17:10:43,29.500,825.134,537.017,790.161,786.254,0.392,33.520
19.11.2021 17:10:44,29.587,824.676,535.858,789.459,785.614,0.386,33.642
19.11.2021 17:10:45,29.696,824.279,534.942,788.848,785.034,0.384,33.735
19.11.2021 17:10:46,29.788,823.944,534.759,788.879,784.759,0.414,33.730
19.11.2021 17:10:47,29.886,823.242,533.325,788.085,784.149,0.396,33.869
19.11.2021 17:10:48,29.995,822.357,532.653,787.780,784.088,0.372,33.882
19.11.2021 17:10:49,30.100,822.296,532.135,787.048,783.508,0.357,33.951
19.11.2021 17:10:50,30.193,821.960,530.883,786.529,782.775,0.379,34.098
19.11.2021 17:10:51,30.288,822.113,530.151,786.529,782.348,0.422,34.216
19.11.2021 17:10:52,30.397,821.624,529.418,785.797,781.951,0.388,34.276
19.11.2021 17:10:53,30.487,821.197,528.381,785.400,781.402,0.404,34.384
19.11.2021 17:10:54,30.595,820.953,527.160,784.301,779.907,0.445,34.537
19.11.2021 17:10:55,30.688,820.556,526.580,783.843,780.273,0.361,34.583
19.11.2021 17:10:56,30.788,820.556,525.604,783.508,779.479,0.408,34.723
19.11.2021 17:10:57,30.889,820.648,524.749,782.897,778.839,0.411,34.854
19.11.2021 17:10:58,30.992,820.465,523.376,782.257,778.167,0.415,35.035
19.11.2021 17:10:59,31.093,820.587,523.040,781.799,777.404,0.446,35.095
19.11.2021 17:11:00,31.193,820.220,521.636,781.494,777.069,0.449,35.263
19.11.2021 17:11:01,31.294,820.220,520.935,781.097,776.611,0.456,35.365
19.11.2021 17:11:02,31.397,820.282,520.080,780.456,776.397,0.413,35.494
19.11.2021 17:11:03,31.492,819.610,518.798,779.785,775.390,0.447,35.618
19.11.2021 17:11:04,31.587,819.610,518.280,779.022,774.993,0.410,35.693
19.11.2021 17:11:05,31.691,819.213,516.845,778.533,773.803,0.482,35.865
19.11.2021 17:11:06,31.794,819.244,516.448,778.106,773.681,0.451,35.926
19.11.2021 17:11:07,31.902,818.634,514.892,777.587,772.552,0.514,36.097
19.11.2021 17:11:08,31.987,818.267,513.885,776.458,772.399,0.415,36.210
19.11.2021 17:11:09,32.098,818.115,512.969,776.184,772.094,0.418,36.330
19.11.2021 17:11:10,32.188,817.504,511.474,775.878,771.118,0.487,36.493
19.11.2021 17:11:11,32.299,817.138,510.894,774.871,770.660,0.431,36.545
19.11.2021 17:11:12,32.389,816.436,509.643,774.444,769.775,0.479,36.664
19.11.2021 17:11:13,32.487,816.040,508.605,773.712,768.890,0.495,36.780
19.11.2021 17:11:14,32.598,815.917,507.690,772.644,768.066,0.470,36.904
19.11.2021 17:11:15,32.696,814.941,507.019,772.552,767.730,0.496,36.914
19.11.2021 17:11:16,32.788,814.575,505.645,771.545,766.784,0.490,37.083
19.11.2021 17:11:17,32.894,813.842,504.760,770.812,766.418,0.453,37.147
19.11.2021 17:11:18,32.997,813.323,503.997,770.080,765.411,0.481,37.213
19.11.2021 17:11:19,33.103,812.896,503.234,768.798,764.648,0.428,37.287
19.11.2021 17:11:20,33.188,811.950,502.105,768.768,764.282,0.463,37.368
19.11.2021 17:11:21,33.301,810.852,501.159,767.761,763.061,0.486,37.407
19.11.2021 17:11:22,33.392,811.218,500.396,767.181,762.725,0.461,37.555
19.11.2021 17:11:23,33.489,809.753,498.687,766.540,761.657,0.506,37.676
19.11.2021 17:11:24,33.595,809.020,498.657,765.441,761.260,0.433,37.613
19.11.2021 17:11:25,33.693,808.044,497.161,765.289,760.162,0.532,37.747
19.11.2021 17:11:26,33.804,807.281,496.520,764.587,759.490,0.529,37.773
19.11.2021 17:11:27,33.902,806.488,495.269,763.580,758.911,0.486,37.888
19.11.2021 17:11:28,33.989,805.664,494.598,762.664,758.300,0.454,37.913
19.11.2021 17:11:29,34.100,804.840,493.530,762.237,757.385,0.506,37.998
19.11.2021 17:11:30,34.203,803.619,492.401,761.016,756.225,0.500,38.056
19.11.2021 17:11:31,34.304,803.131,491.607,760.589,755.676,0.513,38.131
19.11.2021 17:11:32,34.399,801.849,490.447,759.552,754.608,0.517,38.188
19.11.2021 17:11:33,34.500,801.452,489.562,758.666,754.150,0.473,38.286
19.11.2021 17:11:34,34.600,800.231,488.647,757.629,752.929,0.493,38.311
19.11.2021 17:11:35,34.703,799.316,487.976,756.927,751.953,0.522,38.329
19.11.2021 17:11:36,34.801,798.431,486.938,756.225,751.281,0.519,38.405
19.11.2021 17:11:37,34.902,797.454,486.419,755.340,750.793,0.478,38.393
19.11.2021 17:11:38,34.997,797.149,485.443,754.577,749.633,0.520,38.514
19.11.2021 17:11:39,35.100,795.440,484.893,753.479,748.992,0.473,38.439
19.11.2021 17:11:40,35.191,794.982,483.917,752.868,747.802,0.534,38.546
19.11.2021 17:11:41,35.301,793.304,483.489,751.892,746.887,0.529,38.454
19.11.2021 17:11:42,35.386,792.816,482.421,750.885,746.368,0.478,38.573
19.11.2021 17:11:43,35.497,791.717,481.689,750.335,745.391,0.523,38.583
19.11.2021 17:11:44,35.595,790.161,480.529,749.481,744.201,0.560,38.616
19.11.2021 17:11:45,35.703,789.337,479.766,748.565,743.103,0.580,38.657
19.11.2021 17:11:46,35.801,788.391,479.400,747.406,743.255,0.441,38.624
19.11.2021 17:11:48,35.902,787.719,478.179,746.704,742.126,0.487,38.751
19.11.2021 17:11:49,35.997,786.712,477.233,745.635,740.844,0.510,38.803
19.11.2021 17:11:50,36.103,785.949,476.928,744.873,740.234,0.495,38.779
19.11.2021 17:11:51,36.203,785.491,476.409,744.079,739.715,0.466,38.816
19.11.2021 17:11:52,36.296,783.721,475.036,742.858,738.586,0.457,38.863
19.11.2021 17:11:53,36.399,783.935,474.945,742.370,737.457,0.526,38.898
19.11.2021 17:11:54,36.500,783.020,473.907,741.027,736.694,0.464,38.974
19.11.2021 17:11:55,36.600,781.951,473.419,740.692,736.083,0.494,38.949
19.11.2021 17:11:56,36.691,781.280,472.625,739.837,735.015,0.518,39.010
19.11.2021 17:11:57,36.791,780.883,471.557,739.135,734.375,0.512,39.140
19.11.2021 17:11:58,36.889,780.334,470.855,738.677,733.764,0.528,39.199
19.11.2021 17:11:59,36.995,779.479,470.031,737.945,732.788,0.555,39.248
19.11.2021 17:12:00,37.103,778.656,468.841,736.633,732.116,0.487,39.357
19.11.2021 17:12:01,37.203,778.228,467.590,736.022,731.109,0.530,39.515
19.11.2021 17:12:02,37.291,777.923,466.827,734.680,730.010,0.505,39.607
19.11.2021 17:12:03,37.402,776.916,465.606,733.947,729.431,0.489,39.706
19.11.2021 17:12:04,37.502,776.489,465.118,732.604,728.210,0.476,39.743
19.11.2021 17:12:05,37.603,776.000,463.897,731.719,727.813,0.424,39.891
19.11.2021 17:12:06,37.701,775.482,462.860,731.201,726.501,0.510,40.008
19.11.2021 17:12:07,37.788,774.871,461.730,729.858,725.677,0.455,40.131
19.11.2021 17:12:08,37.897,774.200,460.876,728.973,724.243,0.515,40.204
19.11.2021 17:12:09,37.995,772.918,459.960,728.057,723.510,0.496,40.228
19.11.2021 17:12:10,38.090,772.857,458.770,727.508,722.808,0.513,40.414
19.11.2021 17:12:11,38.203,771.636,457.702,726.165,721.832,0.474,40.470
19.11.2021 17:12:12,38.299,771.270,456.390,725.738,721.496,0.464,40.647
19.11.2021 17:12:13,38.402,770.202,455.352,724.578,720.245,0.475,40.713
19.11.2021 17:12:14,38.500,769.195,454.406,723.419,719.696,0.408,40.770
19.11.2021 17:12:15,38.603,768.188,453.094,722.473,718.170,0.473,40.887
19.11.2021 17:12:16,38.693,767.700,452.026,721.343,717.376,0.437,41.015
19.11.2021 17:12:17,38.796,766.418,450.439,720.520,716.400,0.454,41.151
19.11.2021 17:12:18,38.886,765.716,449.768,719.177,715.606,0.394,41.194
19.11.2021 17:12:19,39.002,764.465,448.760,718.536,714.263,0.472,41.239
19.11.2021 17:12:20,39.095,763.519,447.448,717.376,713.195,0.463,41.363
19.11.2021 17:12:21,39.191,762.451,446.655,716.522,712.432,0.453,41.391
19.11.2021 17:12:22,39.301,761.322,445.587,715.576,711.547,0.447,41.458
19.11.2021 17:12:23,39.386,760.437,444.458,714.843,710.418,0.492,41.560
19.11.2021 17:12:24,39.495,759.033,443.359,713.500,709.411,0.455,41.606
19.11.2021 17:12:25,39.598,757.781,442.413,712.799,708.801,0.445,41.642
19.11.2021 17:12:26,39.688,756.469,441.192,711.883,707.550,0.483,41.718
19.11.2021 17:12:27,39.788,755.493,439.849,710.388,707.061,0.371,41.847
19.11.2021 17:12:28,39.899,754.211,438.598,709.655,706.146,0.392,41.932
19.11.2021 17:12:29,39.997,752.899,437.286,708.831,704.711,0.461,42.025
19.11.2021 17:12:30,40.095,751.983,436.126,707.275,704.193,0.346,42.131
19.11.2021 17:12:31,40.191,750.213,435.211,706.298,702.819,0.391,42.112
19.11.2021 17:12:32,40.299,749.237,434.265,705.383,701.934,0.388,42.176
19.11.2021 17:12:33,40.397,748.016,433.593,704.437,700.805,0.409,42.170
19.11.2021 17:12:34,40.495,746.704,432.006,703.338,699.584,0.424,42.311
19.11.2021 17:12:35,40.603,745.391,430.938,702.484,698.516,0.448,42.364
19.11.2021 17:12:36,40.691,743.865,429.901,701.202,697.814,0.383,42.390
19.11.2021 17:12:37,40.796,742.431,429.534,700.103,696.746,0.380,42.311
19.11.2021 17:12:38,40.899,741.638,428.924,699.523,696.197,0.377,42.337
19.11.2021 17:12:39,40.995,740.112,427.429,698.699,694.396,0.489,42.442
19.11.2021 17:12:40,41.087,739.471,426.239,697.753,693.878,0.441,42.584
19.11.2021 17:12:41,41.196,737.976,425.384,696.899,692.749,0.473,42.582
19.11.2021 17:12:42,41.291,736.663,424.682,695.739,691.955,0.432,42.573
19.11.2021 17:12:43,41.394,735.412,423.858,694.824,690.612,0.481,42.591
19.11.2021 17:12:44,41.489,733.581,422.698,693.267,689.849,0.391,42.609
19.11.2021 17:12:45,41.603,732.757,421.844,692.565,688.659,0.448,42.675
19.11.2021 17:12:46,41.696,731.140,421.020,691.162,687.225,0.452,42.656
19.11.2021 17:12:47,41.799,730.316,420.684,690.032,686.859,0.365,42.632
19.11.2021 17:12:48,41.894,728.790,419.158,689.025,685.302,0.429,42.745
19.11.2021 17:12:49,41.987,727.233,418.823,687.927,684.570,0.387,42.647
19.11.2021 17:12:50,42.095,726.196,417.388,686.370,683.074,0.381,42.794
19.11.2021 17:12:51,42.191,725.067,417.114,686.004,682.189,0.441,42.728
19.11.2021 17:12:52,42.304,723.937,416.534,684.539,680.938,0.417,42.716
19.11.2021 17:12:53,42.392,722.503,415.618,683.258,679.901,0.390,42.732
19.11.2021 17:12:54,42.492,721.527,415.191,682.464,678.833,0.422,42.708
19.11.2021 17:12:55,42.593,720.306,414.611,681.640,677.703,0.458,42.686
19.11.2021 17:12:56,42.701,720.001,413.360,680.297,676.452,0.449,42.877
19.11.2021 17:12:57,42.791,717.987,412.811,679.168,675.476,0.431,42.769
19.11.2021 17:12:58,42.886,717.315,412.078,677.764,674.438,0.389,42.831
19.11.2021 17:12:59,43.000,715.850,411.193,677.154,673.278,0.454,42.839
19.11.2021 17:13:00,43.103,715.301,410.247,675.994,672.149,0.452,42.951
19.11.2021 17:13:01,43.193,714.050,409.057,674.743,670.532,0.496,43.036
19.11.2021 17:13:02,43.296,712.432,408.325,673.431,669.616,0.450,43.001
19.11.2021 17:13:03,43.389,711.791,407.653,672.241,668.182,0.479,43.056
19.11.2021 17:13:04,43.492,710.510,406.860,670.501,666.839,0.433,43.067
19.11.2021 17:13:05,43.600,710.449,405.548,669.189,665.435,0.445,43.297
19.11.2021 17:13:06,43.688,709.106,404.327,668.426,664.337,0.486,43.380
19.11.2021 17:13:07,43.791,708.343,403.656,666.931,662.841,0.487,43.423
19.11.2021 17:13:08,43.902,707.580,402.923,665.588,661.834,0.448,43.477
19.11.2021 17:13:09,43.992,706.604,401.977,664.306,660.491,0.456,43.548
19.11.2021 17:13:10,44.093,705.322,400.726,663.574,659.088,0.537,43.643
19.11.2021 17:13:11,44.188,704.589,399.993,661.651,658.264,0.406,43.701
19.11.2021 17:13:12,44.299,703.918,398.712,661.193,656.616,0.550,43.866
19.11.2021 17:13:13,44.392,702.453,397.918,659.301,655.639,0.441,43.859
19.11.2021 17:13:14,44.502,701.385,396.423,657.897,654.235,0.442,44.024
19.11.2021 17:13:15,44.587,700.408,395.477,656.616,652.648,0.480,44.096
19.11.2021 17:13:16,44.688,699.371,394.683,655.273,651.733,0.429,44.135
19.11.2021 17:13:17,44.796,697.967,393.859,654.083,649.810,0.519,44.141
19.11.2021 17:13:18,44.899,696.838,393.127,652.252,648.651,0.438,44.158
19.11.2021 17:13:19,44.987,695.465,391.632,650.848,647.094,0.458,44.293
19.11.2021 17:13:20,45.090,694.580,391.113,649.658,645.721,0.481,44.297
19.11.2021 17:13:21,45.188,692.993,389.801,648.010,644.134,0.475,44.375
19.11.2021 17:13:22,45.299,691.558,389.312,646.484,643.005,0.427,44.315
19.11.2021 17:13:23,45.394,690.429,388.305,645.507,641.448,0.499,44.385
19.11.2021 17:13:24,45.502,689.025,387.023,644.470,640.289,0.515,44.478
19.11.2021 17:13:25,45.600,687.561,385.864,643.005,638.702,0.532,44.541
19.11.2021 17:13:26,45.691,685.485,385.040,641.265,637.817,0.427,44.477
19.11.2021 17:13:27,45.799,684.478,383.758,639.648,636.627,0.375,44.613
19.11.2021 17:13:28,45.886,683.288,382.995,639.007,635.345,0.455,44.631
19.11.2021 17:13:29,45.992,681.579,381.469,637.115,633.758,0.418,44.740
19.11.2021 17:13:30,46.103,680.114,380.767,636.322,632.476,0.480,44.717
19.11.2021 17:13:31,46.203,678.710,379.760,634.765,631.134,0.454,44.760
19.11.2021 17:13:33,46.294,677.398,378.723,633.239,629.516,0.467,44.818
19.11.2021 17:13:34,46.392,676.116,378.204,631.835,628.570,0.410,44.780
19.11.2021 17:13:35,46.502,674.499,376.983,630.737,627.471,0.411,44.841
19.11.2021 17:13:36,46.593,673.645,376.129,629.516,626.373,0.396,44.914
19.11.2021 17:13:37,46.691,671.997,375.030,628.112,624.633,0.440,44.949
19.11.2021 17:13:38,46.791,669.891,374.481,627.197,622.924,0.541,44.827
19.11.2021 17:13:39,46.889,669.525,373.596,625.885,622.497,0.430,44.959
19.11.2021 17:13:40,46.995,667.633,372.558,624.603,620.727,0.493,44.956
19.11.2021 17:13:41,47.098,666.137,371.826,623.382,619.750,0.462,44.936
19.11.2021 17:13:42,47.201,664.886,371.337,622.192,618.499,0.471,44.894
19.11.2021 17:13:43,47.288,662.933,370.452,621.002,617.370,0.464,44.854
19.11.2021 17:13:44,47.392,661.437,369.262,619.720,616.119,0.461,44.924
19.11.2021 17:13:45,47.502,659.545,368.743,618.164,614.685,0.447,44.818
19.11.2021 17:13:46,47.603,658.447,367.889,617.279,613.677,0.463,44.865
19.11.2021 17:13:47,47.688,656.524,366.912,615.753,612.548,0.413,44.846
19.11.2021 17:13:48,47.804,654.968,366.271,614.654,610.961,0.477,44.800
19.11.2021 17:13:49,47.886,653.503,365.509,613.067,609.313,0.486,44.789
19.11.2021 17:13:50,48.000,652.343,364.624,611.694,608.489,0.416,44.836
19.11.2021 17:13:51,48.090,650.878,364.044,610.229,606.872,0.437,44.788
19.11.2021 17:13:52,48.191,649.414,363.281,608.703,605.743,0.386,44.777
19.11.2021 17:13:53,48.291,647.338,362.640,607.879,604.095,0.494,44.672
19.11.2021 17:13:54,48.392,646.209,361.724,606.323,603.363,0.387,44.729
19.11.2021 17:13:55,48.487,644.653,361.145,605.499,601.867,0.476,44.670
19.11.2021 17:13:56,48.598,643.524,360.473,604.370,600.921,0.453,44.678
19.11.2021 17:13:57,48.693,641.876,359.680,603.027,599.334,0.486,44.652
19.11.2021 17:13:58,48.804,640.258,358.489,601.654,598.052,0.475,44.710
19.11.2021 17:13:59,48.889,638.580,357.849,600.097,597.045,0.403,44.649
19.11.2021 17:14:00,49.002,636.932,356.933,598.693,595.703,0.396,44.647
19.11.2021 17:14:01,49.098,636.291,356.201,597.503,594.512,0.397,44.724
19.11.2021 17:14:02,49.191,634.552,355.133,595.916,592.620,0.439,44.743
19.11.2021 17:14:04,49.301,633.300,353.576,594.421,591.735,0.358,44.919
19.11.2021 17:14:05,49.402,631.500,353.820,592.987,590.332,0.355,44.661
19.11.2021 17:14:06,49.489,630.645,352.722,591.735,588.775,0.397,44.789
19.11.2021 17:14:07,49.593,629.608,351.593,590.087,587.310,0.373,44.903
19.11.2021 17:14:08,49.703,628.387,350.738,589.050,586.029,0.407,44.939
19.11.2021 17:14:09,49.804,627.319,350.280,587.249,584.655,0.350,44.910
19.11.2021 17:14:10,49.889,626.159,348.846,585.937,583.465,0.334,45.074
19.11.2021 17:14:11,49.987,625.518,348.327,584.747,582.397,0.319,45.108
19.11.2021 17:14:12,50.093,624.511,347.320,583.526,581.207,0.315,45.202
19.11.2021 17:14:13,50.191,623.077,346.618,582.763,580.047,0.370,45.181
19.11.2021 17:14:14,50.294,621.826,345.397,581.085,578.582,0.341,45.292
19.11.2021 17:14:15,50.394,620.697,344.390,579.803,577.484,0.317,45.372
19.11.2021 17:14:16,50.502,619.384,343.627,578.460,576.293,0.297,45.380
19.11.2021 17:14:17,50.587,618.713,342.437,577.117,574.432,0.369,45.553
19.11.2021 17:14:18,50.691,617.126,341.735,576.019,573.577,0.336,45.515
19.11.2021 17:14:19,50.794,616.485,340.423,574.340,572.113,0.307,45.720
19.11.2021 17:14:20,50.902,615.020,339.660,573.272,571.350,0.266,45.710
19.11.2021 17:14:21,50.997,613.739,338.562,572.082,569.854,0.309,45.793
19.11.2021 17:14:22,51.093,612.640,337.402,570.312,568.756,0.216,45.913
19.11.2021 17:14:23,51.191,611.694,336.700,569.091,567.138,0.272,45.952
19.11.2021 17:14:24,51.291,610.321,335.998,568.084,566.162,0.268,45.940
19.11.2021 17:14:25,51.392,609.100,334.960,566.772,565.216,0.217,46.019
19.11.2021 17:14:26,51.487,607.910,334.106,565.979,563.995,0.278,46.062
19.11.2021 17:14:27,51.587,606.750,333.404,564.788,562.438,0.330,46.076
19.11.2021 17:14:28,51.688,605.407,332.061,563.201,561.523,0.236,46.208
19.11.2021 17:14:29,51.799,603.942,331.756,562.011,560.455,0.219,46.099
19.11.2021 17:14:30,51.889,602.600,330.383,560.943,559.234,0.241,46.239
19.11.2021 17:14:31,51.997,601.074,329.528,559.692,557.800,0.268,46.243
19.11.2021 17:14:32,52.100,599.822,328.704,558.319,556.488,0.260,46.273
19.11.2021 17:14:33,52.203,598.602,327.453,557.250,555.664,0.225,46.402
19.11.2021 17:14:34,52.296,597.259,326.599,555.541,554.565,0.139,46.429
19.11.2021 17:14:35,52.399,596.099,325.775,554.504,553.283,0.174,46.471
19.11.2021 17:14:36,52.495,594.909,324.920,553.466,552.581,0.126,46.516
19.11.2021 17:14:37,52.587,593.017,324.005,552.337,550.872,0.210,46.490
19.11.2021 17:14:38,52.691,591.766,323.272,551.086,549.530,0.224,46.501
19.11.2021 17:14:39,52.799,590.881,321.929,549.774,548.614,0.167,46.694
19.11.2021 17:14:40,52.892,589.233,321.441,548.706,547.576,0.163,46.601
19.11.2021 17:14:41,52.992,587.615,320.129,547.790,546.142,0.238,46.699
19.11.2021 17:14:42,53.095,586.334,319.305,546.356,545.043,0.190,46.727
19.11.2021 17:14:43,53.188,584.777,318.695,545.318,544.311,0.146,46.673
19.11.2021 17:14:44,53.294,583.160,317.443,544.586,542.755,0.266,46.757
19.11.2021 17:14:45,53.394,581.726,317.016,542.846,541.778,0.156,46.677
19.11.2021 17:14:46,53.495,580.902,315.917,541.656,540.679,0.142,46.825
19.11.2021 17:14:47,53.595,578.704,315.521,540.374,539.520,0.125,46.642
19.11.2021 17:14:48,53.688,577.667,314.636,539.398,538.543,0.125,46.715
19.11.2021 17:14:49,53.791,575.988,313.934,538.055,537.170,0.130,46.666
19.11.2021 17:14:50,53.892,574.768,313.140,536.682,535.400,0.189,46.696
19.11.2021 17:14:51,54.002,573.059,312.194,534.759,534.362,0.058,46.700
19.11.2021 17:14:52,54.090,571.716,311.248,533.966,532.958,0.149,46.749
19.11.2021 17:14:53,54.188,569.671,310.516,532.440,531.494,0.140,46.661
19.11.2021 17:14:54,54.294,568.328,309.844,530.944,530.364,0.086,46.646
19.11.2021 17:14:55,54.386,566.925,308.959,530.212,529.388,0.123,46.675
19.11.2021 17:14:56,54.487,565.795,308.380,528.656,528.228,0.064,46.666
19.11.2021 17:14:57,54.595,563.629,307.373,527.832,526.763,0.160,46.625
19.11.2021 17:14:58,54.691,562.194,307.006,526.153,525.634,0.078,46.527
19.11.2021 17:14:59,54.788,560.882,305.694,524.963,524.475,0.073,46.668
19.11.2021 17:15:00,54.886,559.356,304.687,523.590,523.529,0.009,46.710
19.11.2021 17:15:01,54.992,558.044,303.863,522.857,522.033,0.124,46.736
19.11.2021 17:15:02,55.093,556.488,302.886,521.209,520.965,0.037,46.766
19.11.2021 17:15:03,55.191,555.114,302.246,519.714,519.561,0.023,46.741
19.11.2021 17:15:04,55.304,553.619,301.208,518.310,518.310,0.000,46.795
19.11.2021 17:15:05,55.399,552.307,300.354,517.059,516.937,0.018,46.828
19.11.2021 17:15:06,55.489,550.781,299.621,515.838,515.777,0.009,46.805
19.11.2021 17:15:07,55.595,550.109,298.828,514.343,514.434,-0.014,46.908
19.11.2021 17:15:08,55.693,548.645,297.698,513.275,512.298,0.150,46.989
19.11.2021 17:15:09,55.788,547.454,296.722,511.322,511.596,-0.042,47.070
19.11.2021 17:15:10,55.889,545.898,295.837,510.284,510.162,0.018,47.080
19.11.2021 17:15:11,55.989,544.860,295.623,509.338,508.880,0.071,46.995
19.11.2021 17:15:12,56.095,543.670,294.281,507.995,507.629,0.057,47.166
19.11.2021 17:15:13,56.191,542.572,293.426,506.927,506.286,0.100,47.230
19.11.2021 17:15:14,56.294,541.320,292.358,505.249,505.126,0.019,47.326
19.11.2021 17:15:15,56.386,540.222,291.778,503.875,504.119,-0.038,47.323
19.11.2021 17:15:16,56.489,538.940,290.863,502.838,502.563,0.043,47.378
19.11.2021 17:15:17,56.587,537.719,289.733,501.708,501.373,0.053,47.495
19.11.2021 17:15:19,56.691,536.895,288.696,500.152,500.274,-0.019,47.643
19.11.2021 17:15:20,56.804,535.736,287.689,498.962,498.992,-0.004,47.739
19.11.2021 17:15:21,56.889,534.423,287.139,497.283,497.650,-0.058,47.700
19.11.2021 17:15:22,57.000,533.538,286.132,496.551,496.124,0.068,47.834
19.11.2021 17:15:23,57.090,531.982,285.003,495.086,494.720,0.058,47.908
19.11.2021 17:15:24,57.191,531.005,283.752,493.774,493.682,0.014,48.093
19.11.2021 17:15:25,57.299,529.968,283.111,491.943,492.523,-0.093,48.115
19.11.2021 17:15:26,57.386,528.289,282.135,491.119,490.966,0.024,48.135
19.11.2021 17:15:27,57.495,527.679,281.677,489.593,489.654,-0.009,48.169
19.11.2021 17:15:28,57.595,526.489,280.273,488.464,488.098,0.059,48.366
19.11.2021 17:15:29,57.688,525.085,279.632,487.548,487.243,0.049,48.338
19.11.2021 17:15:30,57.796,524.017,278.961,485.839,485.778,0.009,48.365
19.11.2021 17:15:31,57.889,522.369,277.526,484.985,484.405,0.094,48.509
19.11.2021 17:15:32,57.992,520.782,276.245,483.245,483.306,-0.010,48.623
19.11.2021 17:15:33,58.087,519.897,275.024,482.147,482.269,-0.020,48.818
19.11.2021 17:15:34,58.198,518.676,274.414,480.590,481.018,-0.070,48.809
19.11.2021 17:15:35,58.288,517.547,273.498,479.766,479.644,0.020,48.892
19.11.2021 17:15:36,58.394,515.563,272.552,477.874,478.607,-0.121,48.866
19.11.2021 17:15:37,58.487,514.739,271.301,476.898,476.715,0.030,49.081
19.11.2021 17:15:38,58.593,513.153,271.057,475.402,475.585,-0.030,48.924
19.11.2021 17:15:39,58.688,512.023,269.531,473.846,474.273,-0.071,49.171
19.11.2021 17:15:40,58.791,510.375,268.981,473.052,472.961,0.015,49.086
19.11.2021 17:15:41,58.902,508.789,267.669,471.496,471.252,0.041,49.213
19.11.2021 17:15:42,58.995,507.202,266.601,470.489,470.245,0.041,49.276
19.11.2021 17:15:43,59.098,505.920,266.082,468.414,468.841,-0.072,49.234
19.11.2021 17:15:44,59.196,504.150,264.739,467.376,467.437,-0.010,49.345
19.11.2021 17:15:45,59.288,502.532,263.793,465.728,466.278,-0.093,49.371
19.11.2021 17:15:46,59.394,501.525,263.244,465.087,465.484,-0.067,49.377
19.11.2021 17:15:47,59.492,500.396,262.664,463.836,463.836,0.000,49.374
19.11.2021 17:15:48,59.598,499.237,261.474,462.829,463.348,-0.088,49.532
19.11.2021 17:15:49,59.703,497.406,260.742,461.517,461.608,-0.015,49.470
19.11.2021 17:15:50,59.791,495.880,259.521,459.869,460.052,-0.031,49.586
19.11.2021 17:15:51,59.886,494.537,258.575,458.557,458.648,-0.015,49.653
19.11.2021 17:15:52,59.992,492.370,257.751,456.726,457.336,-0.105,49.568
