# Sensor: ADPD2140, Rotationstage: ELL18M
Datetime,Stage Angle,xL,xR,yL,yR,X,Y
19.11.2021 18:22:47,-59.995,324.737,617.187,568.725,569.030,-0.042,-49.204
19.11.2021 18:22:48,-59.907,325.927,618.835,569.885,570.739,-0.118,-49.133
19.11.2021 18:22:49,-59.804,327.087,620.452,571.502,572.113,-0.084,-49.066
19.11.2021 18:22:50,-59.696,327.941,621.978,572.753,573.455,-0.097,-49.055
19.11.2021 18:22:51,-59.608,328.887,623.748,574.066,575.012,-0.130,-49.052
19.11.2021 18:22:52,-59.505,329.895,624.877,575.805,576.629,-0.113,-48.962
19.11.2021 18:22:53,-59.402,331.359,627.197,577.026,578.125,-0.150,-48.910
19.11.2021 18:22:54,-59.299,332.305,628.326,578.491,579.620,-0.154,-48.835
19.11.2021 18:22:55,-59.206,333.282,629.882,579.711,580.871,-0.158,-48.802
19.11.2021 18:22:56,-59.093,334.045,631.225,581.512,582.153,-0.087,-48.791
19.11.2021 18:22:57,-59.005,334.960,632.812,582.946,583.343,-0.053,-48.774
19.11.2021 18:22:58,-58.897,336.364,634.857,583.831,585.723,-0.256,-48.706
19.11.2021 18:22:59,-58.807,337.554,636.138,585.845,586.669,-0.111,-48.597
19.11.2021 18:23:00,-58.704,338.287,637.817,586.669,588.043,-0.185,-48.631
19.11.2021 18:23:01,-58.596,339.904,639.160,588.470,589.233,-0.102,-48.439
19.11.2021 18:23:02,-58.493,340.881,641.326,590.515,591.003,-0.065,-48.476
19.11.2021 18:23:03,-58.392,341.827,642.578,591.033,592.437,-0.187,-48.417
19.11.2021 18:23:04,-58.304,342.864,644.165,592.498,593.811,-0.175,-48.377
19.11.2021 18:23:05,-58.209,344.177,646.026,593.902,595.428,-0.203,-48.309
19.11.2021 18:23:06,-58.101,344.970,647.033,596.038,596.557,-0.068,-48.256
19.11.2021 18:23:07,-58.003,346.008,649.047,597.229,597.991,-0.101,-48.263
19.11.2021 18:23:08,-57.900,347.320,650.665,598.510,599.853,-0.177,-48.170
19.11.2021 18:23:10,-57.802,347.930,652.160,600.067,600.952,-0.116,-48.209
19.11.2021 18:23:11,-57.704,349.029,653.991,601.196,602.386,-0.156,-48.184
19.11.2021 18:23:12,-57.601,350.372,655.395,603.240,603.820,-0.076,-48.062
19.11.2021 18:23:13,-57.495,350.982,657.531,604.187,605.346,-0.151,-48.171
19.11.2021 18:23:14,-57.397,351.715,658.142,605.743,606.231,-0.063,-48.088
19.11.2021 18:23:15,-57.302,353.057,660.034,607.147,607.849,-0.091,-48.020
19.11.2021 18:23:16,-57.206,353.942,661.315,608.032,609.039,-0.131,-47.979
19.11.2021 18:23:17,-57.098,355.010,662.994,609.710,610.504,-0.103,-47.945
19.11.2021 18:23:18,-57.000,355.346,664.367,610.900,611.846,-0.122,-48.026
19.11.2021 18:23:19,-56.907,356.903,665.405,612.670,613.189,-0.067,-47.824
19.11.2021 18:23:20,-56.807,357.543,667.266,613.952,614.379,-0.055,-47.896
19.11.2021 18:23:21,-56.699,358.947,669.158,615.173,616.210,-0.133,-47.817
19.11.2021 18:23:22,-56.596,359.588,670.074,616.302,617.614,-0.168,-47.787
19.11.2021 18:23:23,-56.505,360.809,671.752,617.523,618.560,-0.133,-47.723
19.11.2021 18:23:24,-56.392,361.328,672.790,619.293,620.056,-0.097,-47.731
19.11.2021 18:23:25,-56.302,362.152,674.530,619.934,620.819,-0.113,-47.753
19.11.2021 18:23:26,-56.204,363.739,675.415,621.948,623.168,-0.155,-47.532
19.11.2021 18:23:27,-56.096,364.105,677.459,623.260,624.145,-0.112,-47.678
19.11.2021 18:23:28,-56.000,365.051,678.680,624.389,625.244,-0.108,-47.620
19.11.2021 18:23:29,-55.895,366.271,680.389,626.098,626.556,-0.057,-47.561
19.11.2021 18:23:30,-55.807,366.821,681.182,626.770,627.716,-0.119,-47.537
19.11.2021 18:23:31,-55.696,368.103,683.685,628.875,629.486,-0.076,-47.550
19.11.2021 18:23:32,-55.606,368.499,684.600,629.486,630.371,-0.111,-47.569
19.11.2021 18:23:33,-55.495,369.720,685.760,631.011,632.232,-0.153,-47.452
19.11.2021 18:23:34,-55.400,370.727,687.622,633.331,633.728,-0.049,-47.452
19.11.2021 18:23:35,-55.292,371.429,689.086,633.819,634.887,-0.133,-47.469
19.11.2021 18:23:36,-55.199,372.253,690.093,635.589,636.413,-0.102,-47.414
19.11.2021 18:23:37,-55.093,373.199,691.711,637.176,638.092,-0.113,-47.400
19.11.2021 18:23:38,-55.000,374.267,693.389,638.214,639.068,-0.106,-47.369
19.11.2021 18:23:39,-54.895,375.061,694.274,639.953,640.533,-0.071,-47.308
19.11.2021 18:23:40,-54.804,375.610,695.800,641.876,642.181,-0.037,-47.361
19.11.2021 18:23:41,-54.709,376.586,696.777,642.303,643.157,-0.105,-47.275
19.11.2021 18:23:42,-54.608,377.655,698.455,644.134,645.111,-0.120,-47.244
19.11.2021 18:23:43,-54.508,378.112,700.103,645.416,646.881,-0.179,-47.326
19.11.2021 18:23:44,-54.395,379.547,701.324,647.125,647.521,-0.048,-47.179
19.11.2021 18:23:45,-54.297,380.371,703.094,649.078,649.475,-0.048,-47.204
19.11.2021 18:23:46,-54.204,381.500,704.772,650.604,651.580,-0.118,-47.162
19.11.2021 18:23:47,-54.098,382.110,706.573,652.221,653.137,-0.111,-47.231
19.11.2021 18:23:48,-54.000,383.209,708.007,653.991,654.785,-0.096,-47.170
19.11.2021 18:23:49,-53.902,384.033,709.411,654.968,655.792,-0.099,-47.158
19.11.2021 18:23:50,-53.807,385.040,710.723,656.951,658.142,-0.143,-47.103
19.11.2021 18:23:51,-53.709,385.833,712.066,658.630,659.393,-0.091,-47.090
19.11.2021 18:23:56,-53.598,386.596,713.775,659.912,660.858,-0.113,-47.121
19.11.2021 18:23:57,-53.508,386.932,715.087,660.797,661.834,-0.124,-47.191
19.11.2021 18:24:01,-53.392,388.000,716.918,663.177,663.909,-0.087,-47.176
19.11.2021 18:24:02,-53.302,389.129,718.109,664.001,665.496,-0.178,-47.086
19.11.2021 18:24:03,-53.204,389.831,720.092,666.229,666.900,-0.079,-47.155
19.11.2021 18:24:04,-53.103,390.655,721.832,667.877,668.701,-0.097,-47.177
19.11.2021 18:24:05,-53.003,391.540,723.419,669.494,669.708,-0.025,-47.172
19.11.2021 18:24:06,-52.907,392.089,725.067,671.112,671.905,-0.093,-47.235
19.11.2021 18:24:07,-52.799,393.341,726.562,672.576,673.461,-0.104,-47.154
19.11.2021 18:24:08,-52.696,393.585,728.973,674.652,675.048,-0.046,-47.348
19.11.2021 18:24:09,-52.606,394.958,730.682,676.177,677.185,-0.117,-47.266
19.11.2021 18:24:10,-52.500,395.874,732.238,678.009,678.619,-0.071,-47.252
19.11.2021 18:24:11,-52.400,396.301,734.100,679.168,680.145,-0.113,-47.358
19.11.2021 18:24:12,-52.297,397.521,735.504,680.603,681.884,-0.149,-47.274
19.11.2021 18:24:13,-52.199,398.040,737.304,682.800,683.227,-0.049,-47.356
19.11.2021 18:24:14,-52.096,399.566,739.013,684.265,684.844,-0.067,-47.247
19.11.2021 18:24:15,-51.995,399.902,740.966,685.913,686.859,-0.109,-47.377
19.11.2021 18:24:16,-51.892,400.634,742.919,687.469,688.690,-0.140,-47.435
19.11.2021 18:24:17,-51.794,401.885,743.591,688.995,689.849,-0.098,-47.275
19.11.2021 18:24:18,-51.694,402.465,746.551,690.612,691.711,-0.125,-47.458
19.11.2021 18:24:19,-51.598,403.289,747.253,692.138,692.993,-0.097,-47.378
19.11.2021 18:24:20,-51.503,404.022,749.176,693.481,694.396,-0.104,-47.432
19.11.2021 18:24:21,-51.405,404.663,750.885,694.732,696.289,-0.177,-47.482
19.11.2021 18:24:22,-51.302,405.853,751.770,696.777,697.479,-0.079,-47.355
19.11.2021 18:24:23,-51.209,406.707,753.814,697.967,699.554,-0.179,-47.400
19.11.2021 18:24:24,-51.096,407.653,754.455,699.493,700.836,-0.151,-47.293
19.11.2021 18:24:25,-51.000,408.569,756.164,701.446,701.843,-0.044,-47.295
19.11.2021 18:24:26,-50.895,409.454,757.781,702.819,703.735,-0.103,-47.293
19.11.2021 18:24:27,-50.807,410.278,759.216,704.589,705.383,-0.089,-47.284
19.11.2021 18:24:28,-50.699,411.346,760.620,706.024,707.031,-0.112,-47.230
19.11.2021 18:24:29,-50.598,412.078,761.505,707.183,707.977,-0.088,-47.185
19.11.2021 18:24:30,-50.503,413.238,763.397,708.374,709.472,-0.122,-47.162
19.11.2021 18:24:31,-50.400,414.367,764.465,709.472,710.906,-0.160,-47.066
19.11.2021 18:24:32,-50.307,415.313,766.723,712.127,712.738,-0.067,-47.114
19.11.2021 18:24:33,-50.209,415.985,767.822,713.287,714.508,-0.135,-47.101
19.11.2021 18:24:34,-50.103,417.236,768.859,714.508,715.972,-0.162,-46.981
19.11.2021 18:24:35,-50.005,418.090,770.599,716.064,717.681,-0.178,-46.997
19.11.2021 18:24:36,-49.905,419.128,771.545,717.559,718.719,-0.127,-46.906
19.11.2021 18:24:37,-49.807,419.982,773.254,718.597,719.848,-0.137,-46.919
19.11.2021 18:24:38,-49.709,420.806,774.932,719.909,721.862,-0.214,-46.934
19.11.2021 18:24:39,-49.603,422.271,776.092,721.679,722.900,-0.133,-46.791
19.11.2021 18:24:40,-49.500,422.912,777.740,723.358,724.487,-0.123,-46.835
19.11.2021 18:24:41,-49.397,423.950,778.869,724.700,726.043,-0.146,-46.762
19.11.2021 18:24:42,-49.302,425.109,780.120,725.769,727.508,-0.189,-46.681
19.11.2021 18:24:43,-49.206,425.872,781.524,727.416,728.942,-0.166,-46.681
19.11.2021 18:24:44,-49.101,426.940,782.409,729.217,730.438,-0.132,-46.582
19.11.2021 18:24:45,-48.998,427.398,784.027,729.766,732.238,-0.267,-46.654
19.11.2021 18:24:46,-48.900,428.833,785.064,731.231,732.727,-0.161,-46.507
19.11.2021 18:24:47,-48.807,429.382,786.132,732.513,734.436,-0.207,-46.513
19.11.2021 18:24:48,-48.704,430.633,787.872,734.649,735.809,-0.124,-46.462
19.11.2021 18:24:49,-48.593,431.976,788.757,735.687,737.579,-0.203,-46.318
19.11.2021 18:24:50,-48.500,432.556,790.252,736.907,738.372,-0.157,-46.358
19.11.2021 18:24:51,-48.400,433.776,791.168,738.525,739.929,-0.150,-46.237
19.11.2021 18:24:52,-48.294,435.150,792.938,739.715,741.668,-0.208,-46.170
19.11.2021 18:24:53,-48.209,436.340,793.121,741.333,743.072,-0.185,-45.989
19.11.2021 18:24:55,-48.101,436.767,795.074,742.553,744.384,-0.195,-46.096
19.11.2021 18:24:56,-47.993,438.201,796.173,744.079,745.971,-0.201,-45.959
19.11.2021 18:24:57,-47.897,438.812,797.363,745.269,746.948,-0.178,-45.966
19.11.2021 18:24:58,-47.799,440.277,798.492,746.978,748.352,-0.145,-45.827
19.11.2021 18:24:59,-47.706,441.131,799.621,748.229,750.030,-0.190,-45.789
19.11.2021 18:25:00,-47.601,442.047,801.055,749.633,751.342,-0.180,-45.768
19.11.2021 18:25:01,-47.498,442.962,802.001,751.312,752.685,-0.144,-45.704
19.11.2021 18:25:02,-47.400,444.519,803.771,752.471,754.425,-0.205,-45.609
19.11.2021 18:25:03,-47.297,445.312,805.328,753.234,755.126,-0.198,-45.620
19.11.2021 18:25:04,-47.209,446.228,805.786,754.302,756.408,-0.220,-45.512
19.11.2021 18:25:05,-47.101,446.960,807.952,755.401,757.659,-0.236,-45.588
19.11.2021 18:25:06,-47.003,448.242,808.685,756.927,758.514,-0.165,-45.446
19.11.2021 18:25:07,-46.902,449.310,810.150,758.331,760.040,-0.178,-45.404
19.11.2021 18:25:08,-46.807,450.195,811.035,759.368,761.199,-0.190,-45.340
19.11.2021 18:25:09,-46.706,451.324,812.713,760.894,762.420,-0.158,-45.309
19.11.2021 18:25:10,-46.606,451.934,813.995,761.627,763.641,-0.209,-45.325
19.11.2021 18:25:11,-46.503,453.155,815.307,762.817,764.862,-0.212,-45.246
19.11.2021 18:25:12,-46.402,453.704,817.077,763.671,765.808,-0.221,-45.316
19.11.2021 18:25:13,-46.307,454.986,817.504,764.862,766.632,-0.183,-45.148
19.11.2021 18:25:14,-46.204,455.810,819.305,765.960,768.096,-0.220,-45.177
19.11.2021 18:25:15,-46.106,456.939,820.770,767.181,769.317,-0.220,-45.127
19.11.2021 18:25:16,-46.008,457.794,821.929,768.463,770.141,-0.172,-45.093
19.11.2021 18:25:17,-45.907,458.740,823.730,768.981,771.484,-0.257,-45.102
19.11.2021 18:25:18,-45.802,459.869,824.615,770.324,772.918,-0.266,-45.002
19.11.2021 18:25:19,-45.701,460.998,826.599,772.033,774.291,-0.231,-44.998
19.11.2021 18:25:20,-45.606,462.005,827.606,772.644,775.146,-0.256,-44.928
19.11.2021 18:25:21,-45.500,462.860,829.284,773.834,776.062,-0.227,-44.941
19.11.2021 18:25:22,-45.407,464.172,830.444,774.810,777.557,-0.280,-44.836
19.11.2021 18:25:23,-45.292,465.179,831.756,775.848,778.320,-0.252,-44.793
19.11.2021 18:25:24,-45.196,466.247,833.496,776.702,779.815,-0.316,-44.778
19.11.2021 18:25:25,-45.103,467.376,834.136,778.198,781.005,-0.285,-44.658
19.11.2021 18:25:26,-45.005,467.987,835.418,779.022,781.768,-0.278,-44.675
19.11.2021 18:25:27,-44.905,469.604,836.517,780.029,782.836,-0.284,-44.519
19.11.2021 18:25:28,-44.794,470.581,838.256,781.036,783.905,-0.290,-44.519
19.11.2021 18:25:29,-44.701,471.466,839.538,782.562,785.278,-0.274,-44.493
19.11.2021 18:25:30,-44.606,472.625,840.515,783.599,785.858,-0.228,-44.399
19.11.2021 18:25:31,-44.498,473.541,841.735,784.240,786.926,-0.270,-44.364
19.11.2021 18:25:32,-44.392,475.280,842.590,785.461,787.719,-0.227,-44.170
19.11.2021 18:25:33,-44.304,475.830,844.146,786.437,788.879,-0.245,-44.220
19.11.2021 18:25:34,-44.209,476.959,845.275,787.475,789.672,-0.220,-44.145
19.11.2021 18:25:35,-44.096,478.729,847.015,788.879,791.015,-0.214,-44.024
19.11.2021 18:25:36,-44.003,479.492,847.717,789.825,792.633,-0.281,-43.968
19.11.2021 18:25:37,-43.892,481.231,849.456,790.954,793.518,-0.256,-43.853
19.11.2021 18:25:38,-43.792,482.025,850.067,792.175,794.036,-0.185,-43.785
19.11.2021 18:25:39,-43.696,483.123,851.379,792.907,795.532,-0.261,-43.732
19.11.2021 18:25:41,-43.601,483.795,852.661,793.914,796.447,-0.252,-43.740
19.11.2021 18:25:43,-43.505,485.473,853.942,795.410,797.790,-0.236,-43.596
19.11.2021 18:25:45,-43.395,486.846,854.980,796.752,798.553,-0.178,-43.478
19.11.2021 18:25:46,-43.297,487.792,856.262,796.752,800.018,-0.324,-43.446
19.11.2021 18:25:47,-43.194,489.227,857.604,798.492,801.269,-0.275,-43.346
19.11.2021 18:25:48,-43.106,490.142,858.612,799.407,801.727,-0.229,-43.295
19.11.2021 18:25:49,-42.995,491.149,859.710,800.506,802.764,-0.223,-43.238
19.11.2021 18:25:50,-42.907,492.553,861.022,801.544,803.741,-0.216,-43.140
19.11.2021 18:25:51,-42.794,494.293,862.365,802.764,804.962,-0.216,-42.996
19.11.2021 18:25:52,-42.694,495.147,863.067,803.527,806.304,-0.273,-42.929
19.11.2021 18:25:53,-42.593,496.673,864.654,804.656,807.098,-0.240,-42.838
19.11.2021 18:25:54,-42.498,497.711,865.173,805.694,808.746,-0.299,-42.729
19.11.2021 18:25:55,-42.402,499.298,865.844,807.250,808.868,-0.158,-42.552
19.11.2021 18:25:56,-42.304,500.030,867.370,807.891,810.699,-0.274,-42.573
19.11.2021 18:25:57,-42.206,501.373,867.797,809.082,811.096,-0.197,-42.412
19.11.2021 18:25:58,-42.103,502.410,868.774,809.997,812.225,-0.217,-42.343
19.11.2021 18:25:59,-41.993,504.058,869.750,810.974,813.568,-0.253,-42.185
19.11.2021 18:26:00,-41.902,504.913,870.971,812.133,814.910,-0.270,-42.163
19.11.2021 18:26:01,-41.804,505.889,871.002,812.988,815.734,-0.267,-42.023
19.11.2021 18:26:02,-41.694,507.690,872.070,814.300,816.772,-0.240,-41.852
19.11.2021 18:26:03,-41.606,508.300,873.260,815.338,817.901,-0.248,-41.864
19.11.2021 18:26:04,-41.500,509.429,874.267,816.253,819.152,-0.280,-41.785
19.11.2021 18:26:05,-41.392,510.498,874.755,816.864,819.580,-0.263,-41.672
19.11.2021 18:26:06,-41.292,511.535,875.640,818.328,820.831,-0.241,-41.597
19.11.2021 18:26:07,-41.199,512.603,876.708,819.427,821.807,-0.229,-41.533
19.11.2021 18:26:08,-41.103,513.610,877.441,820.098,822.967,-0.276,-41.450
19.11.2021 18:26:09,-41.005,514.953,878.112,821.228,823.822,-0.249,-41.313
19.11.2021 18:26:10,-40.900,515.411,879.028,821.899,824.401,-0.240,-41.325
19.11.2021 18:26:11,-40.797,516.693,879.425,822.784,825.714,-0.281,-41.175
19.11.2021 18:26:12,-40.701,517.730,881.011,823.822,827.026,-0.307,-41.160
19.11.2021 18:26:13,-40.606,518.280,881.988,825.164,827.880,-0.260,-41.163
19.11.2021 18:26:14,-40.508,519.683,882.568,825.622,827.850,-0.213,-41.012
19.11.2021 18:26:15,-40.395,520.721,883.850,826.904,829.345,-0.233,-40.972
19.11.2021 18:26:16,-40.294,521.820,884.765,828.155,830.658,-0.239,-40.892
19.11.2021 18:26:17,-40.196,522.491,885.803,829.040,831.756,-0.259,-40.884
19.11.2021 18:26:18,-40.101,523.254,886.932,829.345,832.916,-0.340,-40.870
19.11.2021 18:26:19,-39.995,524.291,888.122,830.810,832.977,-0.206,-40.823
19.11.2021 18:26:20,-39.907,525.207,888.610,831.634,834.442,-0.267,-40.734
19.11.2021 18:26:21,-39.797,526.397,890.258,832.580,835.266,-0.255,-40.704
19.11.2021 18:26:22,-39.704,526.611,891.357,833.312,836.608,-0.312,-40.765
19.11.2021 18:26:23,-39.603,528.167,892.242,834.198,837.829,-0.344,-40.620
19.11.2021 18:26:24,-39.498,529.266,893.829,836.395,838.348,-0.184,-40.598
19.11.2021 18:26:25,-39.402,529.754,894.805,836.425,839.447,-0.285,-40.610
19.11.2021 18:26:26,-39.297,530.822,895.385,837.921,840.057,-0.201,-40.509
19.11.2021 18:26:27,-39.204,531.890,896.606,838.653,841.216,-0.241,-40.461
19.11.2021 18:26:28,-39.096,532.287,897.277,839.965,841.918,-0.184,-40.462
19.11.2021 18:26:29,-39.008,534.027,898.223,840.911,843.322,-0.226,-40.298
19.11.2021 18:26:30,-38.902,534.881,899.566,841.674,844.177,-0.235,-40.290
19.11.2021 18:26:31,-38.807,535.675,900.116,842.865,844.787,-0.180,-40.225
19.11.2021 18:26:32,-38.701,536.834,901.245,843.688,846.130,-0.228,-40.158
19.11.2021 18:26:33,-38.606,537.780,901.977,844.879,847.839,-0.277,-40.088
19.11.2021 18:26:34,-38.505,538.604,902.618,845.825,847.351,-0.142,-40.027
19.11.2021 18:26:35,-38.395,540.100,904.266,846.832,849.426,-0.242,-39.956
19.11.2021 18:26:36,-38.297,540.863,904.663,847.534,850.372,-0.264,-39.884
19.11.2021 18:26:37,-38.196,541.717,906.097,848.419,851.409,-0.278,-39.885
19.11.2021 18:26:38,-38.108,543.182,906.432,849.609,852.386,-0.258,-39.712
19.11.2021 18:26:39,-38.003,544.189,907.806,850.677,853.179,-0.232,-39.687
19.11.2021 18:26:41,-37.892,545.227,908.264,851.745,854.278,-0.235,-39.583
19.11.2021 18:26:42,-37.799,546.051,908.966,852.722,855.346,-0.243,-39.528
19.11.2021 18:26:43,-37.706,547.027,909.729,853.363,856.506,-0.291,-39.457
19.11.2021 18:26:44,-37.601,547.821,910.919,855.041,856.750,-0.158,-39.447
19.11.2021 18:26:45,-37.508,549.072,911.468,855.194,858.154,-0.273,-39.322
19.11.2021 18:26:46,-37.405,550.262,912.414,856.475,858.947,-0.228,-39.238
19.11.2021 18:26:47,-37.299,551.055,913.696,857.482,859.954,-0.228,-39.235
19.11.2021 18:26:48,-37.201,552.246,914.306,858.154,860.839,-0.247,-39.124
19.11.2021 18:26:49,-37.108,553.283,914.947,858.612,861.663,-0.281,-39.037
19.11.2021 18:26:50,-36.998,554.077,915.863,860.107,862.762,-0.244,-39.005
19.11.2021 18:26:51,-36.902,555.786,916.564,861.022,863.281,-0.207,-38.832
19.11.2021 18:26:52,-36.799,556.427,917.510,861.755,864.013,-0.207,-38.823
19.11.2021 18:26:53,-36.709,557.403,918.121,861.755,864.990,-0.296,-38.742
19.11.2021 18:26:54,-36.608,558.624,918.823,862.762,866.119,-0.307,-38.636
19.11.2021 18:26:55,-36.498,559.417,919.158,863.525,866.485,-0.271,-38.558
19.11.2021 18:26:56,-36.392,560.455,919.769,864.410,867.340,-0.268,-38.469
19.11.2021 18:26:57,-36.297,561.431,920.501,865.234,867.553,-0.212,-38.399
19.11.2021 18:26:58,-36.204,562.438,920.593,865.325,868.835,-0.320,-38.272
19.11.2021 18:26:59,-36.093,563.537,921.050,866.760,869.262,-0.228,-38.164
19.11.2021 18:27:00,-35.998,564.361,921.264,867.004,870.208,-0.292,-38.072
19.11.2021 18:27:01,-35.900,565.093,921.905,867.401,870.574,-0.289,-38.027
19.11.2021 18:27:02,-35.792,565.917,922.088,868.621,870.757,-0.194,-37.933
19.11.2021 18:27:03,-35.704,567.382,922.302,869.079,871.978,-0.263,-37.757
19.11.2021 18:27:04,-35.601,567.687,922.546,869.964,872.314,-0.213,-37.737
19.11.2021 18:27:05,-35.500,568.847,923.065,870.178,873.138,-0.269,-37.626
19.11.2021 18:27:06,-35.392,569.549,923.645,871.124,873.474,-0.213,-37.581
19.11.2021 18:27:07,-35.299,570.709,923.675,871.704,874.053,-0.213,-37.431
19.11.2021 18:27:08,-35.209,571.594,923.858,871.978,874.908,-0.265,-37.330
19.11.2021 18:27:09,-35.106,572.326,924.346,872.711,875.488,-0.251,-37.274
19.11.2021 18:27:10,-35.008,572.784,924.530,873.168,876.373,-0.290,-37.229
19.11.2021 18:27:11,-34.897,574.157,924.896,873.718,876.251,-0.229,-37.079
19.11.2021 18:27:12,-34.799,575.073,925.353,874.359,876.922,-0.231,-36.997
19.11.2021 18:27:13,-34.696,575.653,925.933,874.755,877.380,-0.237,-36.968
19.11.2021 18:27:14,-34.596,576.080,926.177,875.366,878.326,-0.267,-36.933
19.11.2021 18:27:15,-34.500,577.026,927.063,876.037,878.356,-0.209,-36.881
19.11.2021 18:27:16,-34.397,577.484,926.940,876.068,878.448,-0.215,-36.812
19.11.2021 18:27:17,-34.302,578.430,927.825,876.861,879.089,-0.201,-36.761
19.11.2021 18:27:18,-34.204,579.223,928.192,876.983,879.638,-0.239,-36.687
19.11.2021 18:27:19,-34.098,579.864,929.199,877.349,880.310,-0.266,-36.686
19.11.2021 18:27:20,-34.005,580.780,929.138,877.685,880.310,-0.236,-36.563
19.11.2021 18:27:21,-33.902,581.024,929.595,878.143,880.737,-0.233,-36.568
19.11.2021 18:27:22,-33.804,581.573,930.816,878.631,881.225,-0.233,-36.596
19.11.2021 18:27:23,-33.706,582.733,931.366,879.303,881.896,-0.233,-36.490
19.11.2021 18:27:24,-33.601,583.343,931.610,879.821,882.263,-0.219,-36.432
19.11.2021 18:27:25,-33.500,584.197,932.159,880.126,882.812,-0.241,-36.366
19.11.2021 18:27:26,-33.405,584.838,933.136,880.157,883.056,-0.260,-36.362
19.11.2021 18:27:27,-33.294,585.113,933.563,880.401,883.300,-0.260,-36.361
19.11.2021 18:27:28,-33.199,586.212,934.051,881.133,883.911,-0.249,-36.260
19.11.2021 18:27:29,-33.103,586.975,934.417,881.286,884.124,-0.254,-36.191
19.11.2021 18:27:30,-32.998,587.554,935.272,882.232,884.460,-0.199,-36.186
19.11.2021 18:27:31,-32.892,588.562,935.821,882.019,884.704,-0.240,-36.101
19.11.2021 18:27:32,-32.799,588.684,935.974,881.744,885.009,-0.292,-36.098
19.11.2021 18:27:33,-32.696,590.118,936.248,883.178,885.101,-0.172,-35.937
19.11.2021 18:27:34,-32.603,590.911,936.126,883.270,885.711,-0.218,-35.826
19.11.2021 18:27:35,-32.493,591.461,937.194,883.575,885.742,-0.194,-35.842
19.11.2021 18:27:36,-32.397,592.071,936.981,883.606,886.077,-0.221,-35.748
19.11.2021 18:27:37,-32.307,592.987,937.164,883.728,886.596,-0.256,-35.646
19.11.2021 18:27:38,-32.206,593.811,937.194,884.307,886.566,-0.202,-35.544
19.11.2021 18:27:39,-32.106,594.787,937.652,884.246,886.993,-0.245,-35.457
19.11.2021 18:27:40,-32.008,595.428,937.500,884.643,886.993,-0.210,-35.364
19.11.2021 18:27:41,-31.907,596.191,937.988,885.101,887.054,-0.174,-35.307
19.11.2021 18:27:42,-31.792,597.381,937.622,885.253,887.664,-0.215,-35.127
19.11.2021 18:27:43,-31.699,597.808,938.598,885.284,887.908,-0.234,-35.152
19.11.2021 18:27:44,-31.593,598.724,938.507,885.986,888.153,-0.193,-35.029
19.11.2021 18:27:45,-31.498,599.304,938.842,885.772,888.366,-0.231,-34.983
19.11.2021 18:27:46,-31.400,600.128,938.812,885.742,888.305,-0.228,-34.877
19.11.2021 18:27:47,-31.297,601.287,938.598,886.169,888.366,-0.196,-34.714
19.11.2021 18:27:48,-31.199,602.020,938.781,886.627,888.427,-0.160,-34.637
19.11.2021 18:27:49,-31.096,602.722,939.239,886.566,888.824,-0.201,-34.586
19.11.2021 18:27:50,-31.000,603.271,938.903,886.840,888.855,-0.179,-34.490
19.11.2021 18:27:51,-30.897,604.339,939.026,886.627,889.343,-0.242,-34.366
19.11.2021 18:27:52,-30.799,605.010,939.300,887.145,889.160,-0.179,-34.305
19.11.2021 18:27:53,-30.706,605.743,939.514,887.420,889.434,-0.179,-34.230
19.11.2021 18:27:54,-30.606,606.323,940.063,887.451,889.800,-0.209,-34.202
19.11.2021 18:27:55,-30.493,607.025,938.812,888.214,889.770,-0.138,-34.014
19.11.2021 18:27:56,-30.402,607.757,939.727,887.664,890.136,-0.220,-33.997
19.11.2021 18:27:57,-30.292,608.856,938.995,888.183,890.075,-0.168,-33.801
19.11.2021 18:27:58,-30.204,609.802,939.239,887.969,890.411,-0.217,-33.703
19.11.2021 18:27:59,-30.096,610.046,938.324,887.542,890.258,-0.242,-33.599
19.11.2021 18:28:00,-29.995,610.931,938.263,888.488,889.770,-0.114,-33.485
19.11.2021 18:28:01,-29.900,611.663,938.568,888.091,890.380,-0.203,-33.419
19.11.2021 18:28:02,-29.797,612.487,938.384,888.641,890.411,-0.157,-33.302
19.11.2021 18:28:03,-29.696,613.433,938.354,888.122,890.686,-0.228,-33.182
19.11.2021 18:28:04,-29.601,614.196,937.255,888.793,890.807,-0.179,-33.000
19.11.2021 18:28:05,-29.500,614.440,937.683,888.824,890.869,-0.182,-33.004
19.11.2021 18:28:06,-29.400,615.753,937.469,889.099,891.113,-0.179,-32.825
19.11.2021 18:28:07,-29.297,616.149,937.530,889.679,891.265,-0.141,-32.781
19.11.2021 18:28:08,-29.201,616.821,937.408,889.617,891.235,-0.143,-32.688
19.11.2021 18:28:09,-29.098,617.980,936.431,889.740,891.326,-0.141,-32.467
19.11.2021 18:28:10,-29.000,619.140,936.584,889.526,891.876,-0.209,-32.337
19.11.2021 18:28:11,-28.900,619.171,935.943,889.892,891.571,-0.149,-32.281
19.11.2021 18:28:12,-28.794,620.422,935.760,890.380,892.272,-0.168,-32.113
19.11.2021 18:28:13,-28.699,620.849,936.370,890.350,891.815,-0.130,-32.110
19.11.2021 18:28:14,-28.603,622.009,935.791,890.747,892.150,-0.124,-31.921
19.11.2021 18:28:15,-28.508,622.558,935.791,890.442,892.639,-0.195,-31.854
19.11.2021 18:28:16,-28.402,623.443,935.730,890.899,892.120,-0.108,-31.741
19.11.2021 18:28:17,-28.304,623.748,936.096,890.960,892.456,-0.132,-31.734
19.11.2021 18:28:18,-28.209,624.023,936.248,891.174,892.852,-0.149,-31.713
19.11.2021 18:28:19,-28.101,625.366,935.668,891.479,892.639,-0.103,-31.502
19.11.2021 18:28:20,-28.000,625.976,936.309,891.784,893.463,-0.149,-31.480
19.11.2021 18:28:21,-27.902,627.075,935.974,892.425,893.432,-0.089,-31.319
19.11.2021 18:28:22,-27.799,627.136,936.706,892.028,893.829,-0.159,-31.371
19.11.2021 18:28:23,-27.701,627.929,936.492,892.730,893.981,-0.110,-31.257
19.11.2021 18:28:24,-27.603,628.570,936.340,893.158,893.768,-0.054,-31.167
19.11.2021 18:28:26,-27.508,629.547,936.950,893.188,894.134,-0.083,-31.099
19.11.2021 18:28:27,-27.395,630.035,936.981,893.310,894.500,-0.105,-31.042
19.11.2021 18:28:28,-27.297,630.493,937.133,893.585,894.867,-0.113,-30.999
19.11.2021 18:28:29,-27.199,631.286,937.072,893.890,895.385,-0.132,-30.898
19.11.2021 18:28:30,-27.093,632.354,937.377,893.829,895.049,-0.108,-30.794
19.11.2021 18:28:31,-26.993,632.720,937.408,894.165,895.629,-0.129,-30.753
19.11.2021 18:28:32,-26.905,633.850,937.164,894.897,895.507,-0.054,-30.597
19.11.2021 18:28:33,-26.799,634.521,937.622,894.867,896.057,-0.105,-30.553
19.11.2021 18:28:34,-26.706,635.772,936.981,895.019,896.240,-0.107,-30.351
19.11.2021 18:28:35,-26.596,636.352,937.591,894.989,896.301,-0.116,-30.331
19.11.2021 18:28:36,-26.500,637.084,937.316,895.080,896.331,-0.110,-30.221
19.11.2021 18:28:37,-26.400,637.939,937.408,895.599,896.453,-0.075,-30.126
19.11.2021 18:28:38,-26.302,638.824,937.194,895.629,896.575,-0.083,-30.003
19.11.2021 18:28:39,-26.204,639.953,936.859,896.057,897.552,-0.132,-29.840
19.11.2021 18:28:40,-26.103,640.625,936.828,895.874,897.155,-0.113,-29.758
19.11.2021 18:28:41,-25.998,642.333,936.736,896.942,897.796,-0.075,-29.546
19.11.2021 18:28:42,-25.902,642.578,936.492,896.698,897.613,-0.080,-29.497
19.11.2021 18:28:43,-25.799,643.524,936.492,896.453,897.888,-0.126,-29.385
19.11.2021 18:28:44,-25.704,644.897,936.248,896.636,897.613,-0.086,-29.202
19.11.2021 18:28:45,-25.606,645.538,935.791,896.911,898.498,-0.140,-29.088
19.11.2021 18:28:46,-25.503,646.881,935.699,896.789,898.315,-0.134,-28.922
19.11.2021 18:28:47,-25.407,647.827,935.577,897.552,898.712,-0.102,-28.800
19.11.2021 18:28:48,-25.307,648.773,935.363,897.796,899.078,-0.113,-28.670
19.11.2021 18:28:49,-25.199,650.146,935.516,897.644,898.742,-0.096,-28.521
19.11.2021 18:28:50,-25.101,650.604,935.241,898.162,899.169,-0.088,-28.444
19.11.2021 18:28:51,-25.005,651.947,935.028,898.162,899.597,-0.126,-28.269
19.11.2021 18:28:52,-24.892,652.984,934.936,898.376,899.505,-0.099,-28.139
19.11.2021 18:28:53,-24.799,654.479,934.448,898.712,899.780,-0.094,-27.923
19.11.2021 18:28:54,-24.699,655.181,934.539,899.200,900.024,-0.072,-27.849
19.11.2021 18:28:55,-24.598,656.463,934.234,899.169,900.848,-0.147,-27.673
19.11.2021 18:28:56,-24.503,657.531,933.990,899.902,900.482,-0.051,-27.528
19.11.2021 18:28:57,-24.405,658.203,933.654,899.536,901.184,-0.145,-27.422
19.11.2021 18:28:58,-24.304,659.362,933.135,900.024,901.367,-0.118,-27.244
19.11.2021 18:28:59,-24.209,660.491,933.227,901.031,901.336,-0.026,-27.120
19.11.2021 18:29:00,-24.101,661.804,932.617,900.787,901.458,-0.059,-26.917
19.11.2021 18:29:01,-24.008,662.475,932.495,901.153,901.885,-0.064,-26.829
19.11.2021 18:29:02,-23.902,663.238,932.037,900.665,902.954,-0.201,-26.703
19.11.2021 18:29:03,-23.797,664.733,931.732,901.306,901.824,-0.045,-26.504
19.11.2021 18:29:04,-23.706,665.222,931.274,901.397,902.618,-0.107,-26.410
19.11.2021 18:29:05,-23.601,666.412,930.908,901.519,902.465,-0.083,-26.242
19.11.2021 18:29:06,-23.503,666.931,930.847,901.672,902.709,-0.091,-26.177
19.11.2021 18:29:07,-23.397,668.609,930.572,902.099,903.289,-0.104,-25.960
19.11.2021 18:29:08,-23.299,669.281,929.779,902.252,903.442,-0.104,-25.817
19.11.2021 18:29:09,-23.204,670.257,929.565,902.465,904.388,-0.168,-25.687
19.11.2021 18:29:10,-23.101,671.447,929.351,903.625,903.900,-0.024,-25.532
19.11.2021 18:29:11,-22.993,672.485,928.436,903.137,903.503,-0.032,-25.337
19.11.2021 18:29:12,-22.892,673.492,928.405,903.686,904.205,-0.045,-25.219
19.11.2021 18:29:13,-22.792,674.407,927.856,903.625,904.571,-0.082,-25.068
19.11.2021 18:29:14,-22.704,675.048,928.008,903.747,904.602,-0.074,-25.007
19.11.2021 18:29:15,-22.601,676.361,927.093,903.961,904.846,-0.077,-24.781
19.11.2021 18:29:16,-22.500,677.062,927.001,904.022,904.846,-0.072,-24.693
19.11.2021 18:29:17,-22.397,678.619,926.544,904.357,905.456,-0.096,-24.477
19.11.2021 18:29:18,-22.299,678.863,926.727,904.571,905.212,-0.056,-24.465
19.11.2021 18:29:19,-22.204,680.358,926.055,904.083,905.303,-0.106,-24.238
19.11.2021 18:29:20,-22.098,681.457,925.903,904.479,905.944,-0.128,-24.101
19.11.2021 18:29:21,-22.000,682.678,926.055,904.357,905.487,-0.098,-23.975
19.11.2021 18:29:22,-21.897,683.441,925.781,904.815,905.761,-0.082,-23.866
19.11.2021 18:29:23,-21.807,684.356,925.842,904.785,905.914,-0.098,-23.767
19.11.2021 18:29:24,-21.696,685.302,925.201,904.663,905.670,-0.088,-23.606
19.11.2021 18:29:25,-21.603,686.492,925.109,904.601,905.700,-0.096,-23.464
19.11.2021 18:29:26,-21.503,687.744,925.323,905.212,905.731,-0.045,-23.341
19.11.2021 18:29:27,-21.407,688.446,924.499,905.151,905.944,-0.069,-23.193
19.11.2021 18:29:28,-21.302,689.361,924.438,904.998,905.792,-0.069,-23.085
19.11.2021 18:29:29,-21.199,690.307,924.438,904.815,906.524,-0.149,-22.978
19.11.2021 18:29:30,-21.098,691.436,924.316,905.273,905.822,-0.048,-22.841
19.11.2021 18:29:31,-20.993,692.413,923.919,904.785,906.158,-0.120,-22.698
19.11.2021 18:29:32,-20.902,693.298,923.553,905.273,905.944,-0.058,-22.568
19.11.2021 18:29:33,-20.797,694.183,922.790,905.425,905.822,-0.034,-22.405
19.11.2021 18:29:34,-20.694,695.129,922.668,905.242,906.432,-0.104,-22.289
19.11.2021 18:29:35,-20.606,696.258,923.309,905.365,906.188,-0.072,-22.217
19.11.2021 18:29:36,-20.508,696.868,922.607,905.456,905.883,-0.037,-22.090
19.11.2021 18:29:37,-20.397,698.547,921.752,905.425,906.219,-0.069,-21.831
19.11.2021 18:29:38,-20.297,699.188,921.875,905.151,905.700,-0.048,-21.770
19.11.2021 18:29:39,-20.194,700.378,921.356,905.639,905.914,-0.024,-21.594
19.11.2021 18:29:40,-20.103,700.836,920.623,905.059,905.975,-0.080,-21.481
19.11.2021 18:29:41,-20.005,702.362,920.471,905.212,906.066,-0.074,-21.299
19.11.2021 18:29:42,-19.895,703.125,920.013,905.304,905.914,-0.053,-21.176
19.11.2021 18:29:43,-19.794,704.223,919.525,904.723,905.914,-0.104,-21.013
19.11.2021 18:29:44,-19.699,705.352,918.334,905.487,905.853,-0.032,-20.787
19.11.2021 18:29:45,-19.601,706.085,918.090,904.815,905.853,-0.090,-20.686
19.11.2021 18:29:46,-19.495,707.122,917.510,904.205,905.639,-0.125,-20.522
19.11.2021 18:29:47,-19.405,708.465,917.327,904.479,905.273,-0.069,-20.359
19.11.2021 18:29:48,-19.299,709.472,917.022,904.144,905.609,-0.128,-20.222
19.11.2021 18:29:49,-19.204,710.754,916.107,904.266,904.998,-0.064,-20.004
19.11.2021 18:29:50,-19.098,711.395,915.588,903.778,905.181,-0.122,-19.889
19.11.2021 18:29:51,-19.000,713.073,915.374,903.472,904.815,-0.117,-19.687
19.11.2021 18:29:52,-18.905,713.867,914.733,903.747,904.602,-0.074,-19.546
19.11.2021 18:29:53,-18.792,715.301,914.733,903.259,904.571,-0.115,-19.389
19.11.2021 18:29:54,-18.704,715.881,913.848,903.411,904.022,-0.053,-19.250
19.11.2021 18:29:55,-18.601,717.346,913.635,903.045,904.541,-0.131,-19.072
19.11.2021 18:29:56,-18.498,718.353,912.384,903.228,903.991,-0.066,-18.856
19.11.2021 18:29:57,-18.397,718.780,912.170,902.954,904.144,-0.104,-18.791
19.11.2021 18:29:58,-18.307,720.153,911.285,903.076,904.296,-0.107,-18.566
19.11.2021 18:29:59,-18.199,720.886,910.614,902.618,903.716,-0.096,-18.429
19.11.2021 18:30:00,-18.101,722.259,909.881,902.496,903.106,-0.053,-18.217
19.11.2021 18:30:01,-18.003,723.297,908.721,902.374,902.740,-0.032,-18.005
19.11.2021 18:30:02,-17.902,723.358,908.569,902.679,902.984,-0.026,-17.986
19.11.2021 18:30:03,-17.807,724.639,907.440,902.435,902.893,-0.040,-17.750
19.11.2021 18:30:04,-17.706,725.158,906.799,901.946,902.496,-0.048,-17.639
19.11.2021 18:30:05,-17.606,726.043,905.487,901.031,902.313,-0.112,-17.430
19.11.2021 18:30:06,-17.493,726.867,904.998,901.367,902.069,-0.061,-17.299
19.11.2021 18:30:07,-17.400,727.478,904.327,901.031,901.672,-0.056,-17.175
19.11.2021 18:30:08,-17.294,728.088,903.411,900.665,901.519,-0.075,-17.030
19.11.2021 18:30:09,-17.209,728.973,902.740,900.482,901.458,-0.085,-16.876
19.11.2021 18:30:11,-17.093,730.041,901.825,899.963,900.970,-0.088,-16.682
19.11.2021 18:30:12,-17.003,730.804,901.153,899.383,900.299,-0.080,-16.542
19.11.2021 18:30:13,-16.902,731.109,900.329,899.353,899.871,-0.045,-16.438
19.11.2021 18:30:14,-16.799,732.177,899.414,898.986,899.841,-0.075,-16.243
19.11.2021 18:30:15,-16.701,732.666,899.261,899.169,899.749,-0.051,-16.178
19.11.2021 18:30:16,-16.606,733.734,898.132,898.559,899.536,-0.086,-15.965
19.11.2021 18:30:17,-16.505,733.947,897.521,898.407,898.834,-0.037,-15.889
19.11.2021 18:30:18,-16.405,734.893,897.430,897.857,898.773,-0.080,-15.780
19.11.2021 18:30:19,-16.304,735.260,896.514,897.827,898.437,-0.053,-15.661
19.11.2021 18:30:20,-16.206,736.053,896.087,897.674,897.979,-0.026,-15.539
19.11.2021 18:30:21,-16.106,737.091,895.691,897.125,897.705,-0.051,-15.393
19.11.2021 18:30:22,-16.000,737.335,895.385,896.484,897.613,-0.099,-15.341
19.11.2021 18:30:23,-15.905,738.372,894.653,896.209,897.003,-0.070,-15.166
19.11.2021 18:30:24,-15.802,738.830,894.226,896.148,896.881,-0.064,-15.080
19.11.2021 18:30:25,-15.706,739.440,894.042,895.507,896.179,-0.059,-14.999
19.11.2021 18:30:26,-15.608,740.295,893.859,895.202,896.209,-0.089,-14.892
19.11.2021 18:30:27,-15.508,740.844,892.883,895.263,896.087,-0.072,-14.748
19.11.2021 18:30:28,-15.397,741.638,892.181,895.111,895.568,-0.040,-14.602
19.11.2021 18:30:29,-15.302,741.638,891.784,894.531,894.867,-0.029,-14.567
19.11.2021 18:30:30,-15.206,742.279,891.204,894.104,894.744,-0.056,-14.448
19.11.2021 18:30:31,-15.108,742.767,890.808,894.042,894.622,-0.051,-14.361
19.11.2021 18:30:32,-14.998,743.316,890.106,893.218,893.951,-0.064,-14.241
19.11.2021 18:30:33,-14.902,744.384,889.740,892.791,893.920,-0.100,-14.096
19.11.2021 18:30:34,-14.802,744.445,888.793,892.517,893.463,-0.083,-14.006
19.11.2021 18:30:35,-14.701,745.239,888.153,892.547,892.913,-0.032,-13.866
19.11.2021 18:30:36,-14.593,746.032,888.092,891.845,892.639,-0.070,-13.777
19.11.2021 18:30:37,-14.495,746.093,887.939,891.082,891.967,-0.078,-13.757
19.11.2021 18:30:38,-14.402,747.100,886.535,891.235,891.693,-0.040,-13.526
19.11.2021 18:30:39,-14.307,747.619,886.260,890.930,891.387,-0.040,-13.447
19.11.2021 18:30:40,-14.194,748.748,885.559,890.289,890.838,-0.048,-13.266
19.11.2021 18:30:41,-14.106,748.962,884.796,890.289,890.716,-0.038,-13.176
19.11.2021 18:30:42,-13.995,749.389,884.307,890.045,890.380,-0.029,-13.087
19.11.2021 18:30:43,-13.907,749.786,883.697,889.984,890.106,-0.010,-12.991
19.11.2021 18:30:44,-13.797,750.457,883.880,889.007,889.770,-0.067,-12.937
19.11.2021 18:30:45,-13.701,751.281,883.056,889.099,889.129,-0.002,-12.777
19.11.2021 18:30:46,-13.601,751.647,882.415,888.336,889.343,-0.089,-12.682
19.11.2021 18:30:47,-13.493,752.258,881.927,888.397,888.946,-0.048,-12.574
19.11.2021 18:30:48,-13.400,753.295,881.286,887.451,888.519,-0.095,-12.409
19.11.2021 18:30:49,-13.294,753.723,880.981,887.603,888.214,-0.054,-12.337
19.11.2021 18:30:50,-13.194,754.852,879.943,886.962,887.573,-0.054,-12.126
19.11.2021 18:30:51,-13.096,755.554,879.363,886.749,887.786,-0.092,-12.001
19.11.2021 18:30:52,-13.000,756.286,878.997,886.260,887.023,-0.068,-11.892
19.11.2021 18:30:53,-12.895,757.019,877.899,885.650,886.505,-0.076,-11.717
19.11.2021 18:30:54,-12.799,757.690,877.502,885.315,885.955,-0.057,-11.611
19.11.2021 18:30:55,-12.704,758.209,876.800,884.765,885.894,-0.101,-11.494
19.11.2021 18:30:57,-12.593,759.429,875.671,884.338,885.040,-0.062,-11.266
19.11.2021 18:30:58,-12.503,759.796,875.061,883.575,884.826,-0.112,-11.173
19.11.2021 18:30:59,-12.405,760.772,874.725,884.124,884.399,-0.024,-11.041
19.11.2021 18:31:00,-12.297,761.291,873.992,883.361,884.002,-0.057,-10.922
19.11.2021 18:31:01,-12.206,762.451,873.260,882.873,883.697,-0.073,-10.735
19.11.2021 18:31:02,-12.098,762.878,871.704,882.202,882.842,-0.057,-10.551
19.11.2021 18:31:03,-12.000,763.244,871.521,882.232,882.598,-0.032,-10.496
19.11.2021 18:31:04,-11.902,763.946,871.276,881.866,881.988,-0.010,-10.401
19.11.2021 18:31:05,-11.807,764.587,870.086,881.317,881.622,-0.027,-10.227
19.11.2021 18:31:06,-11.706,765.625,869.140,881.103,881.683,-0.052,-10.035
19.11.2021 18:31:07,-11.603,766.052,868.194,881.042,881.408,-0.032,-9.905
19.11.2021 18:31:08,-11.503,766.784,867.401,880.371,880.676,-0.027,-9.757
19.11.2021 18:31:09,-11.400,766.662,866.424,880.126,880.279,-0.013,-9.681
19.11.2021 18:31:10,-11.299,767.242,865.722,879.364,880.004,-0.057,-9.557
19.11.2021 18:31:11,-11.196,767.547,864.318,879.089,879.516,-0.038,-9.397
19.11.2021 18:31:12,-11.103,768.035,864.135,878.997,879.272,-0.024,-9.330
19.11.2021 18:31:13,-11.003,768.218,862.823,877.929,878.723,-0.071,-9.192
19.11.2021 18:31:14,-10.900,768.585,862.152,877.563,878.387,-0.074,-9.093
19.11.2021 18:31:15,-10.794,768.981,861.724,877.380,877.807,-0.038,-9.013
19.11.2021 18:31:16,-10.694,768.920,860.534,876.678,877.349,-0.060,-8.910
19.11.2021 18:31:17,-10.601,769.348,860.168,876.220,877.166,-0.085,-8.832
19.11.2021 18:31:18,-10.503,769.470,859.558,876.495,876.373,0.011,-8.764
19.11.2021 18:31:19,-10.392,770.050,859.466,875.793,876.190,-0.035,-8.696
19.11.2021 18:31:20,-10.304,770.477,858.428,875.579,875.579,0.000,-8.556
19.11.2021 18:31:21,-10.204,770.568,858.337,875.183,875.152,0.002,-8.539
19.11.2021 18:31:22,-10.103,770.538,857.604,875.061,875.549,-0.044,-8.474
19.11.2021 18:31:23,-9.998,771.026,856.964,874.664,874.755,-0.008,-8.365
19.11.2021 18:31:24,-9.907,770.904,856.109,874.298,875.305,-0.091,-8.299
19.11.2021 18:31:25,-9.799,771.575,855.804,874.298,874.542,-0.022,-8.202
19.11.2021 18:31:26,-9.701,771.331,855.407,873.962,874.786,-0.074,-8.190
19.11.2021 18:31:27,-9.596,772.308,854.797,873.474,873.840,-0.033,-8.034
19.11.2021 18:31:28,-9.495,771.942,854.095,872.924,873.809,-0.080,-8.006
19.11.2021 18:31:29,-9.397,772.521,853.668,872.985,873.443,-0.041,-7.908
19.11.2021 18:31:30,-9.299,772.827,853.363,872.619,872.528,0.008,-7.848
19.11.2021 18:31:31,-9.201,773.284,852.661,871.917,872.406,-0.044,-7.736
19.11.2021 18:31:32,-9.106,773.590,852.600,871.429,871.978,-0.049,-7.699
19.11.2021 18:31:33,-9.008,774.353,851.379,871.368,872.039,-0.061,-7.508
19.11.2021 18:31:34,-8.902,774.597,851.043,870.819,871.093,-0.024,-7.452
19.11.2021 18:31:35,-8.802,774.780,851.135,870.513,870.788,-0.025,-7.442
19.11.2021 18:31:36,-8.704,775.146,850.189,870.147,870.697,-0.050,-7.317
19.11.2021 18:31:37,-8.606,775.390,849.853,869.812,870.452,-0.058,-7.260
19.11.2021 18:31:38,-8.503,776.519,849.243,869.659,869.750,-0.008,-7.089
19.11.2021 18:31:39,-8.402,776.153,849.029,869.537,869.506,0.002,-7.106
19.11.2021 18:31:40,-8.307,776.519,848.052,869.354,869.171,0.016,-6.978
19.11.2021 18:31:41,-8.196,777.069,847.686,869.079,869.049,0.002,-6.888
19.11.2021 18:31:42,-8.098,777.282,847.137,868.866,869.171,-0.027,-6.815
19.11.2021 18:31:43,-8.008,777.435,846.862,868.866,868.804,0.005,-6.773
19.11.2021 18:31:44,-7.892,777.526,846.130,868.164,868.926,-0.069,-6.696
19.11.2021 18:31:45,-7.799,777.862,845.306,867.553,867.889,-0.030,-6.584
19.11.2021 18:31:46,-7.704,778.472,845.245,867.340,868.041,-0.064,-6.517
19.11.2021 18:31:47,-7.596,778.900,844.665,867.126,867.278,-0.013,-6.419
19.11.2021 18:31:48,-7.498,778.991,843.505,866.973,867.340,-0.033,-6.301
19.11.2021 18:31:49,-7.407,779.541,843.078,866.668,866.790,-0.011,-6.205
19.11.2021 18:31:50,-7.304,779.632,842.956,865.753,866.485,-0.067,-6.184
19.11.2021 18:31:51,-7.199,780.395,842.132,865.539,866.333,-0.072,-6.030
19.11.2021 18:31:52,-7.098,780.670,842.041,865.661,865.936,-0.025,-5.993
19.11.2021 18:31:53,-7.000,780.731,841.278,865.203,865.417,-0.019,-5.915
19.11.2021 18:31:54,-6.900,781.616,840.423,865.387,865.142,0.022,-5.745
19.11.2021 18:31:55,-6.804,782.012,840.850,864.929,865.020,-0.008,-5.745
19.11.2021 18:31:57,-6.709,782.531,839.447,865.051,865.478,-0.039,-5.561
19.11.2021 18:31:58,-6.608,782.714,839.141,864.257,864.624,-0.033,-5.513
19.11.2021 18:31:59,-6.508,783.355,838.439,863.983,864.227,-0.022,-5.382
19.11.2021 18:32:00,-6.405,783.508,837.890,863.769,864.471,-0.064,-5.315
19.11.2021 18:32:01,-6.302,784.301,837.158,864.074,864.105,-0.002,-5.166
19.11.2021 18:32:02,-6.201,785.095,836.578,863.250,863.677,-0.039,-5.031
19.11.2021 18:32:03,-6.106,785.369,835.662,863.006,863.525,-0.047,-4.916
19.11.2021 18:32:04,-6.003,785.980,835.540,862.762,863.159,-0.036,-4.843
19.11.2021 18:32:05,-5.907,786.773,834.686,862.396,862.670,-0.025,-4.682
19.11.2021 18:32:06,-5.799,787.384,834.106,862.243,862.640,-0.036,-4.566
19.11.2021 18:32:07,-5.701,787.506,833.190,862.274,862.243,0.002,-4.467
19.11.2021 18:32:08,-5.598,788.391,832.367,861.908,861.908,0.000,-4.299
19.11.2021 18:32:09,-5.498,788.818,832.031,861.572,861.724,-0.014,-4.225
19.11.2021 18:32:10,-5.397,789.428,831.420,861.572,861.724,-0.014,-4.105
19.11.2021 18:32:11,-5.302,789.855,830.596,861.663,861.633,0.002,-3.984
19.11.2021 18:32:12,-5.206,790.130,830.200,861.297,861.602,-0.028,-3.919
19.11.2021 18:32:13,-5.101,790.252,829.101,861.145,861.328,-0.016,-3.801
19.11.2021 18:32:14,-5.000,790.802,828.796,861.053,861.206,-0.014,-3.717
19.11.2021 18:32:15,-4.897,791.015,827.972,860.565,860.900,-0.030,-3.617
19.11.2021 18:32:16,-4.802,790.618,827.148,860.717,860.809,-0.008,-3.578
19.11.2021 18:32:17,-4.696,791.442,826.324,860.504,860.229,0.025,-3.417
19.11.2021 18:32:18,-4.593,791.442,825.531,859.954,860.473,-0.047,-3.340
19.11.2021 18:32:19,-4.495,792.480,825.805,860.168,860.259,-0.008,-3.263
19.11.2021 18:32:20,-4.395,792.205,824.798,859.436,859.619,-0.016,-3.194
19.11.2021 18:32:21,-4.302,792.724,824.462,859.649,859.893,-0.022,-3.110
19.11.2021 18:32:22,-4.204,792.297,823.547,859.375,859.436,-0.005,-3.064
19.11.2021 18:32:23,-4.101,793.212,823.211,859.313,859.924,-0.056,-2.941
19.11.2021 18:32:24,-4.000,793.426,823.181,859.893,860.259,-0.033,-2.916
19.11.2021 18:32:25,-3.905,793.182,822.448,859.191,859.466,-0.025,-2.870
19.11.2021 18:32:26,-3.807,793.548,822.051,859.252,859.344,-0.008,-2.795
19.11.2021 18:32:27,-3.694,793.731,821.807,858.734,859.283,-0.050,-2.754
19.11.2021 18:32:28,-3.608,794.311,820.678,858.490,859.252,-0.070,-2.587
19.11.2021 18:32:29,-3.493,793.762,820.861,857.971,858.612,-0.059,-2.659
19.11.2021 18:32:30,-3.407,794.860,819.976,858.154,858.642,-0.045,-2.464
19.11.2021 18:32:31,-3.302,794.616,819.732,858.276,858.154,0.011,-2.465
19.11.2021 18:32:32,-3.199,794.403,819.763,857.757,858.154,-0.036,-2.489
19.11.2021 18:32:33,-3.106,795.318,819.305,857.757,857.879,-0.011,-2.354
19.11.2021 18:32:34,-3.008,795.562,819.305,857.910,858.459,-0.050,-2.330
19.11.2021 18:32:35,-2.905,796.051,818.756,857.879,857.757,0.011,-2.228
19.11.2021 18:32:36,-2.794,796.051,818.603,857.543,857.666,-0.011,-2.213
19.11.2021 18:32:37,-2.694,797.149,818.298,857.696,857.543,0.014,-2.074
19.11.2021 18:32:38,-2.596,797.180,818.359,857.543,857.849,-0.028,-2.077
19.11.2021 18:32:39,-2.500,797.698,817.871,857.513,857.757,-0.022,-1.978
19.11.2021 18:32:41,-2.402,798.034,817.504,857.879,857.971,-0.008,-1.909
19.11.2021 18:32:42,-2.294,797.637,816.528,857.452,857.269,0.016,-1.854
19.11.2021 18:32:44,-2.196,798.431,816.101,856.781,857.391,-0.056,-1.734
19.11.2021 18:32:45,-2.103,798.492,815.734,856.689,857.635,-0.087,-1.692
19.11.2021 18:32:46,-1.995,799.438,815.246,856.750,856.903,-0.014,-1.551
19.11.2021 18:32:47,-1.895,798.919,815.460,856.536,857.635,-0.101,-1.623
19.11.2021 18:32:48,-1.799,800.170,814.727,856.567,856.872,-0.028,-1.428
19.11.2021 18:32:49,-1.699,800.598,814.025,856.658,856.811,-0.014,-1.317
19.11.2021 18:32:50,-1.603,800.781,813.964,856.109,856.933,-0.076,-1.293
19.11.2021 18:32:51,-1.498,800.628,813.232,856.353,856.231,0.011,-1.237
19.11.2021 18:32:52,-1.392,800.598,813.049,855.957,856.170,-0.019,-1.222
19.11.2021 18:32:53,-1.307,801.849,812.744,856.201,856.567,-0.033,-1.069
19.11.2021 18:32:54,-1.196,801.818,812.561,856.536,856.841,-0.028,-1.054
19.11.2021 18:32:55,-1.101,802.520,812.164,856.536,856.597,-0.005,-0.946
19.11.2021 18:32:56,-0.993,802.947,811.462,856.384,856.841,-0.042,-0.835
19.11.2021 18:32:57,-0.900,803.070,811.523,856.567,856.689,-0.011,-0.829
19.11.2021 18:32:58,-0.802,803.070,811.004,856.231,856.506,-0.025,-0.779
19.11.2021 18:32:59,-0.701,804.199,810.272,856.231,856.414,-0.016,-0.596
19.11.2021 18:33:00,-0.603,804.687,809.661,856.109,856.018,0.008,-0.488
19.11.2021 18:33:01,-0.495,804.779,809.387,855.773,856.781,-0.093,-0.452
19.11.2021 18:33:02,-0.407,805.541,808.959,855.865,856.475,-0.056,-0.335
19.11.2021 18:33:03,-0.292,806.243,808.380,855.865,856.353,-0.045,-0.209
19.11.2021 18:33:04,-0.204,806.976,808.166,855.926,856.201,-0.025,-0.116
19.11.2021 18:33:05,-0.103,807.098,808.044,856.018,856.292,-0.025,-0.092
19.11.2021 18:33:06,0.002,808.319,807.067,855.957,856.048,-0.008,0.122
19.11.2021 18:33:07,0.093,808.685,807.159,855.651,856.292,-0.059,0.149
19.11.2021 18:33:08,0.203,809.020,806.762,856.353,855.926,0.039,0.221
19.11.2021 18:33:09,0.306,809.936,806.396,856.079,856.140,-0.005,0.347
19.11.2021 18:33:10,0.402,810.241,805.664,856.201,856.353,-0.014,0.448
19.11.2021 18:33:11,0.497,810.546,805.419,856.506,856.414,0.008,0.502
19.11.2021 18:33:12,0.600,811.737,804.565,856.567,857.055,-0.045,0.703
19.11.2021 18:33:13,0.703,812.286,804.321,856.292,856.597,-0.028,0.780
19.11.2021 18:33:14,0.801,812.469,803.344,856.414,856.933,-0.047,0.894
19.11.2021 18:33:15,0.899,813.323,802.764,856.994,856.445,0.050,1.035
19.11.2021 18:33:16,0.992,813.873,802.612,856.689,856.658,0.002,1.104
19.11.2021 18:33:17,1.093,814.300,801.452,856.597,856.933,-0.031,1.260
19.11.2021 18:33:18,1.198,814.758,801.422,856.323,856.841,-0.047,1.307
19.11.2021 18:33:19,1.291,815.246,800.598,856.292,856.933,-0.059,1.436
19.11.2021 18:33:20,1.399,815.643,800.262,856.536,857.269,-0.067,1.508
19.11.2021 18:33:21,1.495,816.406,799.865,856.750,857.116,-0.033,1.621
19.11.2021 18:33:22,1.595,816.406,799.346,856.628,856.628,0.000,1.673
19.11.2021 18:33:23,1.693,816.680,798.858,857.116,856.872,0.022,1.748
19.11.2021 18:33:24,1.794,817.138,798.461,857.208,856.964,0.022,1.832
19.11.2021 18:33:25,1.897,817.657,797.851,857.513,857.147,0.033,1.942
19.11.2021 18:33:26,1.992,817.443,797.576,857.391,857.513,-0.011,1.949
19.11.2021 18:33:27,2.100,818.328,797.027,857.452,857.757,-0.028,2.089
19.11.2021 18:33:28,2.203,818.572,796.051,857.391,857.330,0.005,2.210
19.11.2021 18:33:29,2.294,818.695,795.471,857.574,858.276,-0.064,2.280
19.11.2021 18:33:30,2.394,819.091,795.501,857.635,858.062,-0.039,2.315
19.11.2021 18:33:31,2.497,819.396,795.440,858.062,857.818,0.022,2.351
19.11.2021 18:33:32,2.593,820.220,795.227,858.612,857.971,0.059,2.451
19.11.2021 18:33:33,2.693,820.342,794.769,857.910,858.673,-0.070,2.509
19.11.2021 18:33:34,2.796,821.228,794.006,858.764,858.520,0.022,2.670
19.11.2021 18:33:35,2.892,821.411,794.006,858.581,858.490,0.008,2.688
19.11.2021 18:33:36,3.000,821.838,794.006,858.673,859.039,-0.033,2.729
19.11.2021 18:33:37,3.098,821.868,794.067,858.703,858.856,-0.014,2.726
19.11.2021 18:33:38,3.203,822.662,793.395,859.466,859.344,0.011,2.869
19.11.2021 18:33:39,3.304,822.814,793.853,859.527,859.313,0.019,2.839
19.11.2021 18:33:40,3.402,823.303,793.151,859.710,859.558,0.014,2.956
19.11.2021 18:33:41,3.500,823.760,793.212,859.924,860.229,-0.028,2.993
19.11.2021 18:33:43,3.605,824.127,792.449,859.954,859.954,0.000,3.105
19.11.2021 18:33:44,3.693,824.829,792.785,860.199,860.717,-0.047,3.139
19.11.2021 18:33:45,3.806,825.408,792.022,860.321,860.687,-0.033,3.271
19.11.2021 18:33:46,3.902,826.141,791.717,860.565,860.900,-0.030,3.372
19.11.2021 18:33:47,4.000,826.599,791.625,860.778,860.534,0.022,3.425
19.11.2021 18:33:48,4.105,826.843,791.076,860.748,861.145,-0.036,3.503
19.11.2021 18:33:49,4.203,827.636,790.985,861.328,860.687,0.058,3.588
19.11.2021 18:33:50,4.306,827.819,790.954,861.450,861.236,0.019,3.609
19.11.2021 18:33:51,4.397,828.826,790.374,861.328,861.602,-0.025,3.763
19.11.2021 18:33:52,4.505,829.193,789.825,861.541,861.663,-0.011,3.853
19.11.2021 18:33:53,4.605,829.864,790.283,861.389,861.938,-0.050,3.871
19.11.2021 18:33:54,4.701,829.895,789.764,862.121,861.908,0.019,3.926
19.11.2021 18:33:55,4.794,830.749,789.215,862.396,862.396,0.000,4.063
19.11.2021 18:33:56,4.897,830.902,788.696,863.128,862.701,0.039,4.129
19.11.2021 18:33:57,4.995,831.665,788.757,863.738,863.098,0.058,4.196
19.11.2021 18:33:58,5.103,831.695,788.208,863.464,863.037,0.039,4.254
19.11.2021 18:33:59,5.206,832.214,788.269,863.281,863.647,-0.033,4.297
19.11.2021 18:34:00,5.301,833.190,787.322,863.922,863.555,0.033,4.485
19.11.2021 18:34:01,5.404,833.282,787.567,863.830,864.227,-0.036,4.469
19.11.2021 18:34:02,5.492,834.167,786.956,863.769,863.922,-0.014,4.615
19.11.2021 18:34:03,5.600,834.625,786.437,864.013,863.525,0.044,4.710
19.11.2021 18:34:04,5.701,835.174,785.888,864.440,864.196,0.022,4.818
19.11.2021 18:34:05,5.799,835.235,785.583,863.830,864.257,-0.039,4.854
19.11.2021 18:34:06,5.892,836.700,785.522,864.593,864.471,0.011,4.999
19.11.2021 18:34:07,5.995,836.914,785.461,865.081,864.013,0.097,5.026
19.11.2021 18:34:08,6.095,838.073,784.545,865.051,865.356,-0.027,5.227
19.11.2021 18:34:09,6.198,839.233,784.240,865.661,865.020,0.058,5.368
19.11.2021 18:34:10,6.301,838.867,784.210,865.783,865.692,0.008,5.336
19.11.2021 18:34:11,6.407,839.752,783.355,866.241,866.180,0.005,5.506
19.11.2021 18:34:12,6.505,841.064,783.599,866.394,866.150,0.022,5.605
19.11.2021 18:34:13,6.603,841.522,783.081,866.882,866.302,0.053,5.700
19.11.2021 18:34:14,6.701,842.041,782.592,866.973,866.973,0.000,5.799
19.11.2021 18:34:15,6.799,843.078,781.829,867.217,866.455,0.069,5.973
19.11.2021 18:34:16,6.902,843.322,781.494,867.553,867.279,0.025,6.030
19.11.2021 18:34:17,6.992,844.940,780.456,867.889,867.431,0.041,6.287
19.11.2021 18:34:18,7.093,845.092,780.334,868.133,867.309,0.075,6.313
19.11.2021 18:34:19,7.196,845.764,779.815,868.591,868.072,0.047,6.429
19.11.2021 18:34:20,7.291,847.137,779.205,869.171,868.804,0.033,6.619
19.11.2021 18:34:21,7.399,847.564,778.167,868.896,868.438,0.041,6.764
19.11.2021 18:34:22,7.505,847.930,778.015,869.232,868.926,0.027,6.814
19.11.2021 18:34:23,7.605,848.541,777.099,869.689,869.476,0.019,6.964
19.11.2021 18:34:24,7.706,849.334,776.519,870.361,869.995,0.033,7.097
19.11.2021 18:34:25,7.796,850.067,775.970,870.727,869.537,0.108,7.221
19.11.2021 18:34:26,7.907,850.402,774.993,870.819,870.849,-0.002,7.352
19.11.2021 18:34:27,8.000,851.257,774.688,871.612,870.635,0.088,7.463
19.11.2021 18:34:28,8.093,851.654,774.261,871.124,871.368,-0.022,7.543
19.11.2021 18:34:29,8.196,852.569,773.345,871.704,870.880,0.074,7.721
19.11.2021 18:34:30,8.291,852.691,773.376,871.917,871.765,0.013,7.730
19.11.2021 18:34:31,8.392,853.454,772.430,872.528,872.131,0.036,7.897
19.11.2021 18:34:32,8.497,853.179,772.308,872.406,872.405,0.000,7.884
19.11.2021 18:34:33,8.598,853.576,771.118,872.375,872.283,0.008,8.043
19.11.2021 18:34:34,8.701,854.187,770.263,873.168,872.833,0.030,8.187
19.11.2021 18:34:35,8.804,854.980,770.324,873.535,873.199,0.030,8.254
19.11.2021 18:34:36,8.892,855.285,770.019,874.053,873.870,0.016,8.314
19.11.2021 18:34:37,8.995,855.773,769.195,874.328,874.420,-0.008,8.443
19.11.2021 18:34:38,9.093,855.834,769.073,874.694,874.084,0.055,8.461
19.11.2021 18:34:39,9.201,856.811,768.768,874.938,874.694,0.022,8.583
19.11.2021 18:34:40,9.304,856.903,768.127,875.305,874.755,0.049,8.657
19.11.2021 18:34:41,9.397,857.696,767.883,875.640,875.518,0.011,8.755
19.11.2021 18:34:42,9.500,858.154,767.608,875.824,875.244,0.052,8.826
19.11.2021 18:34:43,9.595,858.642,767.364,876.129,875.915,0.019,8.896
19.11.2021 18:34:44,9.703,858.978,767.059,876.495,876.251,0.022,8.958
19.11.2021 18:34:45,9.796,859.344,766.998,876.739,876.434,0.027,8.998
19.11.2021 18:34:46,9.904,860.199,766.021,877.929,876.953,0.088,9.177
19.11.2021 18:34:47,9.992,860.199,766.204,877.777,876.922,0.077,9.158
19.11.2021 18:34:48,10.095,860.473,765.716,877.960,877.471,0.044,9.234
19.11.2021 18:34:49,10.193,861.206,765.411,878.356,878.112,0.022,9.333
19.11.2021 18:34:50,10.304,861.816,764.495,878.600,878.357,0.021,9.483
19.11.2021 18:34:51,10.407,861.938,764.373,878.967,878.082,0.079,9.507
19.11.2021 18:34:52,10.500,862.823,764.007,879.394,878.814,0.052,9.626
19.11.2021 18:34:53,10.603,863.311,763.214,879.394,879.028,0.033,9.752
19.11.2021 18:34:54,10.701,863.952,762.725,879.608,879.150,0.041,9.861
19.11.2021 18:34:55,10.806,864.501,762.695,880.035,879.791,0.021,9.915
19.11.2021 18:34:56,10.897,864.837,761.779,880.615,879.760,0.076,10.040
19.11.2021 18:34:57,11.002,865.600,761.657,880.615,880.218,0.035,10.122
19.11.2021 18:34:58,11.100,866.638,760.772,881.072,880.493,0.052,10.309
19.11.2021 18:34:59,11.193,867.034,760.559,880.798,880.676,0.010,10.367
19.11.2021 18:35:00,11.306,867.401,759.552,881.439,881.286,0.013,10.505
19.11.2021 18:35:01,11.399,868.072,759.399,881.958,881.469,0.043,10.582
19.11.2021 18:35:02,11.505,868.988,759.002,882.629,881.835,0.071,10.706
19.11.2021 18:35:03,11.593,869.384,758.575,883.239,882.232,0.090,10.787
19.11.2021 18:35:04,11.698,870.391,758.300,882.873,882.385,0.043,10.906
19.11.2021 18:35:05,11.799,870.697,757.507,883.758,882.629,0.101,11.017
19.11.2021 18:35:06,11.894,870.910,756.805,883.911,883.453,0.041,11.109
19.11.2021 18:35:07,12.000,871.826,755.920,884.063,883.300,0.068,11.284
19.11.2021 18:35:08,12.105,871.978,755.493,884.307,883.544,0.068,11.343
19.11.2021 18:35:09,12.201,873.382,754.638,884.429,883.636,0.071,11.559
19.11.2021 18:35:10,12.296,873.626,754.058,884.826,884.338,0.043,11.641
19.11.2021 18:35:11,12.407,873.962,753.570,884.979,884.491,0.043,11.722
19.11.2021 18:35:12,12.505,874.908,752.746,885.284,884.735,0.049,11.894
19.11.2021 18:35:13,12.605,875.793,752.227,885.498,884.826,0.060,12.028
19.11.2021 18:35:14,12.696,876.647,751.434,886.413,885.406,0.090,12.188
19.11.2021 18:35:15,12.791,877.746,750.610,886.077,886.322,-0.021,12.373
19.11.2021 18:35:16,12.894,878.234,749.572,886.718,885.803,0.081,12.526
19.11.2021 18:35:17,12.997,879.364,749.023,886.993,885.925,0.095,12.685
19.11.2021 18:35:18,13.093,880.004,748.596,887.115,886.200,0.081,12.787
19.11.2021 18:35:19,13.198,880.309,747.283,887.634,887.054,0.051,12.952
19.11.2021 18:35:20,13.291,881.378,746.368,888.030,887.084,0.084,13.144
19.11.2021 18:35:21,13.404,881.805,745.574,888.305,887.786,0.046,13.266
19.11.2021 18:35:22,13.492,883.087,744.842,888.519,888.091,0.038,13.458
19.11.2021 18:35:23,13.600,883.697,743.408,888.732,888.091,0.057,13.664
19.11.2021 18:35:24,13.696,885.009,742.492,888.519,888.305,0.019,13.877
19.11.2021 18:35:25,13.804,885.375,741.394,889.099,888.427,0.059,14.026
19.11.2021 18:35:26,13.892,886.535,741.149,889.099,888.854,0.021,14.155
19.11.2021 18:35:27,14.005,886.993,739.562,889.953,888.549,0.125,14.364
19.11.2021 18:35:29,14.103,887.878,738.677,889.617,888.366,0.111,14.536
19.11.2021 18:35:30,14.201,888.458,737.762,890.289,889.129,0.103,14.685
19.11.2021 18:35:31,14.306,888.671,737.121,890.472,890.045,0.038,14.772
19.11.2021 18:35:32,14.394,889.770,736.053,891.204,889.739,0.130,14.983
19.11.2021 18:35:33,14.492,889.770,735.168,891.326,889.984,0.119,15.078
19.11.2021 18:35:34,14.595,890.289,734.405,891.326,890.655,0.059,15.205
19.11.2021 18:35:35,14.693,890.319,733.612,891.357,890.533,0.073,15.293
19.11.2021 18:35:36,14.801,891.052,732.086,892.028,890.960,0.094,15.520
19.11.2021 18:35:37,14.897,890.716,731.079,891.754,891.174,0.051,15.599
19.11.2021 18:35:38,14.995,891.876,730.438,891.876,891.113,0.067,15.770
19.11.2021 18:35:39,15.098,891.815,729.553,892.120,891.265,0.075,15.860
19.11.2021 18:35:40,15.196,892.364,729.187,891.967,890.960,0.089,15.947
19.11.2021 18:35:41,15.296,892.883,728.027,892.486,891.418,0.094,16.118
19.11.2021 18:35:42,15.407,892.822,727.416,892.669,891.754,0.081,16.178
19.11.2021 18:35:43,15.492,892.913,726.623,892.791,891.693,0.097,16.272
19.11.2021 18:35:44,15.593,893.676,725.860,893.218,892.028,0.105,16.421
19.11.2021 18:35:45,15.698,893.310,724.914,893.066,892.211,0.075,16.491
19.11.2021 18:35:46,15.806,893.493,724.426,893.432,892.211,0.108,16.560
19.11.2021 18:35:47,15.899,894.226,723.480,893.249,892.395,0.075,16.727
19.11.2021 18:35:48,15.995,894.134,722.778,893.279,892.425,0.075,16.795
19.11.2021 18:35:49,16.093,894.622,721.893,893.463,892.517,0.083,16.933
19.11.2021 18:35:50,16.198,894.927,721.221,893.432,893.066,0.032,17.033
19.11.2021 18:35:51,16.304,895.324,720.428,893.798,893.035,0.067,17.154
19.11.2021 18:35:52,16.397,895.751,719.451,893.585,892.578,0.089,17.297
19.11.2021 18:35:53,16.497,896.423,719.024,893.402,892.913,0.043,17.403
19.11.2021 18:35:54,16.608,896.240,717.712,893.554,892.944,0.054,17.530
19.11.2021 18:35:55,16.696,896.728,717.681,894.073,892.150,0.170,17.576
19.11.2021 18:35:56,16.794,897.735,716.400,894.317,893.218,0.097,17.803
19.11.2021 18:35:57,16.892,897.705,716.674,894.531,893.127,0.124,17.771
19.11.2021 18:35:58,16.995,898.223,715.087,894.500,893.432,0.094,17.989
19.11.2021 18:35:59,17.095,898.956,714.385,894.683,893.554,0.100,18.130
19.11.2021 18:36:00,17.196,898.681,713.043,894.561,893.341,0.108,18.253
19.11.2021 18:36:01,17.296,898.925,712.371,894.439,892.852,0.140,18.348
19.11.2021 18:36:02,17.397,899.505,710.937,894.165,893.188,0.086,18.556
19.11.2021 18:36:03,17.500,899.688,710.357,894.470,893.524,0.083,18.636
19.11.2021 18:36:04,17.595,900.268,709.350,893.737,893.371,0.032,18.797
19.11.2021 18:36:05,17.698,900.482,708.404,894.073,893.493,0.051,18.920
19.11.2021 18:36:06,17.794,901.458,707.702,893.829,893.066,0.067,19.082
19.11.2021 18:36:07,17.897,901.763,706.939,893.829,892.913,0.081,19.192
19.11.2021 18:36:08,18.005,902.465,706.024,894.287,892.852,0.127,19.354
19.11.2021 18:36:09,18.108,902.709,704.681,893.981,893.005,0.086,19.524
19.11.2021 18:36:10,18.196,903.320,704.101,894.195,892.700,0.132,19.641
19.11.2021 18:36:11,18.306,903.991,703.033,894.531,892.974,0.137,19.817
19.11.2021 18:36:12,18.392,904.235,701.660,894.683,892.913,0.156,19.991
19.11.2021 18:36:13,18.505,904.693,700.897,894.348,892.822,0.135,20.115
19.11.2021 18:36:14,18.608,904.876,699.310,893.463,892.761,0.062,20.308
19.11.2021 18:36:15,18.698,906.066,698.760,893.829,892.211,0.143,20.471
19.11.2021 18:36:16,18.791,906.127,697.509,893.981,892.578,0.124,20.616
19.11.2021 18:36:17,18.892,906.921,696.075,893.585,891.845,0.154,20.845
19.11.2021 18:36:18,19.007,907.379,695.251,893.676,892.211,0.129,20.976
19.11.2021 18:36:19,19.093,907.714,693.298,893.005,892.425,0.051,21.224
19.11.2021 18:36:20,19.193,908.325,693.115,893.859,891.784,0.184,21.297
19.11.2021 18:36:21,19.291,908.843,691.284,892.974,891.509,0.130,21.547
19.11.2021 18:36:22,19.392,908.813,690.887,892.303,891.479,0.073,21.589
19.11.2021 18:36:23,19.502,910.278,688.842,892.761,891.204,0.138,21.945
19.11.2021 18:36:24,19.593,910.003,688.079,892.333,891.174,0.103,22.007
19.11.2021 18:36:25,19.708,911.071,686.767,892.059,890.960,0.097,22.247
19.11.2021 18:36:26,19.799,911.285,685.516,892.150,890.319,0.162,22.407
19.11.2021 18:36:27,19.894,911.590,684.570,892.089,890.502,0.141,22.540
19.11.2021 18:36:28,20.007,911.621,683.258,891.815,889.648,0.192,22.691
19.11.2021 18:36:29,20.105,912.597,682.678,891.693,889.800,0.168,22.840
19.11.2021 18:36:30,20.198,912.414,681.213,891.448,889.739,0.152,22.991
19.11.2021 18:36:31,20.299,912.841,680.114,891.693,889.221,0.219,23.153
19.11.2021 18:36:32,20.394,913.330,679.046,891.204,889.648,0.138,23.316
19.11.2021 18:36:33,20.500,913.543,677.886,891.449,889.251,0.195,23.467
19.11.2021 18:36:34,20.608,913.299,676.727,890.838,888.732,0.187,23.579
19.11.2021 18:36:35,20.703,913.330,675.628,890.686,888.641,0.182,23.707
19.11.2021 18:36:36,20.789,913.604,674.560,890.228,888.702,0.135,23.853
19.11.2021 18:36:37,20.899,914.337,673.217,890.441,888.305,0.190,24.069
19.11.2021 18:36:38,21.000,914.092,672.058,889.831,888.366,0.130,24.182
19.11.2021 18:36:39,21.098,914.398,671.051,890.014,887.756,0.201,24.324
19.11.2021 18:36:40,21.203,914.215,669.830,889.465,887.725,0.155,24.449
19.11.2021 18:36:41,21.299,914.642,668.792,888.977,887.512,0.130,24.605
19.11.2021 18:36:42,21.392,914.672,667.816,888.946,886.444,0.223,24.721
19.11.2021 18:36:43,21.495,914.825,666.351,888.214,886.871,0.119,24.904
19.11.2021 18:36:44,21.598,914.550,665.649,888.610,886.169,0.217,24.962
19.11.2021 18:36:45,21.693,914.855,664.611,888.153,885.864,0.204,25.108
19.11.2021 18:36:46,21.804,914.215,663.635,887.603,885.375,0.199,25.168
19.11.2021 18:36:47,21.894,914.703,662.567,887.542,885.742,0.160,25.333
19.11.2021 18:36:48,22.007,914.886,661.529,887.420,884.857,0.229,25.470
19.11.2021 18:36:49,22.098,914.520,660.461,887.054,884.490,0.229,25.564
19.11.2021 18:36:50,22.203,914.398,659.851,887.145,884.460,0.240,25.625
19.11.2021 18:36:51,22.301,914.459,658.996,886.779,884.582,0.196,25.730
19.11.2021 18:36:52,22.397,914.306,657.684,886.382,884.399,0.177,25.871
19.11.2021 18:36:53,22.497,914.642,657.135,886.108,883.850,0.202,25.963
19.11.2021 18:36:54,22.598,914.550,656.311,886.108,883.392,0.243,26.052
19.11.2021 18:36:55,22.693,914.520,655.181,886.047,883.911,0.191,26.183
19.11.2021 18:36:56,22.801,914.398,654.510,885.467,883.270,0.196,26.251
19.11.2021 18:36:57,22.899,914.855,653.503,885.589,882.720,0.257,26.408
19.11.2021 18:36:58,22.997,914.337,652.893,884.918,882.446,0.221,26.437
19.11.2021 18:36:59,23.093,914.794,651.855,884.521,881.958,0.229,26.598
19.11.2021 18:37:00,23.206,914.245,651.184,884.399,882.019,0.213,26.631
19.11.2021 18:37:01,23.301,915.191,650.634,883.636,881.561,0.186,26.776
19.11.2021 18:37:02,23.399,915.069,649.719,883.575,881.286,0.205,26.874
19.11.2021 18:37:03,23.492,915.161,649.017,883.636,881.347,0.205,26.965
19.11.2021 18:37:04,23.588,914.794,648.529,883.727,880.371,0.301,26.992
19.11.2021 18:37:05,23.698,915.344,647.491,882.842,880.676,0.194,27.161
19.11.2021 18:37:06,23.796,914.978,646.697,883.087,879.913,0.285,27.225
19.11.2021 18:37:07,23.902,915.161,645.965,882.354,880.126,0.200,27.327
19.11.2021 18:37:08,23.997,914.916,644.348,882.903,879.699,0.288,27.499
19.11.2021 18:37:09,24.103,915.405,643.920,882.324,879.547,0.249,27.591
19.11.2021 18:37:10,24.196,915.710,642.822,881.683,878.967,0.244,27.748
19.11.2021 18:37:11,24.286,915.283,641.937,881.805,879.028,0.249,27.818
19.11.2021 18:37:12,24.399,915.954,640.930,881.347,878.448,0.261,27.995
19.11.2021 18:37:13,24.487,916.046,640.136,881.225,878.356,0.258,28.098
19.11.2021 18:37:15,24.598,916.534,639.038,880.920,878.662,0.203,28.270
19.11.2021 18:37:16,24.696,916.473,637.878,880.981,878.051,0.263,28.404
19.11.2021 18:37:17,24.789,916.900,637.542,880.096,877.654,0.220,28.481
19.11.2021 18:37:18,24.897,916.931,635.925,879.302,876.708,0.234,28.678
19.11.2021 18:37:19,24.997,917.358,635.162,880.065,877.136,0.264,28.806
19.11.2021 18:37:20,25.095,917.938,633.911,879.730,877.075,0.239,29.005
19.11.2021 18:37:21,25.198,917.999,632.659,879.577,876.831,0.247,29.161
19.11.2021 18:37:22,25.286,918.426,631.958,879.394,876.617,0.250,29.282
19.11.2021 18:37:23,25.387,918.670,631.347,879.058,875.824,0.292,29.376
19.11.2021 18:37:24,25.502,918.884,630.249,879.058,876.342,0.245,29.527
19.11.2021 18:37:25,25.590,919.097,629.058,878.692,876.220,0.223,29.690
19.11.2021 18:37:26,25.698,919.311,628.417,878.570,875.823,0.248,29.785
19.11.2021 18:37:27,25.786,919.494,627.532,878.814,875.427,0.306,29.908
19.11.2021 18:37:28,25.894,919.738,626.556,878.967,875.335,0.328,30.048
19.11.2021 18:37:29,25.995,919.311,625.305,878.265,874.694,0.322,30.165
19.11.2021 18:37:30,26.088,919.616,624.481,877.685,874.877,0.253,30.291
19.11.2021 18:37:31,26.201,920.166,623.901,877.899,875.061,0.256,30.407
19.11.2021 18:37:32,26.291,920.226,623.199,877.471,874.786,0.242,30.498
19.11.2021 18:37:33,26.394,919.952,621.887,877.594,874.877,0.245,30.636
19.11.2021 18:37:34,26.502,920.013,621.215,876.831,873.870,0.267,30.724
19.11.2021 18:37:35,26.593,919.891,620.086,877.197,874.298,0.262,30.852
19.11.2021 18:37:36,26.703,919.921,619.293,876.892,874.145,0.248,30.952
19.11.2021 18:37:37,26.796,920.013,618.469,876.708,874.328,0.215,31.061
19.11.2021 18:37:38,26.892,919.647,617.584,876.678,874.084,0.234,31.140
19.11.2021 18:37:39,26.992,919.464,616.394,875.579,873.901,0.152,31.272
19.11.2021 18:37:40,27.090,919.921,615.234,876.403,873.901,0.226,31.453
19.11.2021 18:37:41,27.188,919.738,614.746,876.525,873.413,0.281,31.499
19.11.2021 18:37:42,27.289,919.891,613.464,876.159,873.535,0.237,31.670
19.11.2021 18:37:43,27.394,919.403,613.159,875.793,872.924,0.259,31.667
19.11.2021 18:37:44,27.495,919.311,611.938,875.427,873.046,0.215,31.811
19.11.2021 18:37:45,27.590,919.128,611.419,875.793,873.046,0.248,31.861
19.11.2021 18:37:46,27.688,918.945,610.565,875.518,872.497,0.273,31.952
19.11.2021 18:37:47,27.789,918.975,609.436,875.854,872.131,0.337,32.095
19.11.2021 18:37:48,27.894,918.487,608.581,875.183,872.466,0.246,32.161
19.11.2021 18:37:49,27.997,918.731,607.666,875.122,872.497,0.237,32.296
19.11.2021 18:37:50,28.098,918.395,606.475,874.481,871.459,0.274,32.417
19.11.2021 18:37:51,28.193,917.907,605.834,874.755,871.520,0.293,32.457
19.11.2021 18:37:52,28.291,917.938,605.224,874.603,871.429,0.288,32.536
19.11.2021 18:37:53,28.397,917.968,604.553,874.175,871.368,0.254,32.623
19.11.2021 18:37:54,28.497,917.907,604.064,874.603,871.185,0.310,32.679
19.11.2021 18:37:55,28.590,917.450,602.813,874.542,871.337,0.290,32.798
19.11.2021 18:37:56,28.701,917.205,602.142,874.511,870.544,0.360,32.863
19.11.2021 18:37:57,28.796,916.870,601.959,874.542,870.575,0.360,32.858
19.11.2021 18:37:58,28.892,916.565,600.921,874.481,870.880,0.326,32.964
19.11.2021 18:37:59,28.997,916.412,600.250,873.962,870.513,0.313,33.036
19.11.2021 18:38:00,29.095,916.137,599.426,873.138,870.269,0.260,33.117
19.11.2021 18:38:01,29.193,915.557,598.693,873.504,869.873,0.330,33.162
19.11.2021 18:38:02,29.289,915.008,598.114,873.504,869.995,0.319,33.190
19.11.2021 18:38:03,29.389,914.550,597.229,873.352,869.842,0.319,33.264
19.11.2021 18:38:04,29.490,914.062,596.923,873.321,869.964,0.305,33.262
19.11.2021 18:38:05,29.593,913.635,596.130,873.077,869.537,0.321,33.328
19.11.2021 18:38:06,29.703,913.177,595.428,872.680,869.598,0.280,33.379
19.11.2021 18:38:07,29.786,913.696,594.726,872.985,869.232,0.341,33.511
19.11.2021 18:38:08,29.889,912.597,593.719,872.345,869.201,0.286,33.548
19.11.2021 18:38:09,29.997,912.902,593.475,872.589,868.866,0.338,33.605
19.11.2021 18:38:10,30.093,912.597,592.590,871.795,868.713,0.280,33.693
19.11.2021 18:38:11,30.201,912.323,591.583,871.978,868.469,0.319,33.798
19.11.2021 18:38:12,30.301,912.200,590.942,871.459,867.797,0.333,33.870
19.11.2021 18:38:13,30.389,912.017,590.637,871.459,867.950,0.319,33.894
19.11.2021 18:38:14,30.490,911.895,589.508,871.368,867.401,0.361,34.029
19.11.2021 18:38:15,30.590,912.200,589.080,870.971,867.034,0.358,34.109
19.11.2021 18:38:16,30.693,911.468,587.493,870.910,866.882,0.367,34.252
19.11.2021 18:38:17,30.791,911.743,587.280,870.666,866.943,0.339,34.302
19.11.2021 18:38:18,30.902,911.437,586.181,870.880,866.333,0.414,34.418
19.11.2021 18:38:19,30.995,911.712,585.479,870.269,865.600,0.426,34.531
19.11.2021 18:38:20,31.090,911.438,584.381,870.208,865.692,0.412,34.650
19.11.2021 18:38:21,31.188,911.193,583.557,870.086,865.692,0.401,34.737
19.11.2021 18:38:22,31.294,911.468,582.702,869.140,865.356,0.345,34.870
19.11.2021 18:38:23,31.387,911.163,581.878,869.262,864.746,0.412,34.951
19.11.2021 18:38:24,31.490,911.346,580.444,868.682,864.868,0.348,35.152
19.11.2021 18:38:25,31.590,911.102,579.071,868.499,864.288,0.385,35.311
19.11.2021 18:38:26,31.696,911.651,578.491,867.828,863.525,0.393,35.432
19.11.2021 18:38:27,31.791,911.254,577.239,867.950,863.311,0.424,35.562
19.11.2021 18:38:28,31.887,910.492,576.599,867.095,863.006,0.374,35.582
19.11.2021 18:38:29,31.992,910.614,575.347,866.821,862.884,0.360,35.756
19.11.2021 18:38:30,32.093,910.583,574.584,865.966,862.091,0.355,35.853
19.11.2021 18:38:31,32.203,910.491,573.120,865.814,861.572,0.389,36.037
19.11.2021 18:38:32,32.301,909.515,572.509,865.386,861.236,0.380,36.037
19.11.2021 18:38:33,32.392,910.217,571.533,864.654,861.022,0.333,36.223
19.11.2021 18:38:34,32.490,908.874,570.739,863.952,860.199,0.345,36.216
19.11.2021 18:38:35,32.603,909.088,569.213,863.799,859.954,0.353,36.435
19.11.2021 18:38:36,32.698,908.752,568.389,863.403,858.795,0.424,36.516
19.11.2021 18:38:37,32.794,908.019,567.626,863.189,858.276,0.452,36.556
19.11.2021 18:38:38,32.902,907.775,566.131,862.426,858.001,0.407,36.734
19.11.2021 18:38:39,33.002,906.585,566.070,861.663,857.269,0.405,36.644
19.11.2021 18:38:40,33.100,906.646,564.788,861.419,856.781,0.427,36.819
19.11.2021 18:38:41,33.191,905.700,563.415,860.870,855.865,0.462,36.923
19.11.2021 18:38:42,33.294,905.761,562.896,860.259,855.651,0.425,36.997
19.11.2021 18:38:43,33.399,904.846,561.981,859.924,854.858,0.468,37.043
19.11.2021 18:38:44,33.502,903.869,560.791,859.649,854.431,0.482,37.121
19.11.2021 18:38:45,33.593,903.045,559.509,858.490,853.698,0.443,37.224
19.11.2021 18:38:46,33.703,902.282,558.502,857.757,853.241,0.418,37.296
19.11.2021 18:38:47,33.794,902.069,557.830,857.452,852.233,0.483,37.368
19.11.2021 18:38:48,33.899,901.519,556.915,856.414,851.592,0.447,37.445
19.11.2021 18:38:49,33.987,900.970,555.389,855.895,851.196,0.436,37.605
19.11.2021 18:38:50,34.090,899.658,554.534,854.797,850.097,0.436,37.611
19.11.2021 18:38:51,34.196,899.291,553.771,854.614,849.639,0.462,37.684
19.11.2021 18:38:52,34.296,898.590,552.825,853.393,848.876,0.420,37.753
19.11.2021 18:38:53,34.394,897.857,551.940,852.783,847.442,0.497,37.812
19.11.2021 18:38:54,34.495,896.758,550.964,852.264,847.015,0.489,37.853
19.11.2021 18:38:55,34.598,895.996,550.292,850.830,845.520,0.496,37.880
19.11.2021 18:38:56,34.696,894.805,549.041,850.280,845.275,0.467,37.951
19.11.2021 18:38:57,34.796,894.012,548.461,849.121,844.421,0.439,37.964
19.11.2021 18:38:58,34.887,893.737,547.149,848.205,843.383,0.451,38.120
19.11.2021 18:39:00,34.995,892.425,546.783,848.358,842.803,0.520,38.060
19.11.2021 18:39:01,35.095,892.028,545.654,846.832,841.918,0.461,38.181
19.11.2021 18:39:02,35.196,890.502,544.891,845.794,841.216,0.430,38.158
19.11.2021 18:39:03,35.294,889.648,543.762,845.428,840.789,0.435,38.241
19.11.2021 18:39:04,35.392,889.068,543.518,844.665,839.721,0.465,38.226
19.11.2021 18:39:05,35.497,888.275,541.900,843.200,838.226,0.468,38.381
19.11.2021 18:39:06,35.595,886.932,541.137,842.346,837.951,0.414,38.374
19.11.2021 18:39:07,35.688,886.138,540.435,841.644,837.188,0.420,38.404
19.11.2021 18:39:08,35.801,885.162,539.520,840.606,835.327,0.499,38.448
19.11.2021 18:39:09,35.897,884.124,539.398,839.935,834.655,0.499,38.377
19.11.2021 18:39:10,36.000,883.331,537.933,838.653,833.740,0.465,38.513
19.11.2021 18:39:11,36.100,882.354,537.170,838.104,832.397,0.541,38.537
19.11.2021 18:39:12,36.188,881.469,536.102,837.860,831.939,0.561,38.610
19.11.2021 18:39:13,36.286,880.401,535.736,836.029,830.871,0.490,38.571
19.11.2021 18:39:14,36.392,879.821,534.698,834.686,829.742,0.470,38.666
19.11.2021 18:39:15,36.487,878.387,533.599,833.587,828.857,0.450,38.698
19.11.2021 18:39:16,36.590,877.899,532.653,832.855,828.155,0.448,38.789
19.11.2021 18:39:17,36.688,877.227,531.372,831.787,826.751,0.481,38.911
19.11.2021 18:39:18,36.791,876.586,530.670,830.474,825.561,0.470,38.955
19.11.2021 18:39:19,36.887,875.671,529.418,830.017,824.279,0.549,39.053
19.11.2021 18:39:20,36.995,875.305,528.991,828.826,823.730,0.488,39.082
19.11.2021 18:39:21,37.090,875.000,528.076,828.002,823.181,0.462,39.185
19.11.2021 18:39:22,37.191,873.901,527.130,826.812,821.807,0.481,39.225
19.11.2021 18:39:23,37.291,873.077,526.000,825.622,820.861,0.458,39.314
19.11.2021 18:39:24,37.394,872.619,524.993,824.798,820.007,0.461,39.418
19.11.2021 18:39:25,37.492,872.039,523.559,823.211,818.939,0.412,39.572
19.11.2021 18:39:26,37.603,871.124,522.308,822.509,817.810,0.454,39.671
19.11.2021 18:39:27,37.688,870.422,521.575,821.258,817.077,0.404,39.716
19.11.2021 18:39:28,37.801,870.147,519.714,820.068,815.795,0.413,39.958
19.11.2021 18:39:29,37.892,869.384,518.707,818.939,814.544,0.426,40.036
19.11.2021 18:39:30,37.992,868.316,517.242,818.206,813.049,0.501,40.155
19.11.2021 18:39:31,38.093,867.858,516.510,816.711,812.744,0.385,40.221
19.11.2021 18:39:32,38.196,867.004,515.014,815.795,810.852,0.481,40.363
19.11.2021 18:39:33,38.289,866.210,513.916,814.544,810.180,0.425,40.453
19.11.2021 18:39:34,38.392,864.898,512.786,813.720,809.265,0.435,40.504
19.11.2021 18:39:35,38.495,863.952,511.810,812.194,807.830,0.426,40.564
19.11.2021 18:39:36,38.590,863.159,510.101,810.974,806.976,0.391,40.743
19.11.2021 18:39:37,38.688,862.457,509.521,810.333,805.786,0.445,40.767
19.11.2021 18:39:38,38.791,861.389,507.598,809.082,804.992,0.401,40.955
19.11.2021 18:39:39,38.902,860.504,506.134,808.044,803.741,0.423,41.093
19.11.2021 18:39:40,38.997,859.252,505.249,806.488,802.185,0.423,41.115
19.11.2021 18:39:41,39.100,858.093,503.631,805.206,801.300,0.385,41.252
19.11.2021 18:39:42,39.188,857.543,503.021,804.016,800.201,0.376,41.294
19.11.2021 18:39:43,39.299,856.079,501.403,803.192,798.950,0.419,41.406
19.11.2021 18:39:44,39.387,854.675,500.213,801.544,797.729,0.378,41.460
19.11.2021 18:39:45,39.495,853.332,498.718,800.415,796.722,0.366,41.565
19.11.2021 18:39:46,39.588,852.264,497.802,800.079,795.440,0.460,41.608
19.11.2021 18:39:47,39.698,851.226,496.368,798.156,794.525,0.361,41.731
19.11.2021 18:39:48,39.794,849.487,495.269,797.882,793.243,0.462,41.744
19.11.2021 18:39:49,39.892,848.510,494.079,796.539,792.694,0.383,41.836
19.11.2021 18:39:50,39.997,847.290,492.797,795.196,791.015,0.417,41.922
19.11.2021 18:39:51,40.095,845.520,491.546,794.067,790.405,0.366,41.955
19.11.2021 18:39:52,40.196,844.604,489.776,793.273,788.970,0.430,42.141
19.11.2021 18:39:53,40.299,843.109,488.830,791.809,787.994,0.382,42.153
19.11.2021 18:39:54,40.392,841.522,487.640,790.802,787.231,0.358,42.194
19.11.2021 18:39:55,40.500,840.515,486.297,789.276,785.949,0.334,42.308
19.11.2021 18:39:56,40.603,839.385,485.351,788.360,785.278,0.310,42.353
19.11.2021 18:39:57,40.701,838.043,483.825,788.085,783.660,0.446,42.467
19.11.2021 18:39:58,40.789,837.127,482.879,786.346,783.050,0.332,42.530
19.11.2021 18:39:59,40.892,835.540,481.689,785.156,781.738,0.345,42.572
19.11.2021 18:40:00,41.002,834.075,480.621,783.935,780.914,0.305,42.606
19.11.2021 18:40:01,41.093,833.251,479.370,783.386,780.273,0.315,42.725
19.11.2021 18:40:02,41.193,831.573,478.393,781.494,778.503,0.303,42.727
19.11.2021 18:40:03,41.291,830.383,477.325,780.609,778.167,0.248,42.786
19.11.2021 18:40:04,41.399,828.582,476.318,780.242,776.794,0.350,42.782
19.11.2021 18:40:05,41.502,827.667,474.975,778.503,775.482,0.308,42.908
19.11.2021 18:40:06,41.603,826.477,474.121,777.740,773.925,0.389,42.934
19.11.2021 18:40:07,41.701,824.920,473.480,776.885,773.498,0.346,42.895
19.11.2021 18:40:08,41.799,823.516,472.167,775.939,772.064,0.396,42.974
19.11.2021 18:40:09,41.894,822.265,471.099,774.627,770.996,0.372,43.029
19.11.2021 18:40:10,41.997,820.495,470.367,773.620,770.355,0.335,42.985
19.11.2021 18:40:11,42.098,819.091,469.543,772.766,769.409,0.344,42.988
19.11.2021 18:40:12,42.198,817.901,468.688,771.759,768.493,0.335,43.015
19.11.2021 18:40:13,42.299,816.497,467.559,770.385,766.815,0.368,43.065
19.11.2021 18:40:14,42.399,815.216,466.430,768.890,766.235,0.274,43.128
19.11.2021 18:40:15,42.497,814.056,465.972,767.913,765.228,0.277,43.095
19.11.2021 18:40:16,42.598,812.927,464.324,766.784,763.885,0.300,43.253
19.11.2021 18:40:17,42.701,811.309,463.439,765.991,762.573,0.354,43.247
19.11.2021 18:40:18,42.799,810.668,462.432,764.343,761.657,0.278,43.349
19.11.2021 18:40:19,42.902,809.082,461.395,763.488,760.650,0.295,43.370
19.11.2021 18:40:20,43.000,807.952,460.662,762.390,759.307,0.321,43.384
19.11.2021 18:40:21,43.098,806.915,459.381,761.230,757.904,0.347,43.494
19.11.2021 18:40:22,43.198,805.755,458.404,759.826,756.927,0.302,43.544
19.11.2021 18:40:23,43.296,804.534,457.489,759.094,756.042,0.319,43.580
19.11.2021 18:40:24,43.402,803.558,456.756,758.056,754.791,0.342,43.608
19.11.2021 18:40:25,43.502,802.429,454.895,756.652,754.119,0.265,43.804
19.11.2021 18:40:26,43.603,801.574,454.345,755.584,752.563,0.317,43.815
19.11.2021 18:40:27,43.698,801.330,452.941,754.455,751.678,0.292,44.019
19.11.2021 18:40:28,43.801,799.499,451.782,753.784,750.335,0.363,44.039
19.11.2021 18:40:29,43.899,799.041,450.347,751.953,749.298,0.280,44.230
19.11.2021 18:40:30,44.000,797.821,449.279,750.701,747.619,0.326,44.291
19.11.2021 18:40:31,44.100,797.119,448.211,749.633,747.161,0.261,44.401
19.11.2021 18:40:32,44.196,796.173,446.990,748.657,745.269,0.359,44.513
19.11.2021 18:40:33,44.294,795.074,445.983,746.795,744.079,0.288,44.577
19.11.2021 18:40:34,44.392,794.219,444.763,745.758,742.950,0.298,44.699
19.11.2021 18:40:35,44.492,792.694,443.817,744.476,741.912,0.273,44.714
19.11.2021 18:40:36,44.598,791.748,442.565,742.736,740.356,0.254,44.832
19.11.2021 18:40:37,44.696,790.740,441.192,741.973,738.769,0.342,44.966
19.11.2021 18:40:38,44.796,789.978,440.307,740.570,737.823,0.294,45.042
19.11.2021 18:40:39,44.899,788.391,438.903,739.746,736.541,0.343,45.128
19.11.2021 18:40:40,45.000,787.261,437.683,738.189,735.382,0.301,45.227
19.11.2021 18:40:41,45.100,786.132,436.676,736.816,733.856,0.318,45.290
19.11.2021 18:40:42,45.201,784.484,435.821,734.924,732.208,0.293,45.280
19.11.2021 18:40:43,45.301,783.172,434.082,733.917,730.468,0.373,45.449
19.11.2021 18:40:44,45.397,782.104,433.074,732.910,729.827,0.333,45.518
19.11.2021 18:40:46,45.500,780.975,432.281,731.567,728.302,0.354,45.547
19.11.2021 18:40:47,45.598,779.144,430.908,730.010,727.081,0.318,45.607
19.11.2021 18:40:48,45.688,777.923,430.206,728.546,725.494,0.332,45.612
19.11.2021 18:40:49,45.786,776.489,428.955,727.416,724.487,0.319,45.689
19.11.2021 18:40:50,45.902,775.207,428.283,726.013,722.930,0.337,45.683
19.11.2021 18:40:51,46.000,773.437,426.757,724.578,721.557,0.331,45.776
19.11.2021 18:40:52,46.088,772.308,425.689,723.205,720.611,0.284,45.852
19.11.2021 18:40:53,46.188,771.392,424.682,722.381,719.177,0.352,45.938
19.11.2021 18:40:54,46.291,769.226,423.767,720.397,717.651,0.302,45.891
19.11.2021 18:40:55,46.389,767.578,422.515,719.726,716.278,0.380,45.950
19.11.2021 18:40:56,46.497,765.625,421.783,717.895,715.026,0.317,45.891
19.11.2021 18:40:57,46.590,765.167,420.166,716.522,714.111,0.267,46.126
19.11.2021 18:40:58,46.691,763.092,419.311,715.545,712.371,0.352,46.077
19.11.2021 18:40:59,46.794,761.566,418.426,714.233,711.425,0.312,46.085
19.11.2021 18:41:00,46.899,759.582,417.388,712.585,709.686,0.323,46.076
19.11.2021 18:41:01,46.995,758.117,416.717,710.510,708.251,0.252,46.052
19.11.2021 18:41:02,47.095,757.293,415.069,710.113,707.061,0.341,46.261
19.11.2021 18:41:03,47.191,755.554,414.489,708.343,705.718,0.294,46.196
19.11.2021 18:41:04,47.296,753.997,413.238,707.092,704.132,0.332,46.265
19.11.2021 18:41:05,47.387,752.655,412.933,705.535,702.880,0.298,46.190
19.11.2021 18:41:06,47.500,750.640,411.743,704.040,701.080,0.333,46.205
19.11.2021 18:41:07,47.588,748.565,410.552,702.575,700.042,0.286,46.214
19.11.2021 18:41:08,47.691,747.375,409.637,700.592,697.998,0.293,46.260
19.11.2021 18:41:09,47.786,745.178,409.027,699.493,696.685,0.318,46.155
19.11.2021 18:41:10,47.889,743.652,408.386,698.150,695.465,0.305,46.120
19.11.2021 18:41:11,47.995,742.431,407.135,696.594,693.389,0.365,46.223
19.11.2021 18:41:12,48.088,740.356,406.768,695.098,692.565,0.289,46.086
19.11.2021 18:41:13,48.203,738.769,406.005,693.603,690.704,0.331,46.066
19.11.2021 18:41:14,48.289,737.426,405.029,692.199,689.147,0.350,46.109
19.11.2021 18:41:15,48.387,735.809,404.235,690.246,687.866,0.273,46.092
19.11.2021 18:41:16,48.502,733.825,403.350,688.446,685.943,0.288,46.055
19.11.2021 18:41:17,48.588,732.055,402.282,687.530,684.997,0.292,46.072
19.11.2021 18:41:18,48.696,730.224,401.397,685.638,682.800,0.328,46.050
19.11.2021 18:41:19,48.791,729.064,400.756,683.746,681.762,0.230,46.051
19.11.2021 18:41:20,48.899,726.348,399.688,682.006,679.351,0.309,45.974
19.11.2021 18:41:21,49.000,725.128,399.169,680.511,678.283,0.259,45.946
19.11.2021 18:41:22,49.098,723.449,398.101,679.077,676.086,0.349,45.972
19.11.2021 18:41:23,49.191,722.229,397.155,677.520,674.774,0.321,46.022
19.11.2021 18:41:24,49.301,720.794,396.392,675.842,673.095,0.322,46.018
19.11.2021 18:41:25,49.397,719.329,395.507,673.736,671.783,0.230,46.032
19.11.2021 18:41:26,49.490,718.109,394.622,672.332,669.769,0.302,46.071
19.11.2021 18:41:27,49.588,716.369,394.256,670.928,668.640,0.270,45.963
19.11.2021 18:41:28,49.701,714.904,392.669,668.731,665.954,0.329,46.107
19.11.2021 18:41:29,49.796,713.317,392.181,667.327,664.672,0.315,46.036
19.11.2021 18:41:30,49.887,712.493,391.357,665.710,663.848,0.221,46.105
19.11.2021 18:41:31,49.990,711.151,389.984,664.276,661.743,0.302,46.223
19.11.2021 18:41:32,50.088,709.594,389.099,662.078,660.491,0.190,46.229
19.11.2021 18:41:33,50.198,708.343,387.756,661.041,658.538,0.300,46.351
19.11.2021 18:41:34,50.289,706.970,387.603,659.057,657.196,0.224,46.239
19.11.2021 18:41:35,50.389,706.085,385.955,657.958,655.212,0.331,46.457
19.11.2021 18:41:36,50.495,704.406,385.620,655.822,653.869,0.236,46.348
19.11.2021 18:41:37,50.590,702.728,384.063,654.357,652.099,0.273,46.468
19.11.2021 18:41:38,50.698,702.239,383.422,652.526,650.939,0.192,46.539
19.11.2021 18:41:39,50.786,700.469,382.354,651.489,649.536,0.237,46.558
19.11.2021 18:41:40,50.889,699.340,381.561,649.475,647.644,0.223,46.591
19.11.2021 18:41:41,50.992,697.753,380.218,648.254,646.606,0.201,46.682
19.11.2021 18:41:42,51.093,696.594,379.516,646.514,645.111,0.172,46.695
19.11.2021 18:41:43,51.193,694.946,378.570,645.080,643.463,0.198,46.705
19.11.2021 18:41:44,51.294,693.603,377.441,643.524,641.754,0.218,46.781
19.11.2021 18:41:45,51.387,692.230,376.556,641.784,640.563,0.150,46.807
19.11.2021 18:41:46,51.500,690.582,375.579,640.197,638.732,0.181,46.823
19.11.2021 18:41:47,51.598,689.544,375.000,638.977,637.573,0.174,46.826
19.11.2021 18:41:48,51.696,688.140,373.779,636.993,635.803,0.148,46.914
19.11.2021 18:41:49,51.794,686.248,373.077,635.955,634.155,0.224,46.851
19.11.2021 18:41:50,51.897,684.692,371.917,634.002,632.751,0.156,46.912
19.11.2021 18:41:51,52.000,682.708,371.093,632.507,631.958,0.068,46.862
19.11.2021 18:41:52,52.093,681.884,370.086,631.317,629.974,0.168,46.972
19.11.2021 18:41:53,52.196,679.870,369.232,629.852,628.967,0.111,46.925
19.11.2021 18:41:54,52.296,678.253,368.164,628.417,627.655,0.096,46.962
19.11.2021 18:41:55,52.399,676.666,367.095,626.831,626.068,0.096,47.003
19.11.2021 18:41:56,52.497,675.354,366.088,625.335,625.122,0.027,47.061
19.11.2021 18:41:57,52.598,673.400,365.051,623.931,623.016,0.116,47.057
19.11.2021 18:41:58,52.688,672.363,364.654,622.741,621.917,0.104,47.024
19.11.2021 18:41:59,52.794,670.776,363.342,621.429,619.995,0.183,47.114
19.11.2021 18:42:00,52.892,669.189,362.640,619.445,618.560,0.113,47.082
19.11.2021 18:42:01,52.997,667.510,361.694,618.072,617.950,0.015,47.090
19.11.2021 18:42:02,53.100,665.588,360.717,617.034,615.936,0.141,47.077
19.11.2021 18:42:03,53.198,664.276,359.893,615.478,615.051,0.055,47.099
19.11.2021 18:42:04,53.299,662.475,358.673,614.166,613.311,0.110,47.149
19.11.2021 18:42:05,53.397,660.888,357.604,613.037,612.487,0.071,47.191
19.11.2021 18:42:06,53.497,659.545,356.719,610.992,610.687,0.039,47.223
19.11.2021 18:42:07,53.603,657.531,356.109,609.710,609.649,0.007,47.126
19.11.2021 18:42:08,53.703,655.853,355.041,608.398,607.940,0.059,47.158
19.11.2021 18:42:09,53.799,654.235,354.125,606.414,606.384,0.003,47.166
19.11.2021 18:42:10,53.897,652.587,352.874,605.468,604.858,0.079,47.240
19.11.2021 18:42:11,53.995,651.000,352.600,604.248,603.637,0.080,47.120
19.11.2021 18:42:12,54.098,649.200,351.318,602.294,602.081,0.028,47.183
19.11.2021 18:42:13,54.196,647.674,350.799,601.196,601.196,0.000,47.120
19.11.2021 18:42:14,54.294,645.812,349.548,599.792,599.609,0.024,47.170
19.11.2021 18:42:15,54.397,644.287,349.151,598.571,598.327,0.032,47.081
19.11.2021 18:42:16,54.490,642.486,348.632,596.557,597.473,-0.121,46.986
19.11.2021 18:42:17,54.603,640.258,346.801,595.642,595.001,0.085,47.116
19.11.2021 18:42:18,54.691,638.549,346.588,594.390,594.635,-0.032,46.967
19.11.2021 18:42:19,54.794,637.603,345.306,592.346,592.864,-0.069,47.128
19.11.2021 18:42:20,54.889,635.559,344.512,590.911,591.796,-0.118,47.062
19.11.2021 18:42:21,54.987,634.246,343.627,589.782,590.606,-0.110,47.098
19.11.2021 18:42:22,55.103,632.812,342.864,587.951,588.928,-0.131,47.095
19.11.2021 18:42:23,55.193,630.523,341.339,586.700,587.585,-0.119,47.156
19.11.2021 18:42:24,55.299,629.608,340.911,585.632,586.059,-0.057,47.141
19.11.2021 18:42:25,55.399,627.716,339.752,584.045,585.021,-0.132,47.170
19.11.2021 18:42:26,55.500,626.068,338.989,583.282,583.557,-0.037,47.143
19.11.2021 18:42:27,55.603,625.122,337.982,581.695,582.397,-0.095,47.248
19.11.2021 18:42:28,55.701,623.840,336.914,580.139,580.993,-0.116,47.329
19.11.2021 18:42:29,55.789,622.070,336.029,578.704,579.711,-0.137,47.313
19.11.2021 18:42:30,55.899,620.727,334.747,577.667,578.369,-0.096,47.433
19.11.2021 18:42:32,55.995,619.079,334.045,576.324,577.056,-0.100,47.393
19.11.2021 18:42:33,56.103,618.255,333.160,574.798,575.866,-0.147,47.488
19.11.2021 18:42:34,56.201,616.668,332.397,573.516,574.584,-0.147,47.468
19.11.2021 18:42:35,56.291,615.478,331.481,572.143,573.211,-0.147,47.528
19.11.2021 18:42:36,56.397,613.800,330.200,570.678,571.533,-0.118,47.610
19.11.2021 18:42:37,56.497,613.006,329.376,569.396,570.312,-0.127,47.697
19.11.2021 18:42:38,56.603,612.030,328.399,567.565,568.969,-0.195,47.796
19.11.2021 18:42:39,56.698,610.443,327.453,566.711,567.626,-0.127,47.817
19.11.2021 18:42:40,56.799,609.252,326.538,565.399,566.467,-0.149,47.878
19.11.2021 18:42:41,56.892,608.123,325.561,564.422,564.697,-0.038,47.960
19.11.2021 18:42:42,56.992,606.781,324.737,562.652,563.995,-0.188,47.983
19.11.2021 18:42:43,57.100,605.651,323.516,561.706,562.377,-0.094,48.120
19.11.2021 18:42:44,57.198,603.820,322.601,560.180,560.760,-0.081,48.106
19.11.2021 18:42:45,57.299,603.149,321.655,558.898,559.722,-0.116,48.238
19.11.2021 18:42:46,57.387,601.562,320.251,557.434,558.197,-0.108,48.363
19.11.2021 18:42:47,57.500,600.036,319.427,555.847,557.220,-0.195,48.365
19.11.2021 18:42:48,57.600,598.785,317.993,555.023,555.450,-0.060,48.539
19.11.2021 18:42:49,57.698,597.503,317.565,553.222,554.351,-0.161,48.481
19.11.2021 18:42:50,57.789,596.343,316.162,552.215,552.825,-0.087,48.660
19.11.2021 18:42:51,57.899,594.848,315.582,550.872,551.361,-0.070,48.611
19.11.2021 18:42:52,57.995,593.841,314.178,549.194,550.323,-0.162,48.810
19.11.2021 18:42:53,58.100,592.102,312.713,548.095,549.194,-0.158,48.934
19.11.2021 18:42:54,58.201,590.240,312.438,546.691,547.973,-0.185,48.772
19.11.2021 18:42:55,58.301,589.141,310.577,545.440,546.081,-0.093,49.066
19.11.2021 18:42:56,58.399,587.677,309.814,543.487,544.982,-0.217,49.064
19.11.2021 18:42:57,58.490,586.242,308.807,542.266,543.518,-0.182,49.123
19.11.2021 18:42:58,58.590,584.838,307.647,540.588,541.778,-0.174,49.220
19.11.2021 18:42:59,58.696,582.885,306.213,539.031,540.466,-0.210,49.315
19.11.2021 18:43:00,58.789,581.634,305.328,538.208,539.093,-0.130,49.369
19.11.2021 18:43:01,58.887,580.047,304.229,536.285,537.475,-0.175,49.431
19.11.2021 18:43:02,59.002,578.277,302.795,534.851,535.491,-0.094,49.550
19.11.2021 18:43:03,59.088,576.751,302.154,532.897,534.606,-0.253,49.513
19.11.2021 18:43:04,59.203,575.103,300.720,531.555,532.592,-0.154,49.649
19.11.2021 18:43:05,59.296,573.059,299.713,529.785,530.609,-0.123,49.634
19.11.2021 18:43:06,59.392,571.624,298.767,528.472,529.968,-0.223,49.681
19.11.2021 18:43:07,59.495,569.854,297.576,527.435,528.350,-0.137,49.744
19.11.2021 18:43:08,59.600,568.054,296.386,525.146,526.733,-0.239,49.805
19.11.2021 18:43:09,59.701,566.406,295.227,524.139,524.719,-0.087,49.877
19.11.2021 18:43:10,59.796,564.758,294.311,522.827,523.468,-0.097,49.891
19.11.2021 18:43:11,59.887,563.323,293.304,521.423,522.155,-0.111,49.954
19.11.2021 18:43:12,60.002,561.248,292.297,519.042,520.416,-0.209,49.936
