# Sensor: ADPD2140, Rotationstage: ELL18M
Datetime,Stage Angle,xL,xR,yL,yR,X,Y
22.11.2021 17:26:23,-59.992,492.462,487.335,293.975,539.215,-46.646,0.829
22.11.2021 17:26:24,-59.907,493.652,488.616,294.555,539.978,-46.605,0.812
22.11.2021 17:26:25,-59.809,494.812,490.264,295.043,541.381,-46.673,0.731
22.11.2021 17:26:26,-59.708,496.124,491.149,296.234,542.724,-46.561,0.798
22.11.2021 17:26:27,-59.603,497.436,492.553,297.119,544.677,-46.605,0.781
22.11.2021 17:26:28,-59.507,498.291,493.682,297.637,545.654,-46.609,0.736
22.11.2021 17:26:29,-59.407,499.450,495.147,298.553,546.875,-46.548,0.685
22.11.2021 17:26:30,-59.306,500.457,496.185,299.163,547.973,-46.546,0.679
22.11.2021 17:26:31,-59.208,501.556,496.978,300.231,549.468,-46.485,0.726
22.11.2021 17:26:32,-59.108,502.624,498.199,300.842,550.262,-46.442,0.700
22.11.2021 17:26:33,-59.005,503.448,498.901,301.544,551.391,-46.422,0.718
22.11.2021 17:26:34,-58.907,504.302,500.457,302.246,553.192,-46.490,0.606
22.11.2021 17:26:35,-58.809,505.310,500.488,302.825,553.955,-46.451,0.759
22.11.2021 17:26:36,-58.708,505.981,501.617,303.985,555.786,-46.413,0.686
22.11.2021 17:26:37,-58.600,506.958,502.319,304.809,557.006,-46.376,0.728
22.11.2021 17:26:38,-58.507,507.141,503.112,305.633,557.922,-46.299,0.631
22.11.2021 17:26:39,-58.404,508.422,504.364,306.060,558.990,-46.337,0.635
22.11.2021 17:26:40,-58.304,508.880,504.913,306.884,560.424,-46.327,0.620
22.11.2021 17:26:41,-58.208,509.521,505.828,307.434,561.950,-46.395,0.576
22.11.2021 17:26:42,-58.108,510.650,507.263,308.563,563.171,-46.286,0.527
22.11.2021 17:26:43,-58.002,511.596,507.965,309.082,564.697,-46.361,0.564
22.11.2021 17:26:44,-57.904,512.664,508.453,310.150,565.612,-46.228,0.653
22.11.2021 17:26:45,-57.804,513.458,509.735,310.333,566.833,-46.342,0.576
22.11.2021 17:26:47,-57.708,514.953,510.498,311.187,568.023,-46.294,0.688
22.11.2021 17:26:48,-57.605,516.052,511.688,311.828,569.183,-46.293,0.672
22.11.2021 17:26:49,-57.505,516.784,513.336,312.866,570.465,-46.215,0.530
22.11.2021 17:26:50,-57.402,518.432,514.068,313.476,571.716,-46.233,0.669
22.11.2021 17:26:51,-57.306,519.683,515.594,313.720,572.509,-46.277,0.625
22.11.2021 17:26:52,-57.201,521.179,516.754,314.727,573.699,-46.195,0.675
22.11.2021 17:26:53,-57.108,522.247,518.188,314.971,574.829,-46.282,0.618
22.11.2021 17:26:54,-57.007,523.590,519.592,316.131,576.171,-46.184,0.607
22.11.2021 17:26:55,-56.904,525.421,520.965,316.833,577.056,-46.135,0.674
22.11.2021 17:26:56,-56.809,526.367,522.430,317.047,578.369,-46.251,0.594
22.11.2021 17:26:57,-56.706,528.045,524.017,317.993,579.589,-46.187,0.606
22.11.2021 17:26:58,-56.608,529.724,525.726,318.756,580.780,-46.162,0.600
22.11.2021 17:26:59,-56.507,531.982,527.435,319.335,582.153,-46.202,0.680
22.11.2021 17:27:00,-56.404,533.508,529.144,320.404,583.557,-46.134,0.650
22.11.2021 17:27:01,-56.309,535.430,530.639,320.709,584.930,-46.236,0.712
22.11.2021 17:27:02,-56.206,536.682,532.409,321.929,586.334,-46.134,0.633
22.11.2021 17:27:03,-56.105,539.062,534.240,322.265,587.280,-46.175,0.711
22.11.2021 17:27:04,-56.007,540.649,535.858,323.455,588.684,-46.081,0.705
22.11.2021 17:27:05,-55.904,542.846,538.085,323.974,590.148,-46.145,0.697
22.11.2021 17:27:06,-55.809,544.311,539.428,325.042,591.583,-46.083,0.714
22.11.2021 17:27:07,-55.708,545.501,541.870,325.256,592.987,-46.207,0.529
22.11.2021 17:27:08,-55.608,547.668,543.426,326.446,594.146,-46.084,0.616
22.11.2021 17:27:09,-55.507,549.560,545.074,327.392,595.428,-46.030,0.649
22.11.2021 17:27:10,-55.407,551.818,546.936,328.155,597.595,-46.125,0.704
22.11.2021 17:27:11,-55.306,553.741,548.828,328.979,598.480,-46.050,0.706
22.11.2021 17:27:12,-55.201,555.450,550.445,329.284,600.585,-46.238,0.717
22.11.2021 17:27:13,-55.108,557.006,551.849,330.657,601.715,-46.072,0.737
22.11.2021 17:27:14,-55.007,559.051,553.924,330.993,603.424,-46.204,0.730
22.11.2021 17:27:15,-54.897,561.401,555.541,331.573,604.766,-46.238,0.831
22.11.2021 17:27:16,-54.809,562.408,556.793,332.519,606.414,-46.229,0.795
22.11.2021 17:27:17,-54.708,564.300,558.624,332.977,608.093,-46.330,0.801
22.11.2021 17:27:18,-54.605,565.979,559.997,333.892,609.222,-46.265,0.841
22.11.2021 17:27:19,-54.500,567.474,561.920,334.411,610.748,-46.334,0.779
22.11.2021 17:27:20,-54.407,568.969,562.957,335.357,611.968,-46.274,0.841
22.11.2021 17:27:21,-54.309,569.824,564.666,335.906,614.196,-46.419,0.720
22.11.2021 17:27:22,-54.206,571.838,565.521,336.883,615.325,-46.341,0.880
22.11.2021 17:27:23,-54.103,572.998,567.108,337.280,616.455,-46.389,0.818
22.11.2021 17:27:24,-54.005,574.981,568.878,338.439,618.041,-46.327,0.845
22.11.2021 17:27:25,-53.907,575.988,570.220,338.745,619.598,-46.443,0.797
22.11.2021 17:27:26,-53.806,577.667,571.228,339.538,621.063,-46.445,0.888
22.11.2021 17:27:27,-53.708,578.521,572.570,340.637,622.589,-46.389,0.819
22.11.2021 17:27:28,-53.608,580.200,573.669,341.094,624.084,-46.465,0.896
22.11.2021 17:27:29,-53.502,581.390,574.890,342.041,625.244,-46.399,0.890
22.11.2021 17:27:30,-53.404,582.427,576.232,342.559,627.044,-46.498,0.847
22.11.2021 17:27:31,-53.306,583.801,577.636,343.658,627.807,-46.354,0.841
22.11.2021 17:27:32,-53.203,585.235,578.887,344.177,629.455,-46.434,0.864
22.11.2021 17:27:33,-53.105,585.723,579.986,344.818,630.859,-46.461,0.779
22.11.2021 17:27:34,-53.002,587.066,581.085,345.764,632.568,-46.458,0.811
22.11.2021 17:27:35,-52.904,588.165,582.275,346.527,634.277,-46.494,0.797
22.11.2021 17:27:36,-52.806,589.660,583.648,347.747,635.803,-46.414,0.812
22.11.2021 17:27:37,-52.706,591.278,584.716,348.663,637.145,-46.376,0.884
22.11.2021 17:27:38,-52.603,592.926,585.968,349.121,638.092,-46.388,0.935
22.11.2021 17:27:39,-52.502,593.780,587.585,350.280,640.075,-46.373,0.831
22.11.2021 17:27:40,-52.402,595.062,588.623,350.769,641.357,-46.417,0.862
22.11.2021 17:27:41,-52.299,596.160,589.416,352.172,642.761,-46.286,0.901
22.11.2021 17:27:42,-52.193,597.595,591.705,352.783,644.897,-46.401,0.784
22.11.2021 17:27:43,-52.100,598.846,592.285,353.820,645.599,-46.267,0.872
22.11.2021 17:27:44,-52.002,600.250,593.536,354.644,647.186,-46.276,0.891
22.11.2021 17:27:45,-51.902,600.952,594.757,355.194,647.979,-46.253,0.821
22.11.2021 17:27:46,-51.796,602.569,596.710,356.201,650.024,-46.276,0.774
22.11.2021 17:27:47,-51.703,603.881,597.808,357.269,651.489,-46.222,0.800
22.11.2021 17:27:48,-51.605,604.797,598.999,358.062,652.191,-46.139,0.763
22.11.2021 17:27:49,-51.495,606.170,600.372,359.039,654.907,-46.243,0.761
22.11.2021 17:27:50,-51.394,607.788,600.830,360.443,655.761,-46.055,0.912
22.11.2021 17:27:52,-51.301,608.734,602.203,360.931,656.921,-46.085,0.854
22.11.2021 17:27:53,-51.193,610.351,603.759,361.389,658.294,-46.144,0.860
22.11.2021 17:27:55,-51.095,611.968,605.072,363.098,660.247,-46.017,0.898
22.11.2021 17:27:56,-50.995,613.281,606.781,363.464,660.949,-46.021,0.844
22.11.2021 17:27:58,-50.902,614.624,608.276,364.532,662.811,-46.012,0.822
22.11.2021 17:28:00,-50.796,615.783,609.710,365.417,663.665,-45.930,0.785
22.11.2021 17:28:01,-50.706,617.095,610.717,365.997,665.008,-45.961,0.823
22.11.2021 17:28:02,-50.595,618.652,612.091,367.340,666.534,-45.862,0.844
22.11.2021 17:28:03,-50.507,620.117,613.586,368.408,668.548,-45.870,0.838
22.11.2021 17:28:04,-50.407,621.337,615.142,369.201,669.860,-45.856,0.794
22.11.2021 17:28:05,-50.296,622.711,616.394,369.873,671.600,-45.913,0.807
22.11.2021 17:28:06,-50.208,624.267,617.553,370.819,672.607,-45.836,0.856
22.11.2021 17:28:07,-50.105,625.671,619.354,372.070,674.377,-45.782,0.804
22.11.2021 17:28:08,-50.005,626.892,620.147,372.833,675.750,-45.781,0.857
22.11.2021 17:28:09,-49.904,627.746,622.009,373.992,677.490,-45.742,0.727
22.11.2021 17:28:10,-49.809,629.516,623.168,375.274,679.229,-45.680,0.803
22.11.2021 17:28:11,-49.708,630.432,624.023,376.281,680.633,-45.635,0.809
22.11.2021 17:28:12,-49.608,631.744,625.885,376.861,682.098,-45.680,0.738
22.11.2021 17:28:13,-49.507,632.873,626.525,378.265,684.051,-45.617,0.798
22.11.2021 17:28:14,-49.407,634.429,627.807,379.394,685.638,-45.569,0.831
22.11.2021 17:28:15,-49.309,635.314,628.906,380.340,686.981,-45.530,0.803
22.11.2021 17:28:16,-49.206,636.138,629.699,381.256,688.690,-45.536,0.806
22.11.2021 17:28:17,-49.108,637.329,630.737,382.354,690.551,-45.523,0.823
22.11.2021 17:28:18,-49.005,638.275,632.019,383.575,691.558,-45.397,0.780
22.11.2021 17:28:19,-48.899,639.770,632.751,384.368,693.511,-45.452,0.874
22.11.2021 17:28:20,-48.804,640.441,633.850,385.620,694.702,-45.340,0.819
22.11.2021 17:28:21,-48.708,641.052,635.070,385.833,696.533,-45.492,0.742
22.11.2021 17:28:22,-48.603,642.242,635.345,387.390,698.211,-45.374,0.855
22.11.2021 17:28:23,-48.502,642.730,636.657,387.786,699.493,-45.433,0.752
22.11.2021 17:28:24,-48.407,643.646,637.298,388.916,700.805,-45.358,0.785
22.11.2021 17:28:25,-48.309,644.287,638.244,390.350,702.880,-45.305,0.746
22.11.2021 17:28:26,-48.208,645.446,639.190,391.052,703.918,-45.282,0.771
22.11.2021 17:28:27,-48.108,646.575,640.075,392.395,705.657,-45.212,0.800
22.11.2021 17:28:28,-48.007,646.881,641.113,392.761,707.672,-45.351,0.709
22.11.2021 17:28:29,-47.904,647.460,641.571,394.256,708.587,-45.169,0.724
22.11.2021 17:28:30,-47.809,648.315,642.364,394.866,709.930,-45.194,0.730
22.11.2021 17:28:31,-47.706,649.047,643.402,395.690,711.761,-45.230,0.692
22.11.2021 17:28:33,-47.608,649.719,643.432,397.247,712.951,-45.066,0.770
22.11.2021 17:28:34,-47.507,650.634,644.500,398.376,714.385,-45.005,0.750
22.11.2021 17:28:35,-47.407,651.397,645.202,399.230,715.911,-45.005,0.757
22.11.2021 17:28:36,-47.309,651.489,645.782,400.207,717.559,-44.994,0.697
22.11.2021 17:28:37,-47.208,652.282,646.789,401.275,718.536,-44.899,0.670
22.11.2021 17:28:38,-47.105,652.893,646.911,402.496,719.970,-44.823,0.729
22.11.2021 17:28:39,-47.005,653.472,647.399,403.259,721.771,-44.867,0.739
22.11.2021 17:28:40,-46.902,654.388,648.681,404.449,723.083,-44.785,0.694
22.11.2021 17:28:41,-46.809,654.815,649.230,405.639,724.517,-44.715,0.678
22.11.2021 17:28:42,-46.708,655.395,649.475,406.341,725.646,-44.702,0.719
22.11.2021 17:28:43,-46.603,656.433,651.062,407.348,727.020,-44.660,0.651
22.11.2021 17:28:44,-46.507,656.951,651.031,408.477,728.210,-44.577,0.717
22.11.2021 17:28:45,-46.407,657.135,651.977,409.545,729.614,-44.527,0.624
22.11.2021 17:28:46,-46.306,658.050,652.404,410.705,730.743,-44.434,0.682
22.11.2021 17:28:47,-46.208,658.813,653.076,411.865,732.238,-44.377,0.693
22.11.2021 17:28:48,-46.108,658.813,654.052,412.567,733.306,-44.359,0.574
22.11.2021 17:28:49,-46.007,659.729,654.144,413.848,734.558,-44.257,0.673
22.11.2021 17:28:51,-45.894,660.247,655.151,414.886,736.114,-44.229,0.614
22.11.2021 17:28:52,-45.804,660.583,655.578,416.381,737.701,-44.123,0.602
22.11.2021 17:28:53,-45.706,660.888,655.883,417.175,738.555,-44.069,0.602
22.11.2021 17:28:54,-45.593,661.071,656.250,418.518,740.081,-43.984,0.580
22.11.2021 17:28:55,-45.507,661.560,657.104,419.647,741.607,-43.938,0.535
22.11.2021 17:28:56,-45.402,661.743,657.318,420.837,742.431,-43.812,0.531
22.11.2021 17:28:57,-45.309,662.139,657.867,421.661,743.713,-43.795,0.512
22.11.2021 17:28:58,-45.208,662.963,658.203,422.607,744.812,-43.739,0.571
22.11.2021 17:28:59,-45.105,663.177,658.325,423.614,745.544,-43.637,0.581
22.11.2021 17:29:00,-45.007,663.543,659.179,424.957,747.497,-43.597,0.522
22.11.2021 17:29:01,-44.904,664.123,659.423,425.933,748.382,-43.515,0.562
22.11.2021 17:29:02,-44.809,664.367,660.186,427.246,750.030,-43.451,0.500
22.11.2021 17:29:03,-44.708,664.581,659.973,428.253,750.549,-43.329,0.551
22.11.2021 17:29:04,-44.605,664.855,660.827,429.351,751.861,-43.269,0.481
22.11.2021 17:29:05,-44.507,665.344,660.797,430.480,753.143,-43.202,0.543
22.11.2021 17:29:06,-44.404,665.435,661.987,431.549,754.058,-43.109,0.411
22.11.2021 17:29:07,-44.304,665.832,661.956,432.617,755.065,-43.025,0.462
22.11.2021 17:29:08,-44.206,665.863,661.926,433.929,756.072,-42.901,0.469
22.11.2021 17:29:09,-44.105,666.442,662.872,435.058,757.263,-42.826,0.425
22.11.2021 17:29:10,-44.005,667.083,662.750,436.431,758.239,-42.689,0.516
22.11.2021 17:29:11,-43.907,667.053,663.024,437.408,759.429,-42.640,0.479
22.11.2021 17:29:12,-43.809,667.419,663.085,438.354,760.345,-42.570,0.516
22.11.2021 17:29:13,-43.708,667.602,663.391,439.331,761.352,-42.503,0.501
22.11.2021 17:29:14,-43.608,667.816,663.726,439.910,762.268,-42.495,0.486
22.11.2021 17:29:15,-43.502,668.304,664.093,441.497,763.519,-42.350,0.500
22.11.2021 17:29:16,-43.404,668.670,664.642,441.955,763.885,-42.309,0.478
22.11.2021 17:29:17,-43.309,668.945,664.672,443.145,764.709,-42.191,0.507
22.11.2021 17:29:18,-43.208,669.219,665.069,444.000,765.716,-42.146,0.492
22.11.2021 17:29:19,-43.105,669.738,664.916,445.770,767.028,-41.979,0.572
22.11.2021 17:29:20,-43.005,669.677,665.679,445.922,767.944,-42.042,0.474
22.11.2021 17:29:21,-42.907,669.921,665.496,446.441,768.768,-42.035,0.525
22.11.2021 17:29:22,-42.809,670.013,666.229,448.333,769.775,-41.820,0.448
22.11.2021 17:29:23,-42.708,670.410,666.290,448.822,770.904,-41.848,0.488
22.11.2021 17:29:24,-42.608,671.020,666.412,449.829,771.911,-41.779,0.546
22.11.2021 17:29:25,-42.507,671.112,666.473,450.775,772.857,-41.714,0.549
22.11.2021 17:29:26,-42.407,671.600,667.053,451.263,773.651,-41.710,0.538
22.11.2021 17:29:27,-42.306,672.149,668.090,452.911,774.658,-41.537,0.479
22.11.2021 17:29:28,-42.203,672.424,668.395,453.613,775.756,-41.527,0.476
22.11.2021 17:29:29,-42.108,672.393,668.823,454.650,776.672,-41.446,0.421
22.11.2021 17:29:30,-42.002,673.553,669.403,455.627,778.289,-41.441,0.489
22.11.2021 17:29:31,-41.904,673.461,669.250,456.604,778.930,-41.343,0.497
22.11.2021 17:29:32,-41.804,673.919,670.013,457.733,779.907,-41.254,0.460
22.11.2021 17:29:33,-41.703,674.011,669.921,458.709,780.822,-41.183,0.482
22.11.2021 17:29:34,-41.598,674.316,670.532,459.350,782.196,-41.209,0.445
22.11.2021 17:29:35,-41.500,674.560,670.745,460.540,783.264,-41.119,0.449
22.11.2021 17:29:36,-41.404,674.804,671.051,461.303,784.057,-41.072,0.442
22.11.2021 17:29:37,-41.306,674.957,671.112,461.822,785.156,-41.092,0.452
22.11.2021 17:29:38,-41.208,675.109,671.356,463.104,785.980,-40.965,0.441
22.11.2021 17:29:39,-41.108,675.567,672.180,463.928,786.987,-40.928,0.398
22.11.2021 17:29:40,-41.000,676.361,672.058,464.874,787.597,-40.835,0.505
22.11.2021 17:29:42,-40.892,676.361,672.576,465.637,788.940,-40.839,0.444
22.11.2021 17:29:43,-40.801,676.605,673.370,466.461,790.435,-40.849,0.379
22.11.2021 17:29:44,-40.696,677.307,673.553,467.529,790.710,-40.705,0.440
22.11.2021 17:29:45,-40.608,677.429,673.614,468.444,792.175,-40.697,0.447
22.11.2021 17:29:46,-40.495,678.253,674.133,469.451,793.182,-40.632,0.482
22.11.2021 17:29:47,-40.394,678.375,674.133,470.153,793.395,-40.542,0.497
22.11.2021 17:29:48,-40.306,678.466,674.896,470.947,794.799,-40.548,0.418
22.11.2021 17:29:49,-40.206,678.619,675.201,472.137,795.806,-40.454,0.400
22.11.2021 17:29:50,-40.093,679.595,676.177,473.144,796.630,-40.373,0.399
22.11.2021 17:29:51,-40.005,679.565,676.086,473.754,797.393,-40.349,0.406
22.11.2021 17:29:52,-39.902,679.840,676.727,474.975,798.400,-40.252,0.363
22.11.2021 17:29:53,-39.809,681.060,677.398,475.921,799.987,-40.251,0.427
22.11.2021 17:29:54,-39.708,681.091,677.124,476.837,800.781,-40.182,0.462
22.11.2021 17:29:55,-39.605,680.969,678.070,477.600,801.605,-40.140,0.338
22.11.2021 17:29:56,-39.507,681.854,678.131,479.583,802.642,-39.928,0.433
22.11.2021 17:29:57,-39.407,681.884,678.375,479.919,803.314,-39.939,0.408
22.11.2021 17:29:58,-39.309,682.739,679.107,480.804,804.382,-39.900,0.422
22.11.2021 17:29:59,-39.208,682.830,679.229,481.567,805.267,-39.864,0.418
22.11.2021 17:30:00,-39.108,682.739,679.321,482.543,806.030,-39.784,0.397
22.11.2021 17:30:01,-39.007,683.471,679.718,483.581,806.732,-39.689,0.436
22.11.2021 17:30:02,-38.907,683.776,680.297,483.795,807.464,-39.724,0.404
22.11.2021 17:30:03,-38.809,684.082,680.633,485.137,808.349,-39.600,0.400
22.11.2021 17:30:04,-38.708,684.326,681.396,485.321,808.990,-39.630,0.339
22.11.2021 17:30:05,-38.608,685.272,681.304,486.694,809.448,-39.462,0.460
22.11.2021 17:30:06,-38.507,684.814,681.793,487.518,809.753,-39.365,0.350
22.11.2021 17:30:07,-38.407,685.211,681.854,487.976,810.638,-39.376,0.389
22.11.2021 17:30:08,-38.309,685.791,682.617,489.074,811.157,-39.256,0.367
22.11.2021 17:30:09,-38.208,685.546,682.830,489.746,811.462,-39.182,0.314
22.11.2021 17:30:10,-38.103,686.279,682.830,490.600,811.798,-39.083,0.399
22.11.2021 17:30:11,-38.007,686.309,682.983,491.241,811.950,-39.000,0.384
22.11.2021 17:30:12,-37.907,686.401,683.288,492.187,813.018,-38.955,0.360
22.11.2021 17:30:13,-37.809,686.828,683.227,493.194,812.988,-38.800,0.416
22.11.2021 17:30:14,-37.706,686.798,683.685,493.652,813.537,-38.781,0.359
22.11.2021 17:30:15,-37.605,687.530,683.898,494.750,813.659,-38.627,0.419
22.11.2021 17:30:16,-37.507,687.225,684.448,495.269,813.903,-38.571,0.320
22.11.2021 17:30:18,-37.404,688.629,684.326,496.185,814.300,-38.470,0.496
22.11.2021 17:30:19,-37.309,688.018,685.211,496.612,814.056,-38.383,0.324
22.11.2021 17:30:20,-37.208,688.964,685.119,497.406,814.819,-38.334,0.443
22.11.2021 17:30:21,-37.105,688.964,685.577,498.504,814.422,-38.133,0.390
22.11.2021 17:30:22,-37.005,689.239,686.309,498.596,814.880,-38.161,0.337
22.11.2021 17:30:23,-36.904,689.819,686.279,499.511,814.758,-38.013,0.407
22.11.2021 17:30:24,-36.806,689.575,686.798,500.488,815.063,-37.895,0.319
22.11.2021 17:30:25,-36.706,690.307,687.042,500.915,814.971,-37.823,0.375
22.11.2021 17:30:26,-36.598,690.216,687.713,501.831,816.009,-37.781,0.287
22.11.2021 17:30:27,-36.507,690.765,688.018,502.441,815.338,-37.629,0.315
22.11.2021 17:30:28,-36.399,691.162,688.415,503.326,815.979,-37.556,0.315
22.11.2021 17:30:29,-36.304,691.497,688.720,503.479,815.521,-37.492,0.318
22.11.2021 17:30:30,-36.208,691.101,688.354,504.791,815.887,-37.330,0.315
22.11.2021 17:30:31,-36.108,691.772,689.239,504.852,816.528,-37.380,0.290
22.11.2021 17:30:32,-36.005,692.291,689.056,505.889,815.704,-37.151,0.371
22.11.2021 17:30:33,-35.907,692.321,689.910,506.500,816.711,-37.153,0.276
22.11.2021 17:30:34,-35.806,692.749,689.758,506.774,816.406,-37.084,0.342
22.11.2021 17:30:35,-35.696,693.084,690.399,507.293,816.009,-36.971,0.307
22.11.2021 17:30:36,-35.605,693.695,690.277,507.873,816.375,-36.919,0.391
22.11.2021 17:30:37,-35.505,693.969,690.917,508.575,815.979,-36.779,0.349
22.11.2021 17:30:38,-35.402,693.908,691.314,508.880,816.528,-36.785,0.296
22.11.2021 17:30:39,-35.306,694.549,691.986,509.735,816.467,-36.653,0.293
22.11.2021 17:30:40,-35.196,694.732,692.321,509.948,816.345,-36.611,0.275
22.11.2021 17:30:41,-35.108,695.068,692.626,510.711,816.619,-36.524,0.278
22.11.2021 17:30:42,-35.005,695.373,693.176,510.925,816.680,-36.498,0.250
22.11.2021 17:30:43,-34.904,695.678,692.901,511.901,816.192,-36.310,0.316
22.11.2021 17:30:44,-34.809,696.014,693.298,512.237,816.802,-36.317,0.309
22.11.2021 17:30:45,-34.708,696.075,693.969,512.390,816.925,-36.306,0.240
22.11.2021 17:30:46,-34.608,696.685,694.152,513.244,817.138,-36.200,0.288
22.11.2021 17:30:47,-34.507,696.807,694.458,513.610,816.772,-36.113,0.267
22.11.2021 17:30:48,-34.407,696.929,694.488,514.556,817.565,-36.048,0.278
22.11.2021 17:30:49,-34.309,697.052,695.220,514.739,817.291,-35.996,0.208
22.11.2021 17:30:50,-34.208,698.364,695.526,515.258,817.321,-35.923,0.322
22.11.2021 17:30:51,-34.108,697.937,695.251,516.265,817.321,-35.776,0.305
22.11.2021 17:30:52,-34.007,698.425,696.075,515.899,817.901,-35.883,0.267
22.11.2021 17:30:53,-33.907,698.822,696.258,517.395,817.718,-35.648,0.291
22.11.2021 17:30:54,-33.809,698.974,696.411,517.395,818.054,-35.679,0.291
22.11.2021 17:30:55,-33.708,699.432,696.319,518.005,818.359,-35.618,0.353
22.11.2021 17:30:56,-33.608,699.371,697.143,518.737,817.993,-35.478,0.252
22.11.2021 17:30:57,-33.505,700.225,697.479,519.378,818.969,-35.475,0.311
22.11.2021 17:30:58,-33.407,699.798,697.692,519.989,818.847,-35.376,0.238
22.11.2021 17:30:59,-33.309,700.256,698.120,520.874,818.725,-35.236,0.242
22.11.2021 17:31:00,-33.208,700.836,698.211,521.301,819.030,-35.203,0.297
22.11.2021 17:31:01,-33.105,701.293,698.425,521.972,819.122,-35.114,0.324
22.11.2021 17:31:02,-33.007,701.477,698.822,523.132,819.396,-34.972,0.300
22.11.2021 17:31:03,-32.904,701.568,699.218,523.162,819.335,-34.962,0.265
22.11.2021 17:31:04,-32.809,701.721,699.523,523.895,819.885,-34.907,0.248
22.11.2021 17:31:05,-32.708,701.782,699.493,524.932,819.427,-34.716,0.258
22.11.2021 17:31:06,-32.608,701.965,699.859,525.390,819.396,-34.647,0.238
22.11.2021 17:31:07,-32.507,702.423,700.103,525.421,819.244,-34.629,0.262
22.11.2021 17:31:08,-32.402,702.545,700.561,525.878,819.549,-34.591,0.224
22.11.2021 17:31:09,-32.306,702.850,700.408,526.794,819.610,-34.465,0.275
22.11.2021 17:31:10,-32.208,703.063,700.347,527.252,819.488,-34.389,0.306
22.11.2021 17:31:11,-32.105,703.002,700.653,527.648,819.549,-34.337,0.265
22.11.2021 17:31:12,-32.005,703.277,700.897,528.472,819.366,-34.203,0.268
22.11.2021 17:31:13,-31.902,703.948,701.446,528.991,819.244,-34.117,0.282
22.11.2021 17:31:14,-31.809,703.857,701.507,529.663,819.152,-34.013,0.264
22.11.2021 17:31:15,-31.701,703.796,702.148,530.487,819.488,-33.926,0.185
22.11.2021 17:31:16,-31.605,704.010,702.331,530.883,819.000,-33.825,0.189
22.11.2021 17:31:17,-31.502,704.010,701.965,531.921,818.908,-33.669,0.230
22.11.2021 17:31:18,-31.404,703.735,702.301,532.501,818.969,-33.592,0.161
22.11.2021 17:31:19,-31.296,703.948,702.758,533.508,818.847,-33.438,0.134
22.11.2021 17:31:20,-31.208,704.193,702.270,533.874,818.206,-33.326,0.216
22.11.2021 17:31:21,-31.105,703.796,702.423,534.484,818.237,-33.243,0.154
22.11.2021 17:31:22,-31.007,704.376,703.094,535.308,818.725,-33.171,0.144
22.11.2021 17:31:23,-30.899,704.498,702.697,535.797,818.389,-33.071,0.202
22.11.2021 17:31:24,-30.801,704.132,702.972,536.193,818.145,-32.992,0.130
22.11.2021 17:31:25,-30.703,704.620,702.606,537.200,818.206,-32.856,0.226
22.11.2021 17:31:26,-30.593,704.650,702.362,538.146,817.474,-32.654,0.257
22.11.2021 17:31:27,-30.505,704.559,703.399,538.299,817.749,-32.658,0.130
22.11.2021 17:31:28,-30.394,705.017,702.789,539.611,817.810,-32.479,0.250
22.11.2021 17:31:29,-30.294,704.650,703.002,539.886,817.077,-32.372,0.185
22.11.2021 17:31:30,-30.208,704.986,703.094,540.771,817.169,-32.257,0.212
22.11.2021 17:31:31,-30.108,704.681,702.972,541.076,816.650,-32.165,0.192
22.11.2021 17:31:32,-29.995,705.322,703.033,541.656,816.802,-32.098,0.257
22.11.2021 17:31:33,-29.907,705.169,703.186,542.877,816.680,-31.916,0.223
22.11.2021 17:31:34,-29.806,705.322,703.521,543.457,816.467,-31.815,0.202
22.11.2021 17:31:35,-29.703,705.566,703.155,544.433,816.162,-31.650,0.271
22.11.2021 17:31:36,-29.603,705.505,703.826,544.860,815.917,-31.567,0.188
22.11.2021 17:31:37,-29.505,705.535,703.735,545.593,815.521,-31.428,0.202
22.11.2021 17:31:38,-29.407,705.200,703.948,545.959,816.101,-31.431,0.140
22.11.2021 17:31:39,-29.304,705.810,704.040,546.997,816.040,-31.281,0.198
22.11.2021 17:31:40,-29.203,705.444,703.887,547.271,816.009,-31.240,0.175
22.11.2021 17:31:41,-29.100,705.749,704.345,548.278,816.040,-31.103,0.157
22.11.2021 17:31:42,-29.007,706.237,703.979,548.889,815.521,-30.969,0.253
22.11.2021 17:31:43,-28.902,705.230,704.040,549.194,816.345,-31.004,0.133
22.11.2021 17:31:44,-28.806,705.413,703.582,549.743,815.460,-30.845,0.205
22.11.2021 17:31:45,-28.706,705.352,703.826,550.231,815.124,-30.746,0.171
22.11.2021 17:31:46,-28.600,705.474,703.796,550.476,815.673,-30.763,0.188
22.11.2021 17:31:47,-28.505,705.718,703.765,552.154,815.307,-30.497,0.219
22.11.2021 17:31:48,-28.402,705.596,703.948,551.940,815.551,-30.549,0.185
22.11.2021 17:31:49,-28.306,705.749,703.887,552.368,816.009,-30.533,0.209
22.11.2021 17:31:50,-28.206,705.505,704.254,553.436,815.521,-30.340,0.140
22.11.2021 17:31:51,-28.108,705.841,704.162,553.894,815.399,-30.265,0.188
22.11.2021 17:31:52,-28.002,705.535,704.223,554.870,815.368,-30.128,0.147
22.11.2021 17:31:53,-27.904,705.718,704.284,555.725,815.338,-30.008,0.161
22.11.2021 17:31:54,-27.806,705.993,703.918,556.243,815.521,-29.954,0.233
22.11.2021 17:31:55,-27.708,705.871,704.559,557.189,816.162,-29.884,0.147
22.11.2021 17:31:56,-27.603,705.780,704.406,558.105,815.917,-29.735,0.154
22.11.2021 17:31:57,-27.507,706.176,704.772,558.563,815.795,-29.661,0.157
22.11.2021 17:31:58,-27.404,705.535,704.406,559.661,815.887,-29.520,0.126
22.11.2021 17:31:59,-27.309,705.780,704.467,560.516,815.979,-29.411,0.147
22.11.2021 17:32:00,-27.206,705.932,704.650,561.340,816.589,-29.356,0.144
22.11.2021 17:32:01,-27.108,705.841,704.162,562.438,816.375,-29.187,0.188
22.11.2021 17:32:02,-27.005,705.688,704.833,563.171,816.131,-29.064,0.096
22.11.2021 17:32:04,-26.904,705.932,704.162,564.208,816.284,-28.937,0.198
22.11.2021 17:32:05,-26.806,705.657,704.406,564.483,816.436,-28.914,0.140
22.11.2021 17:32:06,-26.706,705.871,704.406,565.429,816.528,-28.795,0.164
22.11.2021 17:32:07,-26.600,705.932,704.193,566.589,816.864,-28.669,0.195
22.11.2021 17:32:08,-26.505,706.329,704.254,567.260,816.375,-28.533,0.233
22.11.2021 17:32:09,-26.397,705.963,704.223,568.115,816.406,-28.420,0.195
22.11.2021 17:32:10,-26.306,705.841,704.986,568.634,816.375,-28.347,0.095
22.11.2021 17:32:11,-26.201,706.085,704.437,569.885,816.711,-28.210,0.185
22.11.2021 17:32:12,-26.105,706.115,704.406,570.800,816.314,-28.050,0.192
22.11.2021 17:32:13,-26.000,706.176,704.711,571.899,816.162,-27.888,0.164
22.11.2021 17:32:14,-25.907,705.749,704.956,572.296,816.223,-27.840,0.089
22.11.2021 17:32:15,-25.806,706.207,704.528,573.638,816.040,-27.643,0.188
22.11.2021 17:32:16,-25.706,705.963,704.681,574.188,815.704,-27.538,0.143
22.11.2021 17:32:17,-25.603,706.481,705.230,575.622,816.070,-27.380,0.140
22.11.2021 17:32:18,-25.505,706.604,704.742,576.232,815.979,-27.290,0.209
22.11.2021 17:32:19,-25.404,706.451,704.864,577.484,815.460,-27.075,0.178
22.11.2021 17:32:20,-25.306,706.573,704.925,578.674,815.795,-26.948,0.185
22.11.2021 17:32:21,-25.208,706.085,704.895,579.345,815.643,-26.844,0.133
22.11.2021 17:32:22,-25.103,706.329,705.047,580.200,815.338,-26.702,0.143
22.11.2021 17:32:23,-25.005,706.024,704.711,581.665,815.063,-26.482,0.147
22.11.2021 17:32:24,-24.907,705.596,704.559,582.244,815.277,-26.425,0.116
22.11.2021 17:32:25,-24.809,706.054,704.467,583.465,814.605,-26.200,0.178
22.11.2021 17:32:26,-24.701,705.810,704.864,584.289,815.063,-26.135,0.106
22.11.2021 17:32:27,-24.608,706.237,704.589,585.540,814.483,-25.915,0.185
22.11.2021 17:32:28,-24.507,705.993,704.803,586.212,814.514,-25.830,0.133
22.11.2021 17:32:29,-24.404,706.237,704.315,586.914,814.361,-25.723,0.216
22.11.2021 17:32:30,-24.304,705.963,704.498,588.317,813.842,-25.489,0.164
22.11.2021 17:32:31,-24.201,705.993,704.528,589.660,813.690,-25.299,0.164
22.11.2021 17:32:32,-24.105,706.298,704.864,590.362,813.751,-25.213,0.161
22.11.2021 17:32:33,-24.005,705.902,704.864,591.217,813.995,-25.124,0.116
22.11.2021 17:32:34,-23.904,706.115,704.650,592.620,813.690,-24.912,0.164
22.11.2021 17:32:35,-23.809,706.115,704.833,593.322,813.537,-24.806,0.143
22.11.2021 17:32:36,-23.708,706.115,704.620,594.207,813.232,-24.662,0.167
22.11.2021 17:32:37,-23.605,705.993,704.376,595.428,812.713,-24.454,0.181
22.11.2021 17:32:38,-23.507,705.657,704.620,595.886,812.957,-24.418,0.116
22.11.2021 17:32:39,-23.407,705.963,704.498,597.290,812.316,-24.174,0.164
22.11.2021 17:32:40,-23.309,705.871,704.589,597.534,812.835,-24.192,0.144
22.11.2021 17:32:41,-23.206,705.474,704.559,598.907,812.591,-23.991,0.102
22.11.2021 17:32:42,-23.105,705.627,704.589,599.273,812.072,-23.894,0.116
22.11.2021 17:32:43,-23.005,705.993,704.376,600.311,812.194,-23.772,0.181
22.11.2021 17:32:44,-22.907,705.749,704.040,601.501,811.523,-23.555,0.192
22.11.2021 17:32:45,-22.804,705.352,704.315,602.386,811.676,-23.455,0.116
22.11.2021 17:32:46,-22.706,705.169,704.315,602.813,811.309,-23.365,0.096
22.11.2021 17:32:47,-22.605,705.322,703.918,603.607,811.248,-23.258,0.157
22.11.2021 17:32:48,-22.505,705.169,703.979,604.766,810.821,-23.068,0.133
22.11.2021 17:32:49,-22.404,705.047,704.223,605.529,811.248,-23.011,0.092
22.11.2021 17:32:50,-22.306,705.108,703.674,606.201,811.035,-22.905,0.161
22.11.2021 17:32:51,-22.206,705.169,703.765,607.360,810.852,-22.739,0.157
22.11.2021 17:32:52,-22.108,704.406,704.162,608.062,810.577,-22.623,0.027
22.11.2021 17:32:53,-22.002,705.108,703.399,608.398,810.180,-22.542,0.192
22.11.2021 17:32:54,-21.902,705.078,703.796,609.375,810.089,-22.409,0.144
22.11.2021 17:32:55,-21.806,704.864,703.399,610.321,809.570,-22.238,0.164
22.11.2021 17:32:56,-21.701,704.498,703.338,610.961,809.234,-22.125,0.130
22.11.2021 17:32:57,-21.605,704.528,703.308,612.152,809.082,-21.959,0.137
22.11.2021 17:32:58,-21.500,704.437,703.430,613.433,808.776,-21.767,0.113
22.11.2021 17:32:59,-21.402,704.040,703.704,614.562,809.143,-21.659,0.037
22.11.2021 17:33:00,-21.304,704.376,702.880,615.203,808.929,-21.557,0.168
22.11.2021 17:33:01,-21.203,704.132,703.430,616.241,808.380,-21.374,0.079
22.11.2021 17:33:02,-21.100,704.284,703.338,617.431,808.563,-21.241,0.106
22.11.2021 17:33:03,-21.002,703.765,703.338,618.133,807.922,-21.091,0.048
22.11.2021 17:33:04,-20.897,703.918,702.728,619.354,807.861,-20.931,0.134
22.11.2021 17:33:05,-20.806,703.338,703.125,620.544,807.678,-20.764,0.024
22.11.2021 17:33:06,-20.708,703.735,702.789,620.971,807.556,-20.699,0.106
22.11.2021 17:33:07,-20.605,703.887,702.423,622.375,807.586,-20.526,0.165
22.11.2021 17:33:08,-20.500,703.460,702.758,623.107,807.067,-20.384,0.079
22.11.2021 17:33:10,-20.394,703.277,702.575,623.840,807.006,-20.287,0.079
22.11.2021 17:33:12,-20.296,702.972,702.392,624.877,806.732,-20.131,0.065
22.11.2021 17:33:14,-20.196,703.277,702.484,625.610,806.640,-20.031,0.089
22.11.2021 17:33:15,-20.098,703.491,702.606,626.708,805.938,-19.826,0.099
22.11.2021 17:33:16,-19.992,703.033,702.178,627.655,805.877,-19.702,0.096
22.11.2021 17:33:17,-19.897,702.850,701.873,628.509,805.572,-19.567,0.110
22.11.2021 17:33:18,-19.799,703.125,701.934,629.150,805.419,-19.472,0.134
22.11.2021 17:33:19,-19.693,702.880,701.629,630.340,804.412,-19.227,0.141
22.11.2021 17:33:20,-19.608,702.728,701.812,630.859,804.504,-19.172,0.103
22.11.2021 17:33:21,-19.495,702.728,702.026,632.293,803.619,-18.908,0.079
22.11.2021 17:33:22,-19.404,702.148,701.751,632.904,803.131,-18.785,0.044
22.11.2021 17:33:23,-19.306,702.484,701.202,634.246,802.856,-18.593,0.144
22.11.2021 17:33:24,-19.206,702.392,701.629,634.429,802.459,-18.532,0.086
22.11.2021 17:33:25,-19.105,702.423,701.049,635.803,801.788,-18.298,0.155
22.11.2021 17:33:26,-19.005,701.660,701.293,636.505,801.025,-18.137,0.041
22.11.2021 17:33:27,-18.907,701.660,701.171,637.390,800.567,-17.983,0.055
22.11.2021 17:33:28,-18.809,701.324,700.775,638.671,799.896,-17.761,0.062
22.11.2021 17:33:29,-18.703,701.232,701.507,639.160,799.255,-17.638,-0.031
22.11.2021 17:33:30,-18.605,701.202,700.073,640.411,798.583,-17.419,0.127
22.11.2021 17:33:31,-18.502,700.805,700.866,641.296,798.583,-17.311,-0.006
22.11.2021 17:33:32,-18.407,700.714,700.531,641.876,797.851,-17.169,0.020
22.11.2021 17:33:33,-18.304,700.561,700.408,642.913,797.363,-16.994,0.017
22.11.2021 17:33:34,-18.206,700.500,700.317,643.707,796.691,-16.831,0.020
22.11.2021 17:33:35,-18.105,700.714,699.737,645.202,796.142,-16.596,0.110
22.11.2021 17:33:36,-17.997,700.286,699.340,645.294,795.227,-16.494,0.107
22.11.2021 17:33:37,-17.904,700.012,699.310,645.812,794.830,-16.392,0.079
22.11.2021 17:33:38,-17.801,699.707,699.249,646.423,794.708,-16.306,0.051
22.11.2021 17:33:39,-17.706,699.218,699.096,647.216,794.525,-16.192,0.013
22.11.2021 17:33:40,-17.598,699.310,699.066,647.766,793.548,-16.029,0.027
22.11.2021 17:33:41,-17.502,698.883,698.425,648.468,793.670,-15.956,0.051
22.11.2021 17:33:42,-17.407,698.455,698.608,648.986,792.816,-15.809,-0.017
22.11.2021 17:33:43,-17.306,698.394,698.028,649.536,792.358,-15.697,0.041
22.11.2021 17:33:44,-17.206,698.699,697.570,649.597,791.717,-15.626,0.128
22.11.2021 17:33:45,-17.100,698.181,697.784,650.177,791.656,-15.550,0.045
22.11.2021 17:33:46,-17.007,698.394,697.326,651.885,791.229,-15.302,0.121
22.11.2021 17:33:47,-16.907,698.333,697.082,651.092,791.107,-15.385,0.142
22.11.2021 17:33:48,-16.806,698.089,696.960,652.008,790.557,-15.220,0.128
22.11.2021 17:33:50,-16.708,697.875,697.021,652.832,789.703,-15.036,0.097
22.11.2021 17:33:51,-16.608,697.845,696.777,652.893,789.611,-15.020,0.121
22.11.2021 17:33:52,-16.505,697.479,696.807,653.747,788.909,-14.847,0.076
22.11.2021 17:33:53,-16.407,697.601,696.655,653.839,788.726,-14.818,0.107
22.11.2021 17:33:54,-16.309,696.624,696.350,654.724,788.513,-14.691,0.031
22.11.2021 17:33:55,-16.203,696.624,696.075,655.334,787.872,-14.553,0.062
22.11.2021 17:33:56,-16.103,696.777,695.465,655.761,787.170,-14.432,0.149
22.11.2021 17:33:57,-16.007,696.472,695.556,656.066,786.712,-14.350,0.104
22.11.2021 17:33:58,-15.897,696.075,695.434,657.135,786.437,-14.195,0.072
22.11.2021 17:33:59,-15.806,695.831,694.976,657.165,785.675,-14.115,0.097
22.11.2021 17:34:00,-15.708,695.281,694.976,657.836,785.980,-14.065,0.034
22.11.2021 17:34:01,-15.608,695.312,694.030,658.935,785.095,-13.845,0.146
22.11.2021 17:34:02,-15.502,694.671,694.213,658.935,784.851,-13.821,0.052
22.11.2021 17:34:03,-15.404,695.098,694.030,659.393,783.905,-13.671,0.121
22.11.2021 17:34:04,-15.301,694.763,693.939,660.125,783.538,-13.547,0.094
22.11.2021 17:34:05,-15.206,694.152,693.389,660.736,782.775,-13.398,0.087
22.11.2021 17:34:06,-15.108,694.061,693.420,661.224,782.104,-13.272,0.073
22.11.2021 17:34:07,-15.007,693.939,693.237,661.682,781.585,-13.166,0.080
22.11.2021 17:34:08,-14.892,693.878,692.779,662.445,781.219,-13.038,0.125
22.11.2021 17:34:09,-14.806,693.542,692.657,663.146,780.670,-12.899,0.101
22.11.2021 17:34:10,-14.708,693.328,692.230,663.909,780.090,-12.750,0.125
22.11.2021 17:34:11,-14.608,693.237,692.199,664.031,779.052,-12.631,0.118
22.11.2021 17:34:12,-14.505,693.328,692.169,664.642,779.449,-12.599,0.132
22.11.2021 17:34:13,-14.407,692.718,691.497,665.283,778.289,-12.406,0.139
22.11.2021 17:34:14,-14.304,692.474,691.497,665.985,778.198,-12.313,0.111
22.11.2021 17:34:15,-14.208,692.260,691.101,666.748,777.221,-12.124,0.132
22.11.2021 17:34:16,-14.108,691.528,691.314,666.717,777.130,-12.119,0.024
22.11.2021 17:34:17,-14.005,691.406,690.338,667.205,776.092,-11.956,0.122
22.11.2021 17:34:18,-13.902,691.131,690.368,667.816,775.909,-11.865,0.087
22.11.2021 17:34:19,-13.809,691.070,689.910,668.029,775.329,-11.781,0.133
22.11.2021 17:34:20,-13.706,690.734,689.971,668.884,775.024,-11.649,0.087
22.11.2021 17:34:21,-13.608,690.338,689.605,668.792,774.505,-11.607,0.084
22.11.2021 17:34:22,-13.507,689.758,688.812,669.250,773.284,-11.429,0.108
22.11.2021 17:34:23,-13.404,689.636,688.934,669.860,773.071,-11.335,0.080
22.11.2021 17:34:24,-13.301,689.300,688.323,670.043,771.911,-11.195,0.112
22.11.2021 17:34:25,-13.208,688.842,688.476,670.379,771.514,-11.115,0.042
22.11.2021 17:34:26,-13.103,689.117,687.957,671.020,770.843,-10.971,0.133
22.11.2021 17:34:27,-13.002,688.659,687.774,670.928,770.263,-10.923,0.101
22.11.2021 17:34:28,-12.907,688.385,687.561,671.997,769.073,-10.675,0.094
22.11.2021 17:34:29,-12.801,687.866,687.316,672.058,768.188,-10.577,0.063
22.11.2021 17:34:30,-12.708,687.347,687.011,672.607,768.157,-10.510,0.038
22.11.2021 17:34:31,-12.600,687.561,686.523,673.583,767.120,-10.289,0.119
22.11.2021 17:34:32,-12.507,686.431,686.309,673.309,766.418,-10.249,0.014
22.11.2021 17:34:33,-12.407,686.889,686.279,674.102,766.174,-10.130,0.070
22.11.2021 17:34:34,-12.301,685.913,685.821,674.346,764.678,-9.948,0.010
22.11.2021 17:34:35,-12.208,686.157,685.241,674.530,765.045,-9.964,0.105
22.11.2021 17:34:36,-12.103,685.791,685.028,675.262,763.946,-9.765,0.088
22.11.2021 17:34:37,-12.005,686.065,685.241,675.231,763.366,-9.709,0.095
22.11.2021 17:34:38,-11.907,685.638,684.234,675.598,762.329,-9.558,0.162
22.11.2021 17:34:39,-11.801,685.150,684.295,676.055,761.688,-9.439,0.098
22.11.2021 17:34:40,-11.708,685.028,684.326,676.513,761.077,-9.322,0.081
22.11.2021 17:34:41,-11.608,684.814,683.746,676.635,760.620,-9.260,0.123
22.11.2021 17:34:42,-11.502,684.753,683.715,677.062,760.192,-9.166,0.120
22.11.2021 17:34:43,-11.407,684.082,683.563,677.429,759.368,-9.037,0.060
22.11.2021 17:34:44,-11.296,683.746,683.074,677.429,758.636,-8.961,0.077
22.11.2021 17:34:45,-11.206,683.410,682.861,677.093,758.026,-8.937,0.063
22.11.2021 17:34:46,-11.103,683.227,682.495,677.551,757.507,-8.829,0.084
22.11.2021 17:34:47,-11.007,682.617,682.220,677.490,757.293,-8.814,0.046
22.11.2021 17:34:48,-10.899,682.373,681.823,678.070,756.713,-8.686,0.063
22.11.2021 17:34:49,-10.799,682.159,681.365,677.947,756.317,-8.659,0.092
22.11.2021 17:34:50,-10.698,681.854,680.938,678.192,756.347,-8.634,0.106
22.11.2021 17:34:51,-10.608,681.823,681.121,678.161,755.645,-8.564,0.081
22.11.2021 17:34:52,-10.502,681.335,680.664,678.222,755.035,-8.493,0.078
22.11.2021 17:34:53,-10.407,681.091,680.114,678.497,754.425,-8.397,0.113
22.11.2021 17:34:54,-10.304,681.182,680.114,678.710,754.119,-8.340,0.124
22.11.2021 17:34:55,-10.196,680.358,679.565,679.260,753.387,-8.199,0.092
22.11.2021 17:34:56,-10.093,680.725,679.626,679.107,753.295,-8.208,0.127
22.11.2021 17:34:57,-10.002,680.145,679.595,679.656,752.502,-8.060,0.064
22.11.2021 17:34:58,-9.897,679.931,679.229,679.809,752.349,-8.027,0.081
22.11.2021 17:34:59,-9.794,679.626,678.710,680.114,751.861,-7.940,0.106
22.11.2021 17:35:00,-9.698,679.260,678.466,680.267,751.617,-7.896,0.092
22.11.2021 17:35:01,-9.600,679.046,677.764,680.297,750.823,-7.809,0.149
22.11.2021 17:35:02,-9.495,678.771,677.764,680.633,750.213,-7.706,0.117
22.11.2021 17:35:03,-9.394,678.283,677.734,680.908,749.420,-7.591,0.064
22.11.2021 17:35:04,-9.309,677.825,677.124,681.549,748.809,-7.452,0.082
22.11.2021 17:35:05,-9.198,677.612,676.971,681.549,748.657,-7.436,0.074
22.11.2021 17:35:06,-9.108,677.337,676.452,681.884,747.680,-7.293,0.103
22.11.2021 17:35:07,-9.007,677.154,676.300,682.220,747.253,-7.209,0.100
22.11.2021 17:35:08,-8.899,676.666,675.903,682.647,746.582,-7.089,0.089
22.11.2021 17:35:09,-8.801,676.391,675.598,682.769,745.513,-6.961,0.093
22.11.2021 17:35:10,-8.706,677.062,675.354,683.807,744.659,-6.751,0.200
22.11.2021 17:35:11,-8.605,676.513,675.567,683.593,743.682,-6.672,0.110
22.11.2021 17:35:12,-8.502,676.239,675.476,683.990,743.469,-6.603,0.089
22.11.2021 17:35:13,-8.407,675.567,675.109,683.715,743.041,-6.589,0.053
22.11.2021 17:35:14,-8.299,675.598,675.231,684.631,742.187,-6.392,0.042
22.11.2021 17:35:15,-8.203,675.323,674.560,684.631,742.340,-6.409,0.089
22.11.2021 17:35:16,-8.103,675.354,674.438,684.967,741.577,-6.288,0.107
22.11.2021 17:35:17,-8.002,674.530,674.285,685.577,740.936,-6.150,0.028
22.11.2021 17:35:18,-7.904,674.499,674.102,685.241,741.027,-6.198,0.046
22.11.2021 17:35:19,-7.801,674.468,673.889,685.485,740.264,-6.088,0.068
22.11.2021 17:35:20,-7.708,674.346,673.583,685.302,739.837,-6.064,0.089
22.11.2021 17:35:21,-7.608,673.950,673.583,685.913,739.471,-5.954,0.043
22.11.2021 17:35:22,-7.497,673.614,673.675,686.096,738.494,-5.829,-0.007
22.11.2021 17:35:23,-7.407,673.492,673.004,686.462,738.067,-5.741,0.057
22.11.2021 17:35:24,-7.299,673.736,672.973,686.767,737.579,-5.653,0.089
22.11.2021 17:35:25,-7.206,673.461,673.156,686.645,737.091,-5.615,0.035
22.11.2021 17:35:26,-7.105,673.187,672.515,687.103,737.182,-5.572,0.079
22.11.2021 17:35:27,-7.002,673.217,672.271,687.713,736.389,-5.416,0.111
22.11.2021 17:35:28,-6.904,672.485,672.363,687.561,735.961,-5.388,0.014
22.11.2021 17:35:29,-6.801,672.790,671.966,688.537,735.534,-5.230,0.097
22.11.2021 17:35:30,-6.708,672.027,671.783,688.537,735.046,-5.177,0.028
22.11.2021 17:35:31,-6.603,671.752,671.386,688.598,734.558,-5.117,0.043
22.11.2021 17:35:32,-6.502,671.508,671.691,688.781,733.856,-5.021,-0.021
22.11.2021 17:35:33,-6.407,671.539,671.112,688.964,733.215,-4.930,0.050
22.11.2021 17:35:35,-6.301,671.203,671.142,689.727,732.482,-4.764,0.007
22.11.2021 17:35:36,-6.206,671.661,670.928,689.544,732.086,-4.742,0.086
22.11.2021 17:35:37,-6.098,671.386,670.684,690.185,731.231,-4.576,0.082
22.11.2021 17:35:38,-6.002,670.928,670.684,690.063,731.048,-4.570,0.028
22.11.2021 17:35:39,-5.902,670.806,669.921,690.643,730.041,-4.394,0.104
22.11.2021 17:35:40,-5.801,670.745,670.104,690.582,729.431,-4.335,0.075
22.11.2021 17:35:41,-5.708,670.959,669.982,691.253,728.668,-4.175,0.115
22.11.2021 17:35:42,-5.600,670.715,669.921,690.826,728.057,-4.158,0.093
22.11.2021 17:35:43,-5.507,671.020,669.586,691.528,728.118,-4.084,0.169
22.11.2021 17:35:44,-5.402,670.532,670.074,691.986,727.233,-3.935,0.054
22.11.2021 17:35:45,-5.304,670.440,669.799,691.650,726.959,-3.944,0.075
22.11.2021 17:35:46,-5.201,670.410,669.555,692.199,726.104,-3.788,0.101
22.11.2021 17:35:47,-5.105,670.013,669.525,691.925,726.043,-3.813,0.057
22.11.2021 17:35:48,-5.002,670.288,668.975,692.382,725.402,-3.690,0.155
22.11.2021 17:35:49,-4.902,669.708,669.219,692.382,724.761,-3.620,0.057
22.11.2021 17:35:50,-4.806,669.616,669.158,692.443,724.121,-3.543,0.054
22.11.2021 17:35:51,-4.708,669.555,669.036,692.352,724.182,-3.561,0.061
22.11.2021 17:35:52,-4.605,670.013,669.097,693.328,724.243,-3.456,0.108
22.11.2021 17:35:53,-4.505,669.403,669.097,692.993,723.419,-3.404,0.036
22.11.2021 17:35:54,-4.394,669.738,668.457,693.206,722.808,-3.313,0.151
22.11.2021 17:35:55,-4.306,669.189,669.097,693.695,722.656,-3.240,0.010
22.11.2021 17:35:56,-4.208,669.525,668.579,693.908,722.503,-3.199,0.112
22.11.2021 17:35:57,-4.105,669.342,668.792,693.511,722.076,-3.197,0.065
22.11.2021 17:35:58,-4.007,669.097,668.334,693.939,722.076,-3.149,0.090
22.11.2021 17:35:59,-3.902,668.792,667.968,694.061,721.557,-3.078,0.097
22.11.2021 17:36:00,-3.806,669.158,668.640,694.488,721.527,-3.026,0.061
22.11.2021 17:36:01,-3.708,668.792,667.785,694.671,720.642,-2.908,0.119
22.11.2021 17:36:02,-3.603,668.701,668.090,694.732,720.611,-2.897,0.072
22.11.2021 17:36:03,-3.505,668.884,667.877,695.434,720.184,-2.770,0.119
22.11.2021 17:36:04,-3.404,668.457,667.999,695.434,719.635,-2.710,0.054
22.11.2021 17:36:05,-3.304,668.151,667.510,696.228,718.902,-2.539,0.076
22.11.2021 17:36:06,-3.203,667.938,667.846,696.105,718.688,-2.529,0.010
22.11.2021 17:36:07,-3.105,668.457,667.236,696.716,718.200,-2.406,0.144
22.11.2021 17:36:08,-3.005,667.694,667.358,697.174,718.200,-2.354,0.039
22.11.2021 17:36:09,-2.897,667.968,667.663,697.387,717.773,-2.282,0.036
22.11.2021 17:36:10,-2.806,667.938,667.480,697.601,717.437,-2.221,0.054
22.11.2021 17:36:11,-2.703,667.907,667.358,698.547,716.278,-1.986,0.065
22.11.2021 17:36:12,-2.600,668.151,667.755,699.127,716.186,-1.910,0.047
22.11.2021 17:36:13,-2.505,667.816,667.205,699.462,715.911,-1.841,0.072
22.11.2021 17:36:14,-2.404,667.480,667.724,699.707,715.759,-1.797,-0.028
22.11.2021 17:36:15,-2.306,668.273,667.236,700.042,714.904,-1.664,0.123
22.11.2021 17:36:16,-2.198,668.060,667.236,700.653,714.508,-1.551,0.097
22.11.2021 17:36:17,-2.108,668.090,667.114,700.317,714.843,-1.626,0.115
22.11.2021 17:36:18,-1.997,667.724,666.900,701.080,713.775,-1.422,0.097
22.11.2021 17:36:19,-1.902,667.510,666.961,701.568,713.867,-1.377,0.065
22.11.2021 17:36:20,-1.809,668.090,666.778,702.331,713.470,-1.246,0.155
22.11.2021 17:36:21,-1.703,667.968,666.900,701.629,713.317,-1.309,0.126
22.11.2021 17:36:22,-1.605,668.273,666.625,702.453,712.493,-1.124,0.195
22.11.2021 17:36:23,-1.507,667.968,667.022,702.423,712.371,-1.114,0.112
22.11.2021 17:36:24,-1.407,668.121,666.992,703.033,712.341,-1.042,0.134
22.11.2021 17:36:25,-1.304,667.755,666.931,703.186,711.700,-0.953,0.097
22.11.2021 17:36:26,-1.206,667.877,666.778,702.911,711.730,-0.988,0.130
22.11.2021 17:36:27,-1.105,668.060,667.205,703.765,710.968,-0.806,0.101
22.11.2021 17:36:28,-1.007,668.121,666.717,703.643,711.303,-0.857,0.166
22.11.2021 17:36:29,-0.904,667.816,667.266,704.254,710.601,-0.711,0.065
22.11.2021 17:36:30,-0.799,667.816,666.931,704.223,710.357,-0.687,0.105
22.11.2021 17:36:31,-0.708,668.029,666.809,704.711,710.144,-0.608,0.144
22.11.2021 17:36:32,-0.600,667.907,666.900,704.589,709.167,-0.513,0.119
22.11.2021 17:36:33,-0.500,668.182,666.931,705.688,709.320,-0.406,0.148
22.11.2021 17:36:34,-0.404,668.121,667.297,705.718,708.953,-0.362,0.097
22.11.2021 17:36:35,-0.301,668.273,666.809,706.512,708.923,-0.269,0.173
22.11.2021 17:36:36,-0.206,668.182,667.449,706.237,708.221,-0.222,0.086
22.11.2021 17:36:37,-0.098,668.121,666.778,707.305,707.794,-0.054,0.159
22.11.2021 17:36:38,0.000,668.060,667.205,707.214,707.244,-0.003,0.101
22.11.2021 17:36:39,0.108,667.877,667.175,708.038,706.878,0.129,0.083
22.11.2021 17:36:41,0.201,667.785,666.809,708.129,706.268,0.208,0.115
22.11.2021 17:36:43,0.302,668.212,667.053,708.679,706.176,0.280,0.137
22.11.2021 17:36:44,0.402,668.029,667.236,708.343,705.261,0.345,0.094
22.11.2021 17:36:45,0.505,667.877,666.992,708.984,704.833,0.465,0.105
22.11.2021 17:36:46,0.608,667.480,666.961,709.716,704.345,0.601,0.061
22.11.2021 17:36:47,0.696,667.816,667.358,709.991,704.681,0.594,0.054
22.11.2021 17:36:48,0.804,668.243,667.053,710.784,703.735,0.789,0.141
22.11.2021 17:36:49,0.902,668.182,667.205,710.784,703.247,0.844,0.115
22.11.2021 17:36:50,1.008,667.846,668.060,712.005,703.430,0.960,-0.025
22.11.2021 17:36:51,1.098,667.755,668.090,712.036,703.247,0.984,-0.039
22.11.2021 17:36:52,1.191,668.701,668.121,712.890,702.453,1.168,0.068
22.11.2021 17:36:53,1.294,668.060,667.877,712.066,702.270,1.097,0.021
22.11.2021 17:36:54,1.402,668.243,667.755,712.371,701.995,1.162,0.057
22.11.2021 17:36:55,1.493,668.579,667.541,712.677,701.904,1.206,0.123
22.11.2021 17:36:56,1.601,668.518,667.663,713.073,701.354,1.313,0.101
22.11.2021 17:36:57,1.694,668.640,667.785,713.592,701.049,1.405,0.101
22.11.2021 17:36:58,1.792,668.792,667.785,713.500,701.385,1.357,0.119
22.11.2021 17:36:59,1.900,669.219,667.999,714.111,701.080,1.459,0.144
22.11.2021 17:37:00,1.995,669.342,667.968,714.324,701.019,1.489,0.162
22.11.2021 17:37:01,2.098,669.006,668.487,714.752,700.958,1.544,0.061
22.11.2021 17:37:02,2.206,669.525,668.273,715.209,699.859,1.719,0.148
22.11.2021 17:37:03,2.302,668.975,668.670,715.576,700.195,1.721,0.036
22.11.2021 17:37:04,2.395,669.281,668.395,716.613,699.737,1.888,0.104
22.11.2021 17:37:05,2.493,669.219,668.670,716.674,699.859,1.881,0.065
22.11.2021 17:37:06,2.606,669.616,668.762,716.796,699.432,1.943,0.101
22.11.2021 17:37:07,2.696,669.677,669.036,717.681,699.432,2.040,0.075
22.11.2021 17:37:08,2.794,669.860,668.487,717.651,698.760,2.113,0.162
22.11.2021 17:37:09,2.895,669.555,668.640,718.444,699.188,2.152,0.108
22.11.2021 17:37:10,3.005,669.891,668.243,718.505,698.638,2.221,0.195
22.11.2021 17:37:11,3.103,669.647,668.762,718.933,698.333,2.303,0.104
22.11.2021 17:37:12,3.191,670.074,668.548,719.879,697.784,2.469,0.180
22.11.2021 17:37:13,3.302,670.196,668.579,719.909,697.540,2.501,0.191
22.11.2021 17:37:14,3.400,670.684,669.525,721.710,697.479,2.705,0.137
22.11.2021 17:37:15,3.500,670.410,669.250,721.893,697.021,2.777,0.137
22.11.2021 17:37:16,3.601,671.051,669.738,722.412,696.685,2.873,0.155
22.11.2021 17:37:17,3.706,670.806,670.166,723.205,695.800,3.060,0.075
22.11.2021 17:37:18,3.802,671.203,669.921,723.419,696.289,3.028,0.151
22.11.2021 17:37:19,3.902,671.234,670.013,724.426,695.068,3.277,0.144
22.11.2021 17:37:21,4.005,671.447,669.647,724.456,694.732,3.319,0.212
22.11.2021 17:37:22,4.101,671.295,669.494,725.250,694.305,3.454,0.212
22.11.2021 17:37:23,4.199,671.569,670.288,725.860,694.335,3.517,0.151
22.11.2021 17:37:24,4.297,671.966,669.860,725.921,693.756,3.590,0.248
22.11.2021 17:37:25,4.392,671.875,670.227,726.654,693.267,3.726,0.194
22.11.2021 17:37:26,4.503,672.302,670.288,727.508,692.749,3.878,0.237
22.11.2021 17:37:27,4.598,671.936,670.196,727.600,692.657,3.899,0.205
22.11.2021 17:37:28,4.701,672.332,671.081,728.210,691.925,4.049,0.147
22.11.2021 17:37:29,4.799,672.210,671.051,728.668,692.260,4.060,0.136
22.11.2021 17:37:30,4.905,672.546,671.203,728.881,691.436,4.178,0.158
22.11.2021 17:37:31,4.998,672.302,671.386,728.515,691.345,4.148,0.107
22.11.2021 17:37:32,5.098,672.760,671.264,729.583,690.155,4.401,0.176
22.11.2021 17:37:33,5.204,672.821,671.783,729.949,690.673,4.381,0.122
22.11.2021 17:37:34,5.294,673.370,671.508,730.377,689.849,4.522,0.219
22.11.2021 17:37:35,5.405,673.187,671.661,730.529,689.941,4.528,0.179
22.11.2021 17:37:36,5.503,673.461,671.936,731.292,689.147,4.702,0.179
22.11.2021 17:37:37,5.598,673.095,672.393,731.170,689.392,4.660,0.082
22.11.2021 17:37:38,5.696,673.645,672.637,732.025,689.331,4.760,0.118
22.11.2021 17:37:39,5.804,673.797,673.034,732.177,689.086,4.804,0.089
22.11.2021 17:37:40,5.905,674.163,672.454,732.788,688.293,4.962,0.201
22.11.2021 17:37:41,6.000,674.316,672.973,733.093,688.537,4.966,0.157
22.11.2021 17:37:42,6.101,674.407,672.943,733.795,687.744,5.133,0.172
22.11.2021 17:37:43,6.204,674.743,673.492,734.405,687.561,5.220,0.147
22.11.2021 17:37:44,6.302,675.109,673.187,734.924,687.255,5.311,0.225
22.11.2021 17:37:45,6.402,674.926,673.767,735.260,686.889,5.390,0.136
22.11.2021 17:37:46,6.503,675.323,673.797,736.145,686.096,5.576,0.179
22.11.2021 17:37:47,6.608,675.079,673.522,736.450,686.157,5.602,0.182
22.11.2021 17:37:48,6.701,675.537,673.583,736.846,685.333,5.740,0.229
22.11.2021 17:37:49,6.807,676.086,674.316,737.274,685.272,5.793,0.207
22.11.2021 17:37:50,6.902,676.422,674.163,738.525,684.356,6.033,0.264
22.11.2021 17:37:51,7.005,675.659,674.285,738.128,684.326,5.994,0.161
22.11.2021 17:37:52,7.108,676.361,674.194,739.288,683.593,6.203,0.254
22.11.2021 17:37:53,7.204,676.025,674.560,739.379,683.013,6.280,0.171
22.11.2021 17:37:54,7.304,676.513,674.255,739.685,683.197,6.291,0.264
22.11.2021 17:37:55,7.402,676.574,674.957,739.685,682.800,6.337,0.189
22.11.2021 17:37:56,7.503,677.368,675.048,740.814,682.434,6.500,0.271
22.11.2021 17:37:57,7.596,677.062,675.079,740.722,682.342,6.501,0.232
22.11.2021 17:37:58,7.704,677.459,675.018,741.668,681.976,6.644,0.286
22.11.2021 17:37:59,7.807,677.520,675.872,741.912,681.549,6.720,0.192
22.11.2021 17:38:00,7.902,677.825,675.170,742.706,681.671,6.790,0.310
22.11.2021 17:38:01,8.005,678.070,676.208,743.133,681.243,6.885,0.217
22.11.2021 17:38:02,8.108,677.551,675.140,743.255,680.297,7.008,0.282
22.11.2021 17:38:03,8.201,677.825,676.025,743.316,680.480,6.994,0.210
22.11.2021 17:38:04,8.304,678.497,676.147,744.018,679.748,7.153,0.274
22.11.2021 17:38:05,8.402,678.771,676.116,743.957,679.504,7.175,0.310
22.11.2021 17:38:06,8.505,679.077,676.391,744.781,679.168,7.302,0.313
22.11.2021 17:38:07,8.593,679.107,676.483,745.666,678.924,7.424,0.306
22.11.2021 17:38:08,8.701,679.229,676.788,745.391,678.497,7.445,0.285
22.11.2021 17:38:09,8.802,679.412,677.001,746.337,678.619,7.531,0.281
22.11.2021 17:38:10,8.907,679.229,677.246,746.795,678.161,7.633,0.231
22.11.2021 17:38:11,9.000,680.175,677.551,747.802,677.520,7.814,0.306
22.11.2021 17:38:12,9.108,679.931,677.246,748.199,677.276,7.884,0.313
22.11.2021 17:38:13,9.191,680.450,678.039,748.687,676.757,7.997,0.281
22.11.2021 17:38:14,9.307,680.664,677.642,749.420,676.208,8.138,0.352
22.11.2021 17:38:15,9.407,681.030,677.825,750.091,675.964,8.237,0.373
22.11.2021 17:38:16,9.493,681.182,678.222,750.488,675.537,8.329,0.345
22.11.2021 17:38:17,9.606,681.243,678.314,751.159,674.804,8.485,0.341
22.11.2021 17:38:18,9.701,681.640,678.863,751.831,674.346,8.610,0.323
22.11.2021 17:38:19,9.799,682.098,678.375,752.349,673.919,8.714,0.433
22.11.2021 17:38:20,9.902,681.884,679.321,753.021,673.126,8.878,0.298
22.11.2021 17:38:21,9.995,681.884,678.771,753.448,672.454,9.001,0.362
22.11.2021 17:38:22,10.103,682.189,679.443,754.150,672.058,9.121,0.319
22.11.2021 17:38:23,10.194,682.373,679.168,755.035,671.539,9.275,0.372
22.11.2021 17:38:24,10.299,682.464,679.626,755.493,671.081,9.377,0.330
22.11.2021 17:38:25,10.400,682.403,679.656,756.561,670.318,9.578,0.319
22.11.2021 17:38:27,10.505,682.830,679.534,756.469,669.586,9.655,0.383
22.11.2021 17:38:29,10.606,682.952,679.595,757.324,669.403,9.766,0.390
22.11.2021 17:38:31,10.704,683.105,679.962,758.178,668.792,9.927,0.365
22.11.2021 17:38:32,10.804,683.135,680.389,758.209,668.609,9.951,0.319
22.11.2021 17:38:33,10.905,683.105,680.175,759.094,667.388,10.188,0.340
22.11.2021 17:38:34,11.005,683.532,680.603,759.185,667.236,10.215,0.340
22.11.2021 17:38:35,11.106,683.685,680.450,759.765,666.381,10.377,0.375
22.11.2021 17:38:36,11.201,683.837,680.847,759.887,666.168,10.415,0.347
22.11.2021 17:38:37,11.297,684.173,680.999,760.498,665.802,10.521,0.368
22.11.2021 17:38:38,11.405,684.112,680.877,760.742,664.672,10.681,0.375
22.11.2021 17:38:39,11.500,684.570,680.847,760.925,664.306,10.743,0.432
22.11.2021 17:38:40,11.593,684.783,681.640,761.169,663.360,10.881,0.364
22.11.2021 17:38:41,11.696,684.967,681.365,761.779,663.482,10.929,0.417
22.11.2021 17:38:42,11.804,685.363,681.610,762.542,662.017,11.183,0.435
22.11.2021 17:38:43,11.897,684.967,681.701,763.122,661.834,11.264,0.378
22.11.2021 17:38:44,12.003,685.302,681.976,763.366,661.437,11.337,0.385
22.11.2021 17:38:45,12.101,685.241,682.128,763.427,661.224,11.369,0.360
22.11.2021 17:38:46,12.196,685.760,682.434,764.099,659.912,11.595,0.385
22.11.2021 17:38:47,12.302,686.126,682.556,764.617,659.606,11.684,0.413
22.11.2021 17:38:48,12.400,685.882,682.586,764.984,659.393,11.748,0.381
22.11.2021 17:38:49,12.500,686.218,682.769,765.411,658.721,11.872,0.399
22.11.2021 17:38:50,12.598,686.584,683.105,766.235,657.897,12.055,0.402
22.11.2021 17:38:51,12.704,686.218,682.861,766.937,657.073,12.226,0.388
22.11.2021 17:38:52,12.799,686.920,683.471,767.272,656.799,12.294,0.398
22.11.2021 17:38:53,12.897,686.828,683.288,767.608,655.853,12.442,0.409
22.11.2021 17:38:54,13.008,687.011,683.410,767.791,655.303,12.526,0.416
22.11.2021 17:38:55,13.101,687.225,683.715,768.707,654.968,12.661,0.405
22.11.2021 17:38:56,13.201,687.133,683.837,768.737,654.663,12.700,0.380
22.11.2021 17:38:57,13.307,687.591,683.807,769.744,653.625,12.928,0.437
22.11.2021 17:38:58,13.405,687.286,683.502,769.836,653.259,12.982,0.437
22.11.2021 17:38:59,13.503,687.683,683.197,770.080,651.916,13.169,0.518
22.11.2021 17:39:00,13.598,687.469,684.020,771.270,651.885,13.294,0.398
22.11.2021 17:39:01,13.704,687.561,683.868,771.179,650.909,13.402,0.426
22.11.2021 17:39:02,13.799,688.079,684.204,771.850,650.268,13.548,0.447
22.11.2021 17:39:03,13.902,688.018,684.234,771.911,649.627,13.632,0.437
22.11.2021 17:39:04,14.005,688.018,684.692,772.674,649.169,13.765,0.384
22.11.2021 17:39:05,14.098,687.805,684.356,773.071,648.559,13.880,0.398
22.11.2021 17:39:06,14.204,688.385,684.326,773.986,647.674,14.080,0.468
22.11.2021 17:39:08,14.299,688.415,684.600,773.712,647.338,14.093,0.440
22.11.2021 17:39:09,14.395,688.323,684.692,774.261,645.996,14.312,0.419
22.11.2021 17:39:10,14.500,688.720,684.967,774.627,645.355,14.427,0.433
22.11.2021 17:39:11,14.598,689.178,684.997,774.932,644.775,14.529,0.482
22.11.2021 17:39:12,14.696,689.178,684.600,775.299,643.981,14.663,0.528
22.11.2021 17:39:13,14.792,688.903,684.783,775.299,643.676,14.700,0.475
22.11.2021 17:39:14,14.897,689.392,684.997,776.000,642.456,14.920,0.506
22.11.2021 17:39:15,14.998,689.331,685.363,776.184,642.303,14.957,0.457
22.11.2021 17:39:16,15.093,689.544,685.028,776.916,641.235,15.162,0.520
22.11.2021 17:39:17,15.196,688.842,685.455,777.038,639.984,15.328,0.390
22.11.2021 17:39:18,15.292,689.392,684.844,777.435,639.556,15.420,0.524
22.11.2021 17:39:19,15.400,689.514,685.607,778.350,638.702,15.617,0.450
22.11.2021 17:39:20,15.500,689.697,685.333,778.350,637.878,15.719,0.502
22.11.2021 17:39:21,15.606,689.788,685.760,779.266,637.268,15.886,0.464
22.11.2021 17:39:22,15.704,690.002,686.248,779.785,636.444,16.040,0.432
22.11.2021 17:39:24,15.799,689.758,685.852,780.029,635.681,16.158,0.450
22.11.2021 17:39:25,15.900,690.277,686.096,780.822,634.887,16.336,0.481
22.11.2021 17:39:26,16.003,690.002,686.187,781.341,633.758,16.527,0.439
22.11.2021 17:39:27,16.103,690.185,686.126,781.951,633.178,16.660,0.467
22.11.2021 17:39:28,16.194,690.277,686.340,782.409,632.110,16.839,0.453
22.11.2021 17:39:29,16.299,690.643,685.943,782.958,631.347,16.988,0.541
22.11.2021 17:39:30,16.402,690.002,685.974,783.081,630.096,17.156,0.463
22.11.2021 17:39:31,16.500,690.521,686.187,783.447,629.882,17.219,0.498
22.11.2021 17:39:32,16.606,690.612,685.913,784.149,628.143,17.505,0.541
22.11.2021 17:39:33,16.694,690.093,686.248,784.606,627.990,17.570,0.442
22.11.2021 17:39:34,16.794,691.101,685.882,784.912,627.258,17.692,0.600
22.11.2021 17:39:35,16.892,690.368,686.004,785.400,625.976,17.901,0.502
22.11.2021 17:39:36,16.998,690.490,686.126,785.736,625.244,18.026,0.502
22.11.2021 17:39:37,17.096,690.368,685.943,786.102,624.542,18.150,0.509
22.11.2021 17:39:38,17.194,690.917,686.218,786.743,623.046,18.401,0.540
22.11.2021 17:39:39,17.294,690.093,686.157,786.712,621.856,18.547,0.453
22.11.2021 17:39:40,17.395,690.399,685.699,786.865,621.429,18.616,0.541
22.11.2021 17:39:41,17.493,690.002,685.760,787.322,620.208,18.815,0.488
22.11.2021 17:39:42,17.593,690.582,685.943,787.475,619.720,18.892,0.534
22.11.2021 17:39:43,17.701,690.612,685.424,787.933,618.286,19.118,0.597
22.11.2021 17:39:44,17.794,690.277,685.974,787.597,617.828,19.143,0.495
22.11.2021 17:39:45,17.892,690.673,685.699,788.330,617.034,19.316,0.572
22.11.2021 17:39:46,18.000,690.490,685.607,787.872,615.386,19.479,0.562
22.11.2021 17:39:47,18.093,690.826,685.821,788.330,614.532,19.633,0.576
22.11.2021 17:39:48,18.191,690.826,685.791,789.031,613.525,19.830,0.579
22.11.2021 17:39:49,18.297,690.917,685.577,788.360,612.792,19.857,0.614
22.11.2021 17:39:50,18.397,690.795,685.791,788.879,611.145,20.119,0.576
22.11.2021 17:39:51,18.493,690.673,686.218,788.787,610.382,20.207,0.512
22.11.2021 17:39:52,18.593,690.399,685.913,788.818,609.771,20.288,0.516
22.11.2021 17:39:53,18.691,690.643,686.035,789.306,608.703,20.473,0.530
22.11.2021 17:39:54,18.794,690.612,685.363,789.733,607.727,20.640,0.604
22.11.2021 17:39:55,18.892,689.971,685.211,789.276,606.811,20.712,0.548
22.11.2021 17:39:56,18.995,690.246,685.516,789.794,605.651,20.912,0.544
22.11.2021 17:39:57,19.093,690.277,685.485,789.916,604.827,21.030,0.551
22.11.2021 17:39:58,19.206,690.093,684.844,790.130,603.851,21.177,0.605
22.11.2021 17:39:59,19.292,689.941,685.394,789.947,603.149,21.250,0.523
22.11.2021 17:40:00,19.392,690.155,684.967,790.435,601.898,21.459,0.597
22.11.2021 17:40:01,19.493,689.849,684.906,790.557,600.891,21.602,0.569
22.11.2021 17:40:02,19.598,690.063,685.058,790.344,600.219,21.667,0.576
22.11.2021 17:40:03,19.694,689.880,685.089,791.107,599.273,21.865,0.552
22.11.2021 17:40:04,19.797,689.514,684.783,790.832,598.571,21.929,0.545
22.11.2021 17:40:05,19.892,689.392,684.051,790.893,597.229,22.110,0.616
22.11.2021 17:40:06,19.993,689.147,684.234,791.107,596.374,22.242,0.566
22.11.2021 17:40:07,20.098,689.453,684.234,790.954,595.367,22.358,0.602
22.11.2021 17:40:08,20.191,688.842,684.204,790.832,594.848,22.414,0.535
22.11.2021 17:40:09,20.294,689.208,684.082,791.290,593.994,22.570,0.591
22.11.2021 17:40:10,20.397,689.239,683.959,791.534,592.407,22.802,0.609
22.11.2021 17:40:11,20.493,689.086,684.051,791.564,591.796,22.885,0.581
22.11.2021 17:40:12,20.608,688.812,683.685,791.687,591.278,22.965,0.591
22.11.2021 17:40:13,20.696,688.781,683.990,792.083,590.393,23.120,0.553
22.11.2021 17:40:14,20.799,688.568,683.441,792.053,588.989,23.302,0.592
22.11.2021 17:40:15,20.907,688.751,683.319,792.205,588.226,23.417,0.627
22.11.2021 17:40:16,21.005,688.964,682.922,792.175,587.280,23.539,0.698
22.11.2021 17:40:17,21.101,688.232,683.135,792.022,586.303,23.653,0.588
22.11.2021 17:40:18,21.206,688.293,682.617,792.175,585.357,23.793,0.656
22.11.2021 17:40:19,21.299,687.713,682.189,792.236,584.197,23.952,0.639
22.11.2021 17:40:20,21.405,687.835,681.915,792.419,583.496,24.063,0.684
22.11.2021 17:40:21,21.505,688.049,682.067,792.724,582.305,24.251,0.691
22.11.2021 17:40:22,21.603,687.194,681.854,792.327,581.054,24.379,0.618
22.11.2021 17:40:23,21.694,687.255,681.579,792.694,579.895,24.569,0.657
22.11.2021 17:40:24,21.807,686.706,681.365,792.175,579.650,24.551,0.618
22.11.2021 17:40:25,21.892,687.164,681.793,793.029,578.430,24.797,0.621
22.11.2021 17:40:26,21.993,686.798,681.518,793.457,577.880,24.913,0.611
22.11.2021 17:40:27,22.096,686.492,680.786,793.304,576.538,25.077,0.661
22.11.2021 17:40:28,22.196,686.279,680.908,793.518,575.317,25.262,0.622
22.11.2021 17:40:29,22.299,685.821,680.725,793.212,574.645,25.322,0.591
22.11.2021 17:40:30,22.392,685.760,680.450,793.640,573.211,25.557,0.615
22.11.2021 17:40:31,22.493,685.821,680.389,793.518,572.906,25.586,0.630
22.11.2021 17:40:32,22.593,685.577,679.595,793.579,571.838,25.736,0.694
22.11.2021 17:40:33,22.691,684.906,680.053,793.701,570.495,25.929,0.563
22.11.2021 17:40:34,22.797,684.875,679.412,794.158,569.641,26.089,0.634
22.11.2021 17:40:35,22.897,684.448,679.351,793.518,567.993,26.250,0.592
22.11.2021 17:40:36,23.008,684.539,679.138,794.006,567.169,26.410,0.627
22.11.2021 17:40:37,23.103,684.478,679.443,793.762,566.986,26.411,0.585
22.11.2021 17:40:38,23.201,684.600,679.077,794.036,565.521,26.637,0.641
22.11.2021 17:40:39,23.299,684.356,678.924,793.731,564.727,26.715,0.631
22.11.2021 17:40:40,23.397,684.478,678.863,793.975,564.270,26.801,0.652
22.11.2021 17:40:41,23.495,684.112,678.436,794.281,563.049,26.998,0.660
22.11.2021 17:40:42,23.598,683.715,678.527,794.311,562.713,27.046,0.603
22.11.2021 17:40:43,23.694,683.776,678.100,794.189,561.553,27.193,0.660
22.11.2021 17:40:44,23.794,683.166,677.917,793.884,560.882,27.256,0.611
22.11.2021 17:40:45,23.892,683.258,677.612,794.525,559.875,27.456,0.657
22.11.2021 17:40:46,23.998,682.922,677.429,794.464,559.631,27.484,0.639
22.11.2021 17:40:47,24.096,682.830,677.825,795.043,558.746,27.661,0.582
22.11.2021 17:40:48,24.194,682.128,677.246,793.823,557.281,27.745,0.569
22.11.2021 17:40:49,24.294,681.884,676.849,793.945,557.128,27.778,0.587
22.11.2021 17:40:50,24.392,682.128,676.574,794.250,555.908,27.976,0.647
22.11.2021 17:40:51,24.493,682.189,676.544,793.975,555.328,28.029,0.658
22.11.2021 17:40:53,24.596,681.365,675.872,793.548,553.985,28.174,0.641
22.11.2021 17:40:54,24.691,681.213,676.086,793.365,553.588,28.211,0.598
22.11.2021 17:40:55,24.792,680.999,675.903,793.670,552.459,28.397,0.595
22.11.2021 17:40:56,24.902,680.755,675.292,793.182,551.788,28.443,0.638
22.11.2021 17:40:57,24.995,681.030,674.926,792.877,551.239,28.490,0.713
22.11.2021 17:40:58,25.098,680.786,675.445,792.877,550.109,28.647,0.624
22.11.2021 17:40:59,25.191,680.969,675.262,792.602,549.713,28.676,0.666
22.11.2021 17:41:00,25.297,679.931,674.987,792.938,548.736,28.845,0.578
22.11.2021 17:41:01,25.392,680.480,674.865,792.449,548.492,28.831,0.656
22.11.2021 17:41:02,25.493,679.931,674.987,792.602,547.485,28.987,0.578
22.11.2021 17:41:03,25.593,679.840,674.255,792.297,546.752,29.060,0.653
22.11.2021 17:41:04,25.691,679.687,674.102,792.694,546.203,29.175,0.653
22.11.2021 17:41:05,25.794,679.290,673.706,791.992,545.410,29.219,0.654
22.11.2021 17:41:07,25.907,679.046,673.706,791.137,544.708,29.235,0.625
22.11.2021 17:41:08,25.995,678.985,673.065,791.625,544.494,29.312,0.693
22.11.2021 17:41:10,26.101,678.161,672.668,791.442,543.457,29.440,0.644
22.11.2021 17:41:11,26.191,678.131,672.515,791.595,543.365,29.468,0.658
22.11.2021 17:41:13,26.299,677.703,672.027,791.748,542.327,29.629,0.666
22.11.2021 17:41:15,26.397,677.917,672.241,791.625,542.114,29.647,0.666
22.11.2021 17:41:16,26.493,677.886,671.539,790.985,541.229,29.710,0.745
22.11.2021 17:41:17,26.598,677.520,671.569,791.229,540.740,29.803,0.699
22.11.2021 17:41:18,26.694,677.185,671.417,790.954,540.100,29.867,0.677
22.11.2021 17:41:19,26.799,676.818,671.264,790.893,539.642,29.926,0.652
22.11.2021 17:41:20,26.895,677.001,671.112,791.015,539.093,30.015,0.692
22.11.2021 17:41:21,26.988,676.544,670.745,790.710,538.940,30.007,0.682
22.11.2021 17:41:22,27.088,676.055,671.112,790.893,538.116,30.142,0.581
22.11.2021 17:41:23,27.189,676.361,670.410,790.832,537.384,30.240,0.700
22.11.2021 17:41:24,27.292,675.659,670.349,791.290,536.468,30.415,0.625
22.11.2021 17:41:25,27.392,675.537,669.982,791.229,536.254,30.439,0.654
22.11.2021 17:41:26,27.495,675.170,669.921,791.442,535.278,30.599,0.618
22.11.2021 17:41:27,27.593,674.957,669.708,791.076,534.759,30.637,0.618
22.11.2021 17:41:28,27.689,674.682,669.128,791.931,534.057,30.820,0.655
22.11.2021 17:41:29,27.789,674.743,668.914,791.687,533.416,30.888,0.687
22.11.2021 17:41:30,27.895,674.438,668.640,791.748,532.928,30.964,0.684
22.11.2021 17:41:31,27.998,673.675,668.121,791.687,532.440,31.028,0.656
22.11.2021 17:41:32,28.093,674.041,667.755,791.534,531.951,31.083,0.742
22.11.2021 17:41:33,28.196,673.522,667.358,791.320,530.761,31.233,0.728
22.11.2021 17:41:34,28.292,673.095,667.144,791.259,530.181,31.310,0.703
22.11.2021 17:41:35,28.392,672.790,666.809,791.625,529.479,31.446,0.707
22.11.2021 17:41:36,28.500,672.607,666.748,791.137,528.961,31.474,0.693
22.11.2021 17:41:37,28.601,672.637,666.198,791.900,527.801,31.714,0.762
22.11.2021 17:41:38,28.691,671.936,666.107,791.473,527.069,31.779,0.690
22.11.2021 17:41:39,28.789,671.997,665.802,791.748,526.824,31.840,0.733
22.11.2021 17:41:40,28.895,671.997,665.832,791.564,525.756,31.977,0.730
22.11.2021 17:41:41,28.998,671.997,664.978,791.412,525.177,32.046,0.832
22.11.2021 17:41:42,29.098,670.928,665.100,791.809,524.444,32.191,0.691
22.11.2021 17:41:43,29.199,670.623,664.825,791.687,523.620,32.298,0.688
22.11.2021 17:41:44,29.292,670.867,664.123,791.992,523.223,32.385,0.800
22.11.2021 17:41:45,29.395,670.349,664.703,791.290,522.827,32.375,0.670
22.11.2021 17:41:46,29.490,670.043,664.337,791.778,522.186,32.515,0.677
22.11.2021 17:41:47,29.596,669.128,663.818,791.320,521.575,32.560,0.631
22.11.2021 17:41:48,29.686,669.219,663.360,791.107,520.904,32.637,0.696
22.11.2021 17:41:49,29.789,669.189,663.024,790.924,519.989,32.753,0.733
22.11.2021 17:41:50,29.890,669.097,662.658,790.802,519.470,32.817,0.766
22.11.2021 17:41:51,29.990,668.426,662.628,790.496,518.585,32.917,0.690
22.11.2021 17:41:52,30.091,668.212,662.292,790.466,518.127,32.981,0.705
22.11.2021 17:41:53,30.191,668.029,662.078,790.283,517.822,33.008,0.709
22.11.2021 17:41:54,30.289,667.694,661.773,789.367,516.418,33.126,0.705
22.11.2021 17:41:55,30.390,667.602,661.193,789.947,516.021,33.240,0.764
22.11.2021 17:41:56,30.500,667.175,661.437,788.848,514.770,33.319,0.684
22.11.2021 17:41:57,30.588,666.809,660.644,789.459,514.678,33.391,0.735
22.11.2021 17:41:58,30.694,666.412,660.125,788.787,514.312,33.380,0.751
22.11.2021 17:41:59,30.787,666.046,660.064,788.726,513.885,33.437,0.714
22.11.2021 17:42:00,30.900,665.802,659.820,788.391,512.695,33.581,0.715
22.11.2021 17:42:02,30.995,665.496,659.301,788.482,511.932,33.702,0.741
22.11.2021 17:42:04,31.103,664.794,658.813,787.719,511.322,33.719,0.716
22.11.2021 17:42:05,31.189,664.764,658.508,786.987,510.864,33.716,0.749
22.11.2021 17:42:07,31.302,664.367,657.989,786.560,510.284,33.761,0.764
22.11.2021 17:42:09,31.390,664.062,657.775,786.437,509.490,33.867,0.753
22.11.2021 17:42:11,31.500,664.154,657.348,786.071,508.575,33.968,0.816
22.11.2021 17:42:13,31.601,663.482,657.104,785.247,507.934,33.984,0.765
22.11.2021 17:42:15,31.701,663.604,656.799,785.156,507.476,34.043,0.816
22.11.2021 17:42:16,31.802,662.811,656.188,784.210,506.866,34.043,0.795
22.11.2021 17:42:17,31.900,662.200,655.548,783.752,505.828,34.154,0.800
22.11.2021 17:42:18,31.993,661.895,655.548,783.660,505.889,34.136,0.763
22.11.2021 17:42:19,32.091,661.743,654.815,783.081,504.943,34.222,0.833
22.11.2021 17:42:20,32.189,661.041,654.052,782.196,504.638,34.182,0.842
22.11.2021 17:42:21,32.294,660.766,653.717,781.738,503.356,34.330,0.849
22.11.2021 17:42:22,32.387,660.217,653.045,781.066,502.807,34.347,0.865
22.11.2021 17:42:23,32.488,659.698,652.954,780.609,502.136,34.404,0.814
22.11.2021 17:42:24,32.593,659.362,652.404,779.815,501.495,34.423,0.840
22.11.2021 17:42:25,32.686,659.210,651.947,779.449,501.190,34.434,0.877
22.11.2021 17:42:26,32.797,658.630,651.489,778.961,499.816,34.594,0.863
22.11.2021 17:42:27,32.890,658.416,651.153,778.717,499.572,34.607,0.878
22.11.2021 17:42:28,32.998,657.806,650.573,778.137,498.779,34.671,0.876
22.11.2021 17:42:29,33.091,657.501,650.115,777.709,498.474,34.675,0.895
22.11.2021 17:42:30,33.191,657.104,649.963,777.770,497.528,34.825,0.865
22.11.2021 17:42:31,33.289,656.494,649.444,776.947,497.070,34.814,0.855
22.11.2021 17:42:32,33.387,656.158,648.773,776.733,496.246,34.919,0.896
22.11.2021 17:42:33,33.488,655.151,648.559,775.756,495.697,34.907,0.801
22.11.2021 17:42:34,33.588,655.059,647.216,775.756,495.117,34.995,0.954
22.11.2021 17:42:35,33.686,654.266,647.399,775.329,494.750,35.010,0.835
22.11.2021 17:42:36,33.787,654.052,646.575,774.780,493.865,35.091,0.911
22.11.2021 17:42:37,33.887,653.533,646.179,774.627,493.194,35.179,0.896
22.11.2021 17:42:39,33.990,652.709,645.904,773.742,492.401,35.214,0.830
22.11.2021 17:42:40,34.096,652.557,644.897,773.406,491.424,35.331,0.935
22.11.2021 17:42:41,34.189,651.672,644.592,773.040,491.027,35.356,0.865
22.11.2021 17:42:42,34.292,651.702,643.646,772.888,489.898,35.514,0.985
22.11.2021 17:42:43,34.392,650.787,643.157,772.430,489.257,35.568,0.934
22.11.2021 17:42:44,34.488,650.268,642.883,771.575,488.555,35.593,0.905
22.11.2021 17:42:45,34.588,649.505,642.517,770.782,487.609,35.662,0.857
22.11.2021 17:42:46,34.686,649.078,641.571,770.263,487.091,35.691,0.921
22.11.2021 17:42:47,34.787,648.406,641.082,770.629,486.022,35.892,0.900
22.11.2021 17:42:48,34.887,647.949,640.594,769.378,485.443,35.859,0.904
22.11.2021 17:42:49,34.993,647.399,639.923,769.134,484.344,36.006,0.920
22.11.2021 17:42:50,35.098,646.759,639.129,768.829,483.703,36.075,0.940
22.11.2021 17:42:51,35.196,645.965,638.793,767.761,482.543,36.151,0.884
22.11.2021 17:42:52,35.297,645.538,638.092,767.456,481.781,36.240,0.919
22.11.2021 17:42:53,35.400,645.324,637.756,767.150,480.712,36.377,0.934
22.11.2021 17:42:54,35.488,644.744,637.207,766.601,479.980,36.438,0.931
22.11.2021 17:42:55,35.593,644.195,636.444,765.747,479.248,36.469,0.959
22.11.2021 17:42:56,35.701,643.585,635.925,765.258,478.302,36.569,0.948
22.11.2021 17:42:57,35.792,643.188,635.131,764.984,477.813,36.619,0.998
22.11.2021 17:42:58,35.890,641.998,634.887,764.465,476.318,36.803,0.882
22.11.2021 17:42:59,35.993,641.479,634.246,763.671,475.555,36.845,0.898
22.11.2021 17:43:00,36.093,640.747,632.934,762.878,474.243,36.974,0.972
22.11.2021 17:43:01,36.194,640.136,632.873,762.695,473.907,37.010,0.904
22.11.2021 17:43:03,36.302,639.312,632.263,761.505,472.595,37.100,0.878
22.11.2021 17:43:04,36.390,639.251,631.439,761.322,472.320,37.126,0.974
22.11.2021 17:43:06,36.503,638.183,630.920,760.284,471.221,37.198,0.906
22.11.2021 17:43:07,36.593,637.847,630.249,759.460,470.275,37.267,0.949
22.11.2021 17:43:09,36.699,636.413,629.486,758.636,468.933,37.400,0.867
22.11.2021 17:43:10,36.792,636.169,628.631,757.934,468.750,37.360,0.944
22.11.2021 17:43:12,36.900,634.979,628.143,757.049,467.254,37.512,0.857
22.11.2021 17:43:13,36.995,634.033,627.044,756.622,466.400,37.606,0.878
22.11.2021 17:43:14,37.101,633.728,626.281,755.157,465.698,37.574,0.936
22.11.2021 17:43:15,37.186,633.392,625.885,755.126,464.813,37.713,0.944
22.11.2021 17:43:16,37.287,632.843,625.122,753.723,464.385,37.643,0.972
22.11.2021 17:43:17,37.392,632.019,624.237,752.929,463.439,37.717,0.981
22.11.2021 17:43:18,37.493,630.950,623.962,751.953,462.127,37.832,0.882
22.11.2021 17:43:19,37.596,630.157,623.016,750.762,461.334,37.842,0.903
22.11.2021 17:43:20,37.691,629.760,621.673,750.701,460.266,38.009,1.024
22.11.2021 17:43:21,37.792,628.906,620.941,748.840,459.747,37.907,1.009
22.11.2021 17:43:22,37.892,627.838,620.605,748.840,458.770,38.066,0.918
22.11.2021 17:43:23,37.993,627.746,620.086,747.467,458.007,38.053,0.972
22.11.2021 17:43:24,38.091,626.953,619.201,746.704,457.397,38.077,0.985
22.11.2021 17:43:25,38.191,626.281,618.530,745.117,456.512,38.063,0.986
22.11.2021 17:43:26,38.292,625.213,617.675,745.422,455.413,38.273,0.961
22.11.2021 17:43:27,38.390,624.908,617.370,743.865,454.772,38.222,0.961
22.11.2021 17:43:28,38.490,624.328,616.485,743.103,453.979,38.276,1.001
22.11.2021 17:43:29,38.591,623.260,615.722,742.279,452.850,38.379,0.964
22.11.2021 17:43:30,38.694,622.772,614.593,741.027,451.873,38.414,1.047
22.11.2021 17:43:31,38.792,622.253,614.318,740.051,450.988,38.462,1.016
22.11.2021 17:43:32,38.892,621.398,613.494,739.501,450.805,38.437,1.014
22.11.2021 17:43:33,38.990,620.513,612.365,739.074,449.249,38.652,1.047
22.11.2021 17:43:34,39.096,619.995,612.152,738.159,449.066,38.590,1.008
22.11.2021 17:43:35,39.194,619.232,610.900,737.426,448.272,38.647,1.073
22.11.2021 17:43:36,39.294,618.560,611.022,736.358,447.357,38.692,0.971
22.11.2021 17:43:37,39.387,617.889,609.710,735.748,446.594,38.757,1.055
22.11.2021 17:43:38,39.490,617.095,609.222,735.382,445.556,38.893,1.017
22.11.2021 17:43:39,39.591,616.760,608.581,734.527,444.702,38.950,1.057
22.11.2021 17:43:40,39.689,615.722,608.215,733.612,443.450,39.067,0.972
22.11.2021 17:43:41,39.792,615.509,607.391,732.910,443.450,38.995,1.051
22.11.2021 17:43:42,39.890,614.379,606.536,732.147,442.260,39.118,1.018
22.11.2021 17:43:43,39.990,613.861,605.712,731.292,441.406,39.175,1.058
22.11.2021 17:43:44,40.101,613.128,605.285,731.201,439.971,39.408,1.020
22.11.2021 17:43:45,40.191,612.152,605.072,730.224,439.666,39.360,0.921
22.11.2021 17:43:46,40.289,611.602,603.668,729.797,438.568,39.502,1.034
22.11.2021 17:43:47,40.387,610.656,603.240,729.064,437.835,39.552,0.968
22.11.2021 17:43:48,40.493,610.076,602.722,728.790,437.286,39.617,0.961
22.11.2021 17:43:49,40.596,609.039,601.989,727.844,436.096,39.723,0.922
22.11.2021 17:43:50,40.701,608.459,600.982,727.508,434.600,39.944,0.979
22.11.2021 17:43:51,40.792,608.001,600.769,727.416,434.234,39.997,0.948
22.11.2021 17:43:52,40.895,607.269,599.426,726.531,433.288,40.068,1.030
22.11.2021 17:43:53,40.988,606.109,598.663,725.402,432.128,40.152,0.979
22.11.2021 17:43:54,41.091,605.346,598.083,724.945,431.518,40.210,0.956
22.11.2021 17:43:55,41.191,604.675,596.954,724.853,430.603,40.358,1.018
22.11.2021 17:43:56,41.299,603.912,596.313,723.968,429.687,40.425,1.003
22.11.2021 17:43:57,41.395,603.454,595.458,723.541,428.863,40.524,1.056
22.11.2021 17:43:58,41.500,602.355,594.390,722.869,428.161,40.576,1.054
22.11.2021 17:43:59,41.598,602.111,594.055,722.473,427.185,40.705,1.067
22.11.2021 17:44:00,41.699,601.043,593.231,721.893,425.384,40.958,1.036
22.11.2021 17:44:01,41.794,599.700,592.071,720.703,424.530,40.984,1.014
22.11.2021 17:44:02,41.900,599.456,591.369,720.336,423.583,41.112,1.076
22.11.2021 17:44:03,41.990,598.968,590.118,719.451,422.088,41.282,1.179
22.11.2021 17:44:04,42.098,597.900,589.935,719.451,421.356,41.410,1.062
22.11.2021 17:44:05,42.196,597.106,588.958,718.200,420.166,41.491,1.088
22.11.2021 17:44:06,42.302,596.588,587.615,717.742,418.975,41.653,1.200
22.11.2021 17:44:07,42.390,595.123,586.791,716.583,418.426,41.630,1.117
22.11.2021 17:44:08,42.490,594.299,586.669,717.041,417.510,41.839,1.023
22.11.2021 17:44:09,42.588,593.536,585.693,715.881,416.656,41.871,1.054
22.11.2021 17:44:10,42.691,592.864,584.655,715.270,415.771,41.965,1.104
22.11.2021 17:44:11,42.789,592.315,584.045,714.691,414.520,42.127,1.114
22.11.2021 17:44:12,42.892,591.156,582.885,713.531,413.848,42.127,1.116
22.11.2021 17:44:13,42.990,590.423,582.122,712.554,412.933,42.189,1.121
22.11.2021 17:44:14,43.091,589.416,581.787,711.700,412.139,42.242,1.032
22.11.2021 17:44:15,43.186,588.806,580.505,711.334,410.980,42.412,1.125
22.11.2021 17:44:16,43.292,588.043,579.803,709.869,410.705,42.309,1.118
22.11.2021 17:44:17,43.390,586.761,578.948,709.472,409.149,42.547,1.062
22.11.2021 17:44:18,43.488,586.486,578.033,708.129,408.294,42.562,1.150
22.11.2021 17:44:19,43.588,586.059,577.148,707.916,407.287,42.721,1.214
22.11.2021 17:44:20,43.694,584.838,576.141,706.512,406.433,42.729,1.187
22.11.2021 17:44:21,43.797,584.289,575.500,706.146,405.761,42.813,1.200
22.11.2021 17:44:22,43.890,582.855,574.737,705.230,404.846,42.883,1.111
22.11.2021 17:44:23,43.990,582.489,574.371,704.193,404.388,42.858,1.112
22.11.2021 17:44:25,44.091,581.695,573.120,703.338,403.442,42.941,1.176
22.11.2021 17:44:26,44.189,580.627,572.601,702.209,402.770,42.946,1.102
22.11.2021 17:44:27,44.289,579.742,571.807,701.324,401.947,43.003,1.091
22.11.2021 17:44:28,44.390,578.796,570.617,700.622,401.000,43.103,1.127
22.11.2021 17:44:29,44.490,578.582,569.854,700.134,400.451,43.152,1.204
22.11.2021 17:44:30,44.598,577.575,568.939,698.669,399.505,43.172,1.193
22.11.2021 17:44:31,44.696,576.721,567.901,697.448,398.284,43.268,1.221
22.11.2021 17:44:32,44.802,575.744,567.840,696.838,398.040,43.249,1.095
22.11.2021 17:44:33,44.890,574.798,566.497,695.709,397.277,43.271,1.152
22.11.2021 17:44:34,44.995,573.974,565.643,694.976,396.392,43.357,1.158
22.11.2021 17:44:35,45.091,573.333,564.697,693.969,396.148,43.296,1.202
22.11.2021 17:44:36,45.194,572.235,563.720,692.993,394.866,43.430,1.187
22.11.2021 17:44:37,45.287,571.533,563.171,692.077,394.592,43.384,1.167
22.11.2021 17:44:38,45.390,570.526,561.767,691.223,393.493,43.498,1.225
22.11.2021 17:44:39,45.498,569.366,560.913,689.880,392.578,43.526,1.185
22.11.2021 17:44:40,45.588,568.817,560.089,689.483,392.028,43.587,1.225
22.11.2021 17:44:41,45.696,567.657,559.204,688.140,391.326,43.575,1.188
22.11.2021 17:44:42,45.787,567.016,558.135,687.438,390.411,43.672,1.250
22.11.2021 17:44:43,45.892,565.887,557.312,686.157,389.251,43.753,1.209
22.11.2021 17:44:44,45.993,565.185,556.518,685.058,389.068,43.670,1.224
22.11.2021 17:44:45,46.088,563.842,555.206,684.326,388.275,43.742,1.223
22.11.2021 17:44:46,46.199,562.652,554.412,683.380,387.390,43.807,1.168
22.11.2021 17:44:47,46.297,561.920,553.100,682.678,386.505,43.899,1.253
22.11.2021 17:44:48,46.387,560.852,552.307,681.304,386.230,43.804,1.216
22.11.2021 17:44:49,46.498,559.631,551.452,680.572,384.857,43.986,1.166
22.11.2021 17:44:51,46.601,558.990,550.079,679.138,384.613,43.878,1.273
22.11.2021 17:44:52,46.691,557.678,549.652,678.833,383.331,44.089,1.148
22.11.2021 17:44:53,46.799,557.037,548.034,677.551,383.026,44.009,1.291
22.11.2021 17:44:54,46.902,555.847,547.424,676.757,381.927,44.134,1.209
22.11.2021 17:44:55,46.988,554.840,546.447,675.476,381.469,44.083,1.207
22.11.2021 17:44:56,47.101,553.771,545.135,674.346,380.187,44.207,1.245
22.11.2021 17:44:57,47.194,552.398,544.128,673.553,379.699,44.214,1.195
22.11.2021 17:44:58,47.302,551.788,542.846,672.943,378.875,44.307,1.294
22.11.2021 17:44:59,47.402,550.476,541.717,671.142,377.777,44.323,1.270
22.11.2021 17:45:00,47.490,549.621,540.496,670.654,377.197,44.382,1.326
22.11.2021 17:45:01,47.591,547.851,539.550,669.097,376.068,44.432,1.209
22.11.2021 17:45:02,47.691,547.180,538.330,667.755,375.244,44.445,1.292
22.11.2021 17:45:03,47.787,546.295,537.475,666.900,374.359,44.524,1.289
22.11.2021 17:45:04,47.890,545.104,536.102,665.893,373.748,44.533,1.319
22.11.2021 17:45:05,47.993,543.731,534.637,665.039,372.650,44.654,1.336
22.11.2021 17:45:06,48.091,542.755,533.996,663.604,372.283,44.568,1.289
22.11.2021 17:45:07,48.194,541.870,532.714,662.750,370.697,44.786,1.350
22.11.2021 17:45:08,48.292,540.313,531.555,661.529,370.330,44.723,1.294
22.11.2021 17:45:09,48.387,539.672,530.303,660.430,369.567,44.753,1.387
22.11.2021 17:45:10,48.493,537.719,529.602,659.057,368.682,44.776,1.205
22.11.2021 17:45:11,48.591,536.987,528.106,658.264,367.980,44.827,1.321
22.11.2021 17:45:12,48.691,535.919,527.160,657.073,366.790,44.931,1.305
22.11.2021 17:45:13,48.792,535.156,526.092,655.548,366.668,44.786,1.353
22.11.2021 17:45:14,48.890,533.630,525.268,654.632,365.295,44.957,1.251
22.11.2021 17:45:15,48.990,532.501,523.925,653.167,364.440,44.965,1.286
22.11.2021 17:45:16,49.093,531.799,522.979,651.977,363.769,44.966,1.325
22.11.2021 17:45:17,49.191,530.517,521.881,650.878,363.403,44.917,1.300
22.11.2021 17:45:18,49.292,529.571,520.568,649.475,361.724,45.097,1.358
22.11.2021 17:45:19,49.392,528.778,520.233,648.376,361.663,44.986,1.290
22.11.2021 17:45:20,49.490,527.618,518.798,647.827,360.931,45.072,1.335
22.11.2021 17:45:21,49.593,526.306,517.883,646.148,360.198,45.031,1.278
22.11.2021 17:45:22,49.686,525.085,516.540,644.805,359.130,45.095,1.300
22.11.2021 17:45:23,49.789,524.139,515.777,643.493,358.612,45.052,1.274
22.11.2021 17:45:24,49.890,522.918,514.587,642.364,358.062,45.036,1.272
22.11.2021 17:45:25,49.990,521.850,513.488,641.418,357.635,45.016,1.279
22.11.2021 17:45:26,50.098,520.477,512.115,639.831,357.086,44.947,1.283
22.11.2021 17:45:27,50.186,519.378,510.589,638.275,356.353,44.919,1.352
22.11.2021 17:45:28,50.287,518.402,510.009,636.932,355.377,44.966,1.293
22.11.2021 17:45:29,50.387,517.547,508.636,636.047,354.522,45.040,1.376
22.11.2021 17:45:30,50.488,516.082,507.690,634.216,353.912,44.955,1.299
22.11.2021 17:45:31,50.603,515.472,506.683,633.056,353.271,44.954,1.362
22.11.2021 17:45:32,50.689,513.488,505.493,631.286,352.661,44.876,1.243
22.11.2021 17:45:33,50.789,513.153,504.760,629.852,352.050,44.837,1.306
22.11.2021 17:45:34,50.902,511.901,503.448,628.540,350.982,44.906,1.319
22.11.2021 17:45:35,50.995,510.742,502.563,627.532,350.860,44.814,1.279
22.11.2021 17:45:36,51.096,509.490,501.647,626.678,349.609,44.976,1.229
22.11.2021 17:45:37,51.191,508.453,500.396,625.183,349.426,44.840,1.265
22.11.2021 17:45:38,51.287,507.751,499.328,624.359,348.632,44.909,1.325
22.11.2021 17:45:39,51.400,505.859,497.863,622.161,347.930,44.799,1.262
22.11.2021 17:45:40,51.498,505.340,497.039,621.490,347.717,44.765,1.312
22.11.2021 17:45:41,51.603,503.784,495.727,620.239,346.618,44.849,1.277
22.11.2021 17:45:43,51.699,502.746,494.659,618.896,345.855,44.852,1.284
22.11.2021 17:45:44,51.797,501.678,493.560,617.095,345.306,44.755,1.292
22.11.2021 17:45:45,51.887,500.671,492.370,616.088,344.543,44.797,1.324
22.11.2021 17:45:46,52.003,499.389,490.783,614.471,343.231,44.884,1.377
22.11.2021 17:45:47,52.096,498.779,490.203,613.800,342.773,44.901,1.374
22.11.2021 17:45:48,52.201,497.283,489.288,612.396,342.102,44.877,1.284
22.11.2021 17:45:49,52.289,496.246,487.976,611.083,341.400,44.871,1.331
22.11.2021 17:45:50,52.402,494.812,487.365,610.046,340.728,44.890,1.201
22.11.2021 17:45:51,52.500,493.865,486.053,608.886,340.087,44.889,1.263
22.11.2021 17:45:52,52.596,492.767,484.680,607.971,339.324,44.943,1.311
22.11.2021 17:45:53,52.699,491.394,483.123,606.140,338.348,44.933,1.344
22.11.2021 17:45:54,52.797,490.295,481.842,605.224,337.585,44.987,1.378
22.11.2021 17:45:55,52.890,489.013,481.353,603.698,337.097,44.909,1.251
22.11.2021 17:45:56,52.993,488.281,480.072,602.386,336.242,44.935,1.343
22.11.2021 17:45:57,53.091,487.030,479.431,600.982,335.144,45.004,1.246
22.11.2021 17:45:58,53.189,486.145,477.905,599.731,334.716,44.945,1.354
22.11.2021 17:45:59,53.289,484.588,477.264,598.785,333.892,45.009,1.206
22.11.2021 17:46:00,53.390,484.039,475.799,597.351,333.465,44.928,1.360
22.11.2021 17:46:01,53.493,482.727,474.700,596.191,332.092,45.087,1.328
22.11.2021 17:46:02,53.593,481.719,473.999,595.275,331.817,45.035,1.280
22.11.2021 17:46:03,53.689,480.651,472.900,593.750,330.932,45.043,1.288
22.11.2021 17:46:04,53.792,479.736,472.167,592.346,330.078,45.059,1.260
22.11.2021 17:46:05,53.890,478.576,470.947,591.613,329.650,45.063,1.273
22.11.2021 17:46:06,53.995,477.478,469.635,589.630,328.979,44.967,1.312
22.11.2021 17:46:07,54.093,476.501,468.597,589.263,327.941,45.152,1.325
22.11.2021 17:46:08,54.191,475.555,468.200,587.677,326.782,45.213,1.235
22.11.2021 17:46:09,54.292,474.639,467.071,586.486,326.141,45.209,1.273
22.11.2021 17:46:11,54.395,473.602,466.156,585.601,325.073,45.338,1.255
22.11.2021 17:46:12,54.495,472.930,465.179,584.045,324.005,45.383,1.309
22.11.2021 17:46:13,54.596,471.710,464.111,582.763,323.181,45.409,1.286
22.11.2021 17:46:14,54.694,470.672,463.165,581.817,322.357,45.476,1.274
22.11.2021 17:46:15,54.799,469.726,462.158,580.841,321.289,45.595,1.287
22.11.2021 17:46:16,54.895,468.811,461.181,579.589,320.617,45.591,1.300
22.11.2021 17:46:17,55.000,467.590,460.083,578.430,319.915,45.604,1.282
22.11.2021 17:46:18,55.101,466.400,459.014,577.117,318.847,45.682,1.264
22.11.2021 17:46:19,55.199,465.759,458.190,575.683,317.901,45.717,1.298
22.11.2021 17:46:20,55.302,464.874,456.817,574.981,317.138,45.803,1.385
22.11.2021 17:46:21,55.400,463.867,455.932,572.784,316.162,45.749,1.367
22.11.2021 17:46:22,55.493,463.195,455.078,572.052,315.307,45.853,1.400
22.11.2021 17:46:23,55.588,461.853,454.101,570.465,314.910,45.743,1.341
22.11.2021 17:46:24,55.686,460.845,452.606,569.396,313.751,45.874,1.429
22.11.2021 17:46:25,55.787,459.930,451.843,567.626,313.079,45.804,1.405
22.11.2021 17:46:26,55.887,458.770,450.744,566.589,312.255,45.862,1.398
22.11.2021 17:46:27,56.000,457.855,450.164,564.971,311.370,45.861,1.342
22.11.2021 17:46:28,56.096,456.695,449.157,563.934,310.577,45.913,1.318
22.11.2021 17:46:29,56.196,455.810,448.303,562.591,309.783,45.925,1.315
22.11.2021 17:46:30,56.302,454.620,446.838,560.882,308.868,45.919,1.368
22.11.2021 17:46:31,56.387,453.643,446.014,560.150,308.074,46.011,1.343
22.11.2021 17:46:32,56.488,452.423,444.976,558.166,307.281,45.941,1.314
22.11.2021 17:46:33,56.588,451.843,444.091,557.067,306.915,45.884,1.371
22.11.2021 17:46:34,56.689,450.347,442.993,555.633,305.969,45.921,1.304
22.11.2021 17:46:35,56.802,449.462,441.986,553.466,304.840,45.906,1.329
22.11.2021 17:46:37,56.890,448.486,440.612,552.551,304.077,45.968,1.403
22.11.2021 17:46:39,56.990,447.753,439.788,551.086,303.375,45.943,1.422
22.11.2021 17:46:41,57.093,446.746,438.690,549.774,302.673,45.938,1.442
22.11.2021 17:46:42,57.196,445.526,437.377,548.309,301.574,46.008,1.462
22.11.2021 17:46:43,57.292,444.427,436.584,546.844,301.208,45.902,1.410
22.11.2021 17:46:44,57.402,443.847,435.180,545.379,300.048,45.988,1.562
22.11.2021 17:46:45,57.503,441.772,433.959,543.579,299.133,45.969,1.413
22.11.2021 17:46:46,57.598,441.406,433.258,542.175,297.698,46.131,1.476
22.11.2021 17:46:47,57.701,440.185,431.976,540.740,297.210,46.057,1.491
22.11.2021 17:46:48,57.797,439.208,430.999,539.642,296.112,46.179,1.495
22.11.2021 17:46:49,57.895,438.018,430.358,537.750,295.532,46.066,1.397
22.11.2021 17:46:50,57.993,437.316,429.138,536.529,294.891,46.059,1.495
22.11.2021 17:46:51,58.096,435.546,427.947,534.667,293.609,46.122,1.394
22.11.2021 17:46:52,58.194,434.661,426.177,532.806,292.938,46.035,1.561
22.11.2021 17:46:53,58.302,433.227,425.567,531.372,291.564,46.181,1.413
22.11.2021 17:46:54,58.397,432.464,424.713,529.632,290.679,46.163,1.433
22.11.2021 17:46:55,58.503,431.304,423.522,528.045,289.489,46.243,1.442
22.11.2021 17:46:56,58.596,430.480,422.119,526.977,288.818,46.265,1.554
22.11.2021 17:46:57,58.699,429.229,421.173,525.543,288.024,46.267,1.501
22.11.2021 17:46:58,58.802,427.947,420.440,523.925,287.048,46.290,1.402
22.11.2021 17:46:59,58.902,427.246,419.067,522.399,285.949,46.356,1.531
22.11.2021 17:47:00,59.003,426.483,418.365,521.453,285.003,46.465,1.522
22.11.2021 17:47:01,59.103,425.109,417.053,519.775,284.515,46.355,1.516
22.11.2021 17:47:02,59.201,424.224,415.802,518.676,283.630,46.428,1.589
22.11.2021 17:47:03,59.299,422.912,414.916,516.815,282.440,46.472,1.512
22.11.2021 17:47:04,59.402,421.722,413.940,515.838,281.799,46.500,1.475
22.11.2021 17:47:05,59.488,420.654,412.780,514.160,280.487,46.602,1.497
22.11.2021 17:47:06,59.603,419.921,411.743,512.451,279.663,46.574,1.558
22.11.2021 17:47:07,59.696,418.792,410.980,510.955,278.564,46.647,1.492
22.11.2021 17:47:08,59.792,418.426,410.247,509.429,277.465,46.716,1.564
22.11.2021 17:47:09,59.902,416.839,409.332,508.209,276.702,46.742,1.440
22.11.2021 17:47:10,60.003,415.954,407.775,506.835,275.634,46.826,1.573
