# Sensor: ADPD2140, Rotationstage: ELL18M
Datetime,Stage Angle,xL,xR,yL,yR,X,Y
24.11.2021 21:56:40,-59.997,617.919,613.098,369.476,679.138,-46.799,0.620
24.11.2021 21:56:41,-59.904,619.262,614.990,370.269,680.511,-46.790,0.548
24.11.2021 21:56:42,-59.804,621.734,617.675,371.368,682.525,-46.790,0.518
24.11.2021 21:56:43,-59.708,623.443,619.720,372.406,684.936,-46.843,0.474
24.11.2021 21:56:44,-59.608,625.122,620.941,373.107,685.821,-46.800,0.531
24.11.2021 21:56:45,-59.505,626.159,622.222,374.114,686.737,-46.701,0.499
24.11.2021 21:56:46,-59.407,627.838,624.084,375.030,689.025,-46.765,0.475
24.11.2021 21:56:47,-59.306,629.028,624.877,375.946,690.979,-46.794,0.524
24.11.2021 21:56:48,-59.208,629.882,625.823,377.288,692.321,-46.676,0.512
24.11.2021 21:56:49,-59.108,631.866,628.082,378.265,694.458,-46.712,0.475
24.11.2021 21:56:50,-59.007,633.300,628.906,379.730,695.770,-46.569,0.551
24.11.2021 21:56:51,-58.907,634.338,630.859,380.859,698.547,-46.642,0.435
24.11.2021 21:56:52,-58.806,635.314,631.500,381.805,698.394,-46.447,0.477
24.11.2021 21:56:53,-58.706,635.711,632.171,381.744,700.866,-46.714,0.442
24.11.2021 21:56:54,-58.608,636.688,633.148,382.720,701.507,-46.596,0.441
24.11.2021 21:56:55,-58.507,638.092,635.070,384.002,703.796,-46.589,0.376
24.11.2021 21:56:56,-58.404,639.862,635.986,384.979,705.200,-46.550,0.481
24.11.2021 21:56:57,-58.306,640.747,636.749,385.711,706.481,-46.544,0.495
24.11.2021 21:56:58,-58.206,641.906,638.336,386.535,708.038,-46.548,0.441
24.11.2021 21:56:59,-58.105,643.371,639.739,388.000,709.197,-46.393,0.448
24.11.2021 21:57:00,-58.007,644.409,641.082,388.610,712.066,-46.572,0.410
24.11.2021 21:57:01,-57.904,646.057,642.333,389.404,713.623,-46.582,0.457
24.11.2021 21:57:02,-57.804,646.850,643.768,390.106,714.630,-46.554,0.378
24.11.2021 21:57:03,-57.706,650.115,646.301,391.876,717.681,-46.534,0.466
24.11.2021 21:57:04,-57.608,649.932,646.911,392.822,718.017,-46.394,0.369
24.11.2021 21:57:05,-57.507,652.099,648.956,393.280,719.329,-46.442,0.382
24.11.2021 21:57:06,-57.407,654.296,650.085,394.439,721.374,-46.434,0.511
24.11.2021 21:57:07,-57.306,655.517,651.550,394.989,723.297,-46.526,0.481
24.11.2021 21:57:08,-57.208,657.318,653.747,396.148,725.036,-46.488,0.431
24.11.2021 21:57:09,-57.108,659.301,655.822,397.033,726.531,-46.475,0.419
24.11.2021 21:57:10,-57.002,661.895,658.142,398.101,728.729,-46.499,0.450
24.11.2021 21:57:11,-56.902,662.841,659.088,399.047,729.217,-46.376,0.450
24.11.2021 21:57:12,-56.804,664.855,661.071,398.986,730.682,-46.532,0.452
24.11.2021 21:57:13,-56.706,666.503,662.475,400.451,731.842,-46.382,0.480
24.11.2021 21:57:14,-56.605,669.403,665.740,402.069,735.137,-46.415,0.434
24.11.2021 21:57:15,-56.505,671.905,667.480,402.618,736.724,-46.473,0.523
24.11.2021 21:57:16,-56.407,674.102,670.196,403.808,738.525,-46.436,0.460
24.11.2021 21:57:17,-56.306,676.208,672.546,404.998,740.875,-46.452,0.430
24.11.2021 21:57:19,-56.208,677.856,673.614,405.639,740.631,-46.314,0.497
24.11.2021 21:57:22,-56.093,680.633,676.239,406.494,743.530,-46.445,0.513
24.11.2021 21:57:23,-56.007,683.135,678.527,407.989,745.361,-46.357,0.536
24.11.2021 21:57:24,-55.907,685.424,680.694,408.416,747.436,-46.482,0.548
24.11.2021 21:57:25,-55.799,687.622,683.349,410.003,748.962,-46.349,0.493
24.11.2021 21:57:26,-55.708,689.788,684.692,410.858,750.457,-46.343,0.587
24.11.2021 21:57:27,-55.608,691.864,687.164,411.254,752.227,-46.444,0.540
24.11.2021 21:57:28,-55.502,694.000,689.392,412.353,753.723,-46.394,0.527
24.11.2021 21:57:29,-55.399,696.838,691.925,413.208,756.072,-46.470,0.560
24.11.2021 21:57:30,-55.304,699.035,694.213,414.489,757.965,-46.426,0.548
24.11.2021 21:57:31,-55.206,701.324,696.777,415.618,759.948,-46.419,0.515
24.11.2021 21:57:32,-55.108,703.125,698.394,415.863,761.413,-46.516,0.534
24.11.2021 21:57:33,-55.005,706.268,700.805,417.572,763.488,-46.416,0.615
24.11.2021 21:57:34,-54.904,708.251,703.613,418.243,766.571,-46.591,0.520
24.11.2021 21:57:35,-54.804,709.869,705.047,419.586,767.883,-46.483,0.540
24.11.2021 21:57:36,-54.706,712.280,707.519,420.257,770.507,-46.614,0.531
24.11.2021 21:57:37,-54.605,714.782,709.838,422.149,772.430,-46.469,0.549
24.11.2021 21:57:38,-54.505,716.491,711.547,422.760,774.566,-46.565,0.548
24.11.2021 21:57:39,-54.404,718.139,712.829,423.461,776.092,-46.587,0.588
24.11.2021 21:57:40,-54.301,720.855,715.270,424.346,778.411,-46.652,0.616
24.11.2021 21:57:41,-54.208,721.679,716.308,425.628,780.151,-46.595,0.591
24.11.2021 21:57:42,-54.103,723.602,717.742,426.147,782.135,-46.691,0.644
24.11.2021 21:57:43,-54.000,725.677,719.970,427.246,783.996,-46.677,0.625
24.11.2021 21:57:44,-53.904,727.874,722.167,428.924,786.682,-46.640,0.623
24.11.2021 21:57:45,-53.801,729.431,723.297,429.077,787.750,-46.713,0.669
24.11.2021 21:57:46,-53.706,731.414,725.036,430.633,789.825,-46.641,0.694
24.11.2021 21:57:47,-53.610,732.055,725.799,430.938,790.893,-46.688,0.680
24.11.2021 21:57:48,-53.502,734.100,728.149,432.342,793.792,-46.717,0.644
24.11.2021 21:57:49,-53.404,736.724,730.377,433.593,795.989,-46.708,0.685
24.11.2021 21:57:50,-53.304,738.037,732.116,434.722,798.034,-46.705,0.638
24.11.2021 21:57:51,-53.203,739.105,732.971,435.577,798.828,-46.635,0.660
24.11.2021 21:57:52,-53.103,741.333,734.741,436.767,801.361,-46.667,0.707
24.11.2021 21:57:53,-53.007,742.370,735.839,437.652,802.795,-46.650,0.700
24.11.2021 21:57:54,-52.904,743.225,737.182,438.293,804.351,-46.684,0.646
24.11.2021 21:57:55,-52.801,745.391,739.624,439.910,806.976,-46.653,0.615
24.11.2021 21:57:56,-52.706,746.887,740.142,441.009,808.654,-46.623,0.718
24.11.2021 21:57:57,-52.603,749.023,742.889,441.925,810.699,-46.656,0.651
24.11.2021 21:57:58,-52.502,750.457,743.804,443.023,812.194,-46.609,0.705
24.11.2021 21:57:59,-52.397,752.380,746.093,444.458,813.720,-46.511,0.664
24.11.2021 21:58:00,-52.301,754.089,747.650,445.281,816.680,-46.640,0.679
24.11.2021 21:58:01,-52.201,755.126,749.420,446.441,818.481,-46.611,0.601
24.11.2021 21:58:02,-52.100,757.476,751.403,447.662,820.861,-46.624,0.637
24.11.2021 21:58:03,-52.000,759.033,753.021,448.944,822.662,-46.576,0.630
24.11.2021 21:58:04,-51.902,760.925,754.821,450.134,824.981,-46.588,0.638
24.11.2021 21:58:05,-51.801,762.603,756.317,450.988,825.836,-46.525,0.655
24.11.2021 21:58:06,-51.693,764.923,758.758,452.148,828.643,-46.585,0.641
24.11.2021 21:58:07,-51.600,765.899,759.674,453.277,830.291,-46.548,0.646
24.11.2021 21:58:08,-51.497,768.371,761.901,454.589,833.190,-46.591,0.670
24.11.2021 21:58:09,-51.404,769.744,763.580,455.841,833.862,-46.451,0.637
24.11.2021 21:58:10,-51.294,771.636,765.258,457.550,836.212,-46.383,0.657
24.11.2021 21:58:11,-51.203,773.010,766.479,458.190,837.921,-46.430,0.672
24.11.2021 21:58:13,-51.095,774.963,768.432,459.503,839.538,-46.363,0.670
24.11.2021 21:58:14,-51.005,776.763,769.439,460.754,841.216,-46.310,0.750
24.11.2021 21:58:17,-50.892,778.076,772.003,461.944,843.414,-46.312,0.620
24.11.2021 21:58:18,-50.804,780.212,773.681,463.195,845.916,-46.331,0.666
24.11.2021 21:58:20,-50.696,782.775,775.604,464.355,847.869,-46.317,0.729
24.11.2021 21:58:22,-50.600,782.806,776.428,465.911,849.090,-46.179,0.648
24.11.2021 21:58:24,-50.497,784.881,778.930,466.888,850.952,-46.186,0.603
24.11.2021 21:58:26,-50.399,786.712,780.364,468.017,852.569,-46.148,0.641
24.11.2021 21:58:27,-50.299,788.818,782.379,469.116,854.980,-46.183,0.649
24.11.2021 21:58:28,-50.201,789.916,784.240,470.794,856.781,-46.076,0.571
24.11.2021 21:58:29,-50.103,792.846,786.010,472.076,858.398,-46.016,0.686
24.11.2021 21:58:30,-50.002,795.532,789.672,474.609,862.609,-45.983,0.585
24.11.2021 21:58:31,-49.904,797.088,791.320,475.891,865.051,-45.992,0.575
24.11.2021 21:58:32,-49.801,797.576,791.748,476.104,865.386,-45.988,0.581
24.11.2021 21:58:33,-49.701,800.628,793.731,477.966,867.736,-45.901,0.685
24.11.2021 21:58:34,-49.600,800.994,794.830,479.217,869.934,-45.895,0.612
24.11.2021 21:58:35,-49.505,802.612,795.989,480.224,871.246,-45.852,0.656
24.11.2021 21:58:36,-49.404,802.551,796.722,481.140,872.528,-45.821,0.577
24.11.2021 21:58:37,-49.301,804.718,798.309,482.635,874.603,-45.768,0.633
24.11.2021 21:58:38,-49.203,807.006,800.781,484.619,876.983,-45.667,0.613
24.11.2021 21:58:39,-49.103,808.532,801.666,485.504,878.295,-45.643,0.675
24.11.2021 21:58:40,-49.000,808.746,802.062,486.663,880.188,-45.626,0.657
24.11.2021 21:58:41,-48.897,810.607,803.741,488.159,883.331,-45.662,0.674
24.11.2021 21:58:42,-48.799,812.072,805.603,489.746,885.284,-45.587,0.633
24.11.2021 21:58:43,-48.698,813.232,807.739,491.302,887.664,-45.552,0.537
24.11.2021 21:58:44,-48.600,816.101,808.532,493.194,890.655,-45.517,0.738
24.11.2021 21:58:45,-48.500,816.375,809.753,493.713,890.777,-45.450,0.645
24.11.2021 21:58:46,-48.399,817.535,811.004,495.635,893.920,-45.424,0.635
24.11.2021 21:58:47,-48.299,818.542,812.286,496.978,895.690,-45.371,0.607
24.11.2021 21:58:48,-48.206,819.091,812.805,498.107,897.705,-45.369,0.610
24.11.2021 21:58:49,-48.103,820.342,813.903,499.877,899.322,-45.242,0.624
24.11.2021 21:58:50,-48.002,819.458,814.392,499.786,900.512,-45.352,0.491
24.11.2021 21:58:51,-47.902,821.472,815.399,501.464,902.191,-45.243,0.587
24.11.2021 21:58:52,-47.804,823.181,818.054,503.143,905.151,-45.238,0.495
24.11.2021 21:58:53,-47.706,823.120,817.260,503.936,906.219,-45.210,0.566
24.11.2021 21:58:54,-47.603,824.249,818.054,504.882,908.233,-45.235,0.597
24.11.2021 21:58:55,-47.505,825.561,820.037,506.835,910.430,-45.129,0.531
24.11.2021 21:58:56,-47.402,827.056,820.800,508.148,912.780,-45.129,0.601
24.11.2021 21:58:57,-47.301,828.338,823.272,509.796,915.344,-45.097,0.486
24.11.2021 21:58:58,-47.206,828.582,823.120,511.047,916.381,-45.001,0.524
24.11.2021 21:58:59,-47.103,829.009,823.425,512.054,917.114,-44.916,0.535
24.11.2021 21:59:00,-47.005,829.284,823.364,513.092,918.945,-44.914,0.567
24.11.2021 21:59:01,-46.904,830.841,824.768,514.892,921.417,-44.854,0.581
24.11.2021 21:59:02,-46.804,831.604,827.117,516.723,923.828,-44.786,0.428
24.11.2021 21:59:04,-46.703,833.160,827.728,518.341,925.628,-44.700,0.518
24.11.2021 21:59:05,-46.605,832.580,828.002,518.554,926.910,-44.771,0.436
24.11.2021 21:59:06,-46.505,834.686,829.437,520.935,928.375,-44.552,0.499
24.11.2021 21:59:07,-46.404,835.357,830.413,521.942,930.541,-44.581,0.470
24.11.2021 21:59:08,-46.306,835.052,829.956,522.491,931.030,-44.543,0.485
24.11.2021 21:59:09,-46.206,836.791,831.970,524.749,934.082,-44.467,0.457
24.11.2021 21:59:10,-46.105,837.585,833.038,525.665,935.699,-44.466,0.431
24.11.2021 21:59:11,-46.005,837.585,832.855,527.313,936.645,-44.311,0.448
24.11.2021 21:59:12,-45.904,838.500,834.289,528.747,938.385,-44.248,0.398
24.11.2021 21:59:13,-45.806,839.385,834.320,529.632,940.124,-44.261,0.479
24.11.2021 21:59:14,-45.708,839.843,834.991,531.707,941.192,-44.059,0.459
24.11.2021 21:59:15,-45.608,841.033,835.967,533.233,943.939,-44.062,0.478
24.11.2021 21:59:17,-45.492,841.247,837.341,534.851,945.282,-43.945,0.368
24.11.2021 21:59:18,-45.404,841.918,837.890,536.041,947.021,-43.916,0.380
24.11.2021 21:59:19,-45.304,841.735,838.104,537.292,948.150,-43.833,0.342
24.11.2021 21:59:20,-45.208,843.292,838.989,539.215,949.707,-43.692,0.405
24.11.2021 21:59:21,-45.103,843.322,839.355,540.557,951.293,-43.632,0.373
24.11.2021 21:59:22,-45.007,843.872,839.721,542.083,954.284,-43.655,0.390
24.11.2021 21:59:23,-44.907,844.604,840.454,543.457,954.956,-43.521,0.390
24.11.2021 21:59:24,-44.804,845.428,841.278,545.349,957.611,-43.470,0.389
24.11.2021 21:59:25,-44.708,846.527,842.163,546.722,957.885,-43.307,0.409
24.11.2021 21:59:26,-44.608,846.496,842.742,548.309,959.930,-43.251,0.352
24.11.2021 21:59:27,-44.507,846.862,842.376,548.614,959.930,-43.210,0.420
24.11.2021 21:59:28,-44.402,847.076,843.261,550.628,962.799,-43.160,0.357
24.11.2021 21:59:29,-44.306,847.473,844.085,552.124,964.386,-43.082,0.317
24.11.2021 21:59:30,-44.208,848.815,845.092,553.833,966.247,-42.996,0.348
24.11.2021 21:59:31,-44.105,849.304,846.160,555.236,968.322,-42.968,0.293
24.11.2021 21:59:32,-44.000,850.189,846.283,557.464,969.604,-42.771,0.364
24.11.2021 21:59:33,-43.907,849.639,846.283,558.013,970.672,-42.780,0.313
24.11.2021 21:59:34,-43.804,849.609,845.916,559.295,971.160,-42.648,0.345
24.11.2021 21:59:35,-43.708,849.639,846.313,559.783,971.954,-42.644,0.310
24.11.2021 21:59:36,-43.608,851.532,848.358,562.286,975.341,-42.572,0.295
24.11.2021 21:59:37,-43.507,852.722,849.029,563.964,976.776,-42.461,0.343
24.11.2021 21:59:38,-43.407,853.118,849.212,565.704,978.576,-42.370,0.363
24.11.2021 21:59:39,-43.306,852.050,848.999,566.040,977.630,-42.255,0.284
24.11.2021 21:59:40,-43.206,853.057,849.731,567.199,979.247,-42.226,0.309
24.11.2021 21:59:41,-43.105,853.088,849.639,568.695,980.590,-42.133,0.320
24.11.2021 21:59:42,-43.005,853.698,850.799,570.190,983.428,-42.152,0.269
24.11.2021 21:59:43,-42.902,854.827,851.654,571.380,984.954,-42.113,0.294
24.11.2021 21:59:44,-42.804,855.804,853.424,573.516,986.724,-41.970,0.220
24.11.2021 21:59:45,-42.706,856.475,852.874,574.066,986.938,-41.916,0.333
24.11.2021 21:59:46,-42.608,856.750,852.661,575.317,987.976,-41.833,0.379
24.11.2021 21:59:47,-42.507,855.987,853.271,576.080,988.372,-41.765,0.251
24.11.2021 21:59:48,-42.407,857.208,854.217,577.911,991.180,-41.740,0.276
24.11.2021 21:59:49,-42.304,857.971,855.377,579.223,992.584,-41.677,0.239
24.11.2021 21:59:50,-42.206,858.459,855.804,580.108,993.988,-41.669,0.245
24.11.2021 21:59:51,-42.105,858.764,856.109,581.970,995.086,-41.514,0.245
24.11.2021 21:59:52,-42.007,860.290,857.421,583.068,997.924,-41.585,0.264
24.11.2021 21:59:53,-41.902,860.504,857.452,584.655,997.863,-41.379,0.281
24.11.2021 21:59:54,-41.804,859.466,856.994,585.266,998.290,-41.334,0.228
24.11.2021 21:59:55,-41.706,861.908,858.428,587.036,1000.854,-41.300,0.320
24.11.2021 21:59:56,-41.598,860.778,858.001,587.799,1000.549,-41.182,0.256
24.11.2021 21:59:57,-41.505,862.091,859.130,589.233,1003.753,-41.238,0.272
24.11.2021 21:59:58,-41.407,863.159,859.924,591.278,1004.760,-41.056,0.297
24.11.2021 21:59:59,-41.299,864.624,861.908,592.742,1007.141,-41.048,0.249
24.11.2021 22:00:00,-41.206,863.677,860.961,593.017,1006.713,-40.983,0.249
24.11.2021 22:00:01,-41.100,863.769,861.175,594.238,1008.728,-40.978,0.238
24.11.2021 22:00:02,-41.005,863.983,861.450,595.184,1008.911,-40.874,0.232
24.11.2021 22:00:03,-40.902,864.929,861.846,596.649,1011.535,-40.884,0.282
24.11.2021 22:00:05,-40.794,865.600,862.609,598.236,1012.512,-40.759,0.274
24.11.2021 22:00:07,-40.693,865.325,862.548,598.571,1013.580,-40.796,0.254
24.11.2021 22:00:08,-40.600,866.394,864.105,600.616,1015.319,-40.670,0.209
24.11.2021 22:00:10,-40.492,867.156,863.464,601.440,1015.533,-40.584,0.338
24.11.2021 22:00:12,-40.392,868.377,865.356,603.027,1017.394,-40.525,0.276
24.11.2021 22:00:14,-40.291,868.286,865.783,604.248,1019.103,-40.500,0.228
24.11.2021 22:00:15,-40.206,868.469,865.844,605.133,1020.141,-40.466,0.239
24.11.2021 22:00:16,-40.095,869.598,866.516,606.262,1021.942,-40.459,0.281
24.11.2021 22:00:17,-40.005,869.842,867.034,607.208,1021.942,-40.344,0.256
24.11.2021 22:00:18,-39.894,870.758,868.408,609.680,1024.353,-40.217,0.214
24.11.2021 22:00:19,-39.806,872.833,870.239,611.236,1026.367,-40.174,0.235
24.11.2021 22:00:20,-39.703,871.856,869.293,611.877,1026.702,-40.120,0.233
24.11.2021 22:00:21,-39.608,871.704,869.781,612.640,1027.679,-40.098,0.174
24.11.2021 22:00:22,-39.502,873.138,870.635,614.837,1029.663,-39.976,0.227
24.11.2021 22:00:23,-39.402,873.168,870.239,614.868,1029.724,-39.976,0.266
24.11.2021 22:00:24,-39.304,875.061,872.375,616.699,1031.799,-39.905,0.243
24.11.2021 22:00:25,-39.203,874.603,871.582,618.011,1031.341,-39.714,0.274
24.11.2021 22:00:26,-39.103,876.678,874.145,619.598,1034.423,-39.746,0.229
24.11.2021 22:00:27,-39.002,877.105,874.511,621.185,1035.369,-39.624,0.234
24.11.2021 22:00:28,-38.907,876.098,874.175,622.161,1036.224,-39.568,0.174
24.11.2021 22:00:29,-38.804,877.716,875.274,623.504,1038.024,-39.537,0.220
24.11.2021 22:00:30,-38.703,878.143,875.854,624.908,1039.093,-39.446,0.206
24.11.2021 22:00:31,-38.605,878.936,876.434,625.488,1038.818,-39.358,0.225
24.11.2021 22:00:32,-38.505,879.058,876.739,626.647,1039.855,-39.294,0.209
24.11.2021 22:00:33,-38.404,879.882,877.380,628.204,1041.015,-39.193,0.225
24.11.2021 22:00:34,-38.304,879.364,877.258,628.692,1041.961,-39.202,0.189
24.11.2021 22:00:35,-38.203,879.303,877.380,629.791,1041.931,-39.070,0.173
24.11.2021 22:00:36,-38.108,880.523,878.021,630.218,1042.877,-39.087,0.225
24.11.2021 22:00:37,-38.005,880.309,878.051,630.767,1043.212,-39.046,0.203
24.11.2021 22:00:38,-37.904,881.958,879.394,632.690,1044.311,-38.898,0.230
24.11.2021 22:00:39,-37.806,881.164,878.417,632.659,1043.334,-38.832,0.247
24.11.2021 22:00:40,-37.703,881.652,879.211,633.697,1044.219,-38.773,0.219
24.11.2021 22:00:41,-37.603,882.476,880.126,635.131,1045.867,-38.722,0.211
24.11.2021 22:00:42,-37.502,882.568,880.493,636.383,1046.051,-38.589,0.186
24.11.2021 22:00:43,-37.404,885.162,882.781,638.153,1048.309,-38.542,0.213
24.11.2021 22:00:44,-37.301,883.850,881.561,638.031,1047.119,-38.472,0.205
24.11.2021 22:00:45,-37.203,884.582,883.087,639.587,1047.088,-38.288,0.134
24.11.2021 22:00:46,-37.103,885.803,883.361,640.350,1047.576,-38.234,0.218
24.11.2021 22:00:47,-37.002,885.894,883.331,641.632,1047.882,-38.106,0.229
24.11.2021 22:00:48,-36.904,885.986,884.246,642.639,1048.828,-38.057,0.155
24.11.2021 22:00:50,-36.806,884.826,883.361,642.730,1047.851,-37.976,0.131
24.11.2021 22:00:51,-36.706,887.023,883.911,643.798,1048.523,-37.900,0.278
24.11.2021 22:00:52,-36.603,888.305,885.742,645.416,1049.774,-37.802,0.228
24.11.2021 22:00:53,-36.505,887.970,885.253,645.751,1048.370,-37.663,0.242
24.11.2021 22:00:54,-36.407,888.153,886.169,646.759,1048.583,-37.562,0.177
24.11.2021 22:00:55,-36.304,888.977,886.993,648.315,1050.323,-37.506,0.177
24.11.2021 22:00:56,-36.206,889.160,887.207,648.925,1049.987,-37.411,0.174
24.11.2021 22:00:57,-36.105,889.831,887.756,649.932,1051.025,-37.369,0.185
24.11.2021 22:00:58,-36.005,889.923,888.214,650.787,1051.177,-37.282,0.152
24.11.2021 22:00:59,-35.907,891.326,888.916,651.641,1051.116,-37.179,0.214
24.11.2021 22:01:00,-35.806,891.845,889.678,652.374,1050.842,-37.076,0.192
24.11.2021 22:01:01,-35.706,891.052,889.526,652.893,1049.530,-36.922,0.135
24.11.2021 22:01:02,-35.608,892.669,889.709,653.991,1051.452,-36.934,0.263
24.11.2021 22:01:03,-35.507,892.333,890.686,654.724,1051.208,-36.832,0.146
24.11.2021 22:01:05,-35.394,893.127,891.082,655.700,1050.903,-36.699,0.181
24.11.2021 22:01:06,-35.306,893.249,891.143,656.005,1050.994,-36.670,0.187
24.11.2021 22:01:07,-35.198,893.615,890.838,656.158,1050.476,-36.616,0.246
24.11.2021 22:01:08,-35.105,894.409,892.639,658.752,1050.811,-36.344,0.156
24.11.2021 22:01:09,-34.995,895.049,893.615,659.240,1051.788,-36.358,0.127
24.11.2021 22:01:10,-34.904,894.042,892.364,658.660,1050.689,-36.346,0.148
24.11.2021 22:01:11,-34.801,895.935,894.317,660.186,1052.490,-36.300,0.143
24.11.2021 22:01:12,-34.706,895.721,893.646,660.278,1051.727,-36.236,0.183
24.11.2021 22:01:13,-34.605,896.209,894.622,660.797,1051.330,-36.148,0.140
24.11.2021 22:01:14,-34.507,896.850,895.446,661.254,1052.215,-36.159,0.124
24.11.2021 22:01:15,-34.407,897.338,895.599,661.865,1052.368,-36.101,0.153
24.11.2021 22:01:16,-34.304,898.620,897.247,663.970,1054.138,-35.989,0.121
24.11.2021 22:01:17,-34.206,899.200,897.277,664.855,1054.016,-35.880,0.169
24.11.2021 22:01:18,-34.108,899.597,897.918,665.344,1054.595,-35.866,0.147
24.11.2021 22:01:19,-34.007,899.536,898.223,666.229,1053.802,-35.709,0.115
24.11.2021 22:01:20,-33.907,899.291,897.643,665.222,1052.551,-35.734,0.145
24.11.2021 22:01:21,-33.806,898.986,897.583,666.473,1053.527,-35.662,0.123
24.11.2021 22:01:22,-33.708,900.024,898.040,667.694,1053.710,-35.538,0.174
24.11.2021 22:01:23,-33.603,900.665,898.834,668.243,1053.985,-35.495,0.161
24.11.2021 22:01:24,-33.507,901.336,899.841,669.128,1054.565,-35.437,0.131
24.11.2021 22:01:25,-33.404,901.641,900.421,670.166,1054.718,-35.331,0.107
24.11.2021 22:01:26,-33.306,901.367,899.353,670.257,1053.070,-35.203,0.177
24.11.2021 22:01:27,-33.206,901.519,899.536,671.295,1053.375,-35.109,0.174
24.11.2021 22:01:28,-33.105,902.313,901.336,673.126,1055.206,-35.034,0.085
24.11.2021 22:01:29,-33.007,903.106,901.062,673.583,1055.145,-34.979,0.179
24.11.2021 22:01:30,-32.904,903.472,902.313,675.079,1055.603,-34.844,0.101
24.11.2021 22:01:31,-32.804,904.449,901.397,675.537,1056.335,-34.845,0.267
24.11.2021 22:01:32,-32.703,904.846,903.350,676.849,1056.518,-34.712,0.131
24.11.2021 22:01:33,-32.603,904.266,902.587,676.361,1054.687,-34.636,0.147
24.11.2021 22:01:34,-32.505,905.334,903.442,677.673,1055.755,-34.566,0.165
24.11.2021 22:01:35,-32.407,905.029,903.381,678.680,1056.121,-34.480,0.144
24.11.2021 22:01:36,-32.306,905.914,904.541,679.504,1056.732,-34.432,0.120
24.11.2021 22:01:37,-32.203,905.853,904.388,680.023,1056.365,-34.348,0.128
24.11.2021 22:01:38,-32.105,906.707,906.158,681.823,1057.983,-34.264,0.048
24.11.2021 22:01:39,-32.002,907.409,905.761,682.281,1056.335,-34.095,0.144
24.11.2021 22:01:40,-31.899,906.219,905.303,682.525,1056.518,-34.081,0.080
24.11.2021 22:01:41,-31.799,905.975,904.418,682.830,1055.847,-34.000,0.136
24.11.2021 22:01:42,-31.703,906.127,905.029,683.776,1055.755,-33.888,0.096
24.11.2021 22:01:43,-31.603,907.836,906.829,685.150,1056.518,-33.791,0.087
24.11.2021 22:01:44,-31.507,907.958,906.219,685.699,1056.396,-33.722,0.151
24.11.2021 22:01:45,-31.404,907.806,907.226,686.798,1057.159,-33.655,0.050
24.11.2021 22:01:46,-31.304,907.745,906.616,686.920,1055.389,-33.515,0.098
24.11.2021 22:01:47,-31.206,907.501,906.433,687.683,1055.541,-33.442,0.093
24.11.2021 22:01:48,-31.103,907.562,906.646,688.842,1055.877,-33.338,0.079
24.11.2021 22:01:49,-31.002,908.416,907.348,690.093,1055.786,-33.194,0.093
24.11.2021 22:01:50,-30.902,908.874,907.134,690.704,1055.725,-33.123,0.151
24.11.2021 22:01:51,-30.799,908.630,907.501,691.131,1055.847,-33.085,0.098
24.11.2021 22:01:52,-30.706,909.179,907.684,692.382,1055.358,-32.913,0.130
24.11.2021 22:01:53,-30.603,909.362,908.233,693.450,1056.121,-32.851,0.098
24.11.2021 22:01:55,-30.500,908.966,907.470,694.396,1055.358,-32.692,0.130
24.11.2021 22:01:56,-30.402,909.759,908.752,695.770,1056.396,-32.617,0.087
24.11.2021 22:01:58,-30.296,911.376,909.576,697.509,1057.586,-32.513,0.156
24.11.2021 22:02:00,-30.193,909.698,908.142,697.296,1054.443,-32.310,0.135
24.11.2021 22:02:02,-30.093,911.071,910.278,699.645,1056.549,-32.206,0.069
24.11.2021 22:02:03,-30.002,912.139,910.797,701.507,1057.495,-32.072,0.116
24.11.2021 22:02:05,-29.894,911.132,910.186,701.293,1056.610,-32.032,0.082
24.11.2021 22:02:06,-29.799,911.315,910.003,702.026,1056.365,-31.935,0.114
24.11.2021 22:02:07,-29.693,912.109,911.285,703.430,1057.342,-31.853,0.071
24.11.2021 22:02:08,-29.608,911.804,910.400,703.521,1055.877,-31.738,0.122
24.11.2021 22:02:09,-29.492,911.834,910.339,705.169,1055.847,-31.558,0.130
24.11.2021 22:02:10,-29.399,912.322,911.254,705.841,1056.213,-31.512,0.092
24.11.2021 22:02:11,-29.299,912.445,911.102,706.787,1056.274,-31.414,0.116
24.11.2021 22:02:12,-29.203,912.780,911.285,707.366,1055.419,-31.290,0.129
24.11.2021 22:02:13,-29.100,911.743,910.553,707.702,1055.389,-31.252,0.103
24.11.2021 22:02:14,-29.002,912.200,910.675,709.106,1056.060,-31.149,0.132
24.11.2021 22:02:15,-28.899,912.780,912.048,710.083,1056.427,-31.071,0.063
24.11.2021 22:02:16,-28.801,913.177,911.895,710.632,1055.786,-30.966,0.111
24.11.2021 22:02:17,-28.701,912.994,912.017,711.883,1056.365,-30.874,0.084
24.11.2021 22:02:18,-28.600,912.658,911.651,712.585,1056.427,-30.803,0.087
24.11.2021 22:02:19,-28.497,913.391,912.383,713.500,1056.060,-30.679,0.087
24.11.2021 22:02:20,-28.399,912.841,911.926,714.172,1056.121,-30.611,0.079
24.11.2021 22:02:21,-28.299,912.170,911.132,715.179,1056.060,-30.499,0.090
24.11.2021 22:02:22,-28.198,912.841,911.987,716.033,1056.243,-30.421,0.074
24.11.2021 22:02:23,-28.098,913.574,912.078,717.315,1056.884,-30.331,0.129
24.11.2021 22:02:24,-28.000,913.208,912.475,718.078,1056.091,-30.193,0.063
24.11.2021 22:02:25,-27.894,914.153,913.147,719.238,1056.610,-30.107,0.087
24.11.2021 22:02:26,-27.799,913.024,911.773,719.604,1055.267,-29.971,0.108
24.11.2021 22:02:27,-27.696,913.055,912.109,720.916,1056.976,-29.955,0.082
24.11.2021 22:02:28,-27.598,913.146,913.390,722.686,1057.098,-29.777,-0.021
24.11.2021 22:02:29,-27.500,913.391,912.384,722.656,1056.823,-29.760,0.087
24.11.2021 22:02:30,-27.397,913.574,912.200,723.754,1056.976,-29.655,0.119
24.11.2021 22:02:31,-27.296,913.055,912.261,724.639,1055.694,-29.469,0.068
24.11.2021 22:02:32,-27.198,913.391,912.170,725.738,1055.450,-29.335,0.105
24.11.2021 22:02:33,-27.100,914.093,912.628,727.020,1056.823,-29.300,0.127
24.11.2021 22:02:35,-26.995,913.635,913.146,728.332,1056.854,-29.164,0.042
24.11.2021 22:02:36,-26.894,914.764,914.184,730.133,1058.746,-29.112,0.050
24.11.2021 22:02:37,-26.799,914.825,913.360,731.262,1058.929,-29.007,0.126
24.11.2021 22:02:38,-26.701,914.306,913.391,732.391,1058.654,-28.869,0.079
24.11.2021 22:02:39,-26.600,915.985,914.459,734.832,1059.539,-28.678,0.132
24.11.2021 22:02:40,-26.500,914.581,913.909,733.612,1058.380,-28.721,0.058
24.11.2021 22:02:41,-26.397,915.496,913.757,735.992,1059.295,-28.539,0.150
24.11.2021 22:02:42,-26.294,914.123,913.269,736.572,1057.464,-28.346,0.074
24.11.2021 22:02:43,-26.198,914.062,912.872,737.457,1057.800,-28.278,0.103
24.11.2021 22:02:44,-26.095,914.916,914.245,739.776,1059.204,-28.139,0.058
24.11.2021 22:02:45,-25.992,915.405,914.703,741.455,1060.058,-28.027,0.060
24.11.2021 22:02:46,-25.894,916.259,914.642,742.492,1059.173,-27.855,0.139
24.11.2021 22:02:47,-25.794,914.672,913.848,742.462,1058.563,-27.814,0.071
24.11.2021 22:02:48,-25.701,914.398,912.872,743.286,1058.319,-27.711,0.132
24.11.2021 22:02:49,-25.600,913.879,913.299,744.720,1059.234,-27.630,0.050
24.11.2021 22:02:50,-25.497,916.198,915.252,747.558,1059.570,-27.362,0.081
24.11.2021 22:02:51,-25.397,915.100,913.726,747.467,1058.227,-27.274,0.119
24.11.2021 22:02:52,-25.299,915.832,915.099,749.053,1058.990,-27.166,0.063
24.11.2021 22:02:53,-25.198,916.290,914.581,750.671,1058.654,-26.976,0.147
24.11.2021 22:02:54,-25.100,915.130,913.787,751.770,1058.502,-26.852,0.116
24.11.2021 22:02:55,-24.997,915.557,914.978,753.417,1059.478,-26.755,0.050
24.11.2021 22:02:56,-24.899,915.588,913.574,754.302,1058.014,-26.558,0.174
24.11.2021 22:02:57,-24.799,916.595,915.039,756.591,1058.074,-26.329,0.134
24.11.2021 22:02:58,-24.701,915.069,914.001,756.866,1057.708,-26.274,0.092
24.11.2021 22:02:59,-24.598,916.412,915.405,759.338,1058.715,-26.096,0.087
24.11.2021 22:03:00,-24.502,916.015,915.313,760.070,1057.495,-25.933,0.060
24.11.2021 22:03:01,-24.397,915.893,914.428,761.413,1057.556,-25.801,0.126
24.11.2021 22:03:02,-24.294,915.008,914.276,762.145,1056.762,-25.669,0.063
24.11.2021 22:03:03,-24.201,915.801,915.344,764.678,1057.800,-25.489,0.039
24.11.2021 22:03:04,-24.100,916.412,915.435,766.326,1057.983,-25.336,0.084
24.11.2021 22:03:05,-24.000,915.557,915.222,766.235,1057.007,-25.274,0.029
24.11.2021 22:03:06,-23.897,914.978,914.001,767.730,1055.419,-25.007,0.084
24.11.2021 22:03:07,-23.799,917.297,916.625,770.721,1057.128,-24.832,0.058
24.11.2021 22:03:08,-23.696,915.466,915.313,771.545,1056.457,-24.700,0.013
24.11.2021 22:03:09,-23.600,915.527,914.764,772.277,1056.274,-24.613,0.066
24.11.2021 22:03:10,-23.497,915.771,914.703,773.559,1056.274,-24.485,0.092
24.11.2021 22:03:11,-23.397,915.588,915.557,775.451,1056.213,-24.291,0.002
24.11.2021 22:03:12,-23.296,915.801,915.527,776.428,1056.060,-24.183,0.023
24.11.2021 22:03:13,-23.196,916.412,915.283,777.740,1055.877,-24.039,0.097
24.11.2021 22:03:14,-23.100,916.259,915.374,779.022,1056.182,-23.934,0.076
24.11.2021 22:03:15,-22.997,916.748,915.679,780.456,1055.938,-23.773,0.092
24.11.2021 22:03:16,-22.899,916.686,915.588,781.768,1055.206,-23.589,0.095
24.11.2021 22:03:17,-22.796,916.748,916.412,782.379,1056.030,-23.589,0.029
24.11.2021 22:03:18,-22.703,916.839,916.076,784.027,1055.938,-23.420,0.065
24.11.2021 22:03:19,-22.598,916.748,916.107,784.973,1054.840,-23.245,0.055
24.11.2021 22:03:20,-22.500,916.259,915.405,786.224,1055.023,-23.135,0.073
24.11.2021 22:03:21,-22.394,915.222,915.161,786.621,1054.229,-23.038,0.005
24.11.2021 22:03:22,-22.301,916.686,915.985,788.604,1055.755,-22.955,0.060
24.11.2021 22:03:23,-22.198,916.107,914.794,789.611,1054.748,-22.782,0.113
24.11.2021 22:03:24,-22.095,916.686,916.473,791.168,1055.358,-22.674,0.018
24.11.2021 22:03:25,-21.995,916.595,915.557,791.442,1053.741,-22.528,0.089
24.11.2021 22:03:26,-21.899,916.076,915.191,792.816,1052.856,-22.328,0.076
24.11.2021 22:03:27,-21.796,915.710,915.222,793.548,1053.680,-22.317,0.042
24.11.2021 22:03:28,-21.696,916.259,916.046,796.020,1053.833,-22.087,0.018
24.11.2021 22:03:29,-21.598,914.520,914.550,796.203,1052.062,-21.938,-0.002
24.11.2021 22:03:30,-21.497,914.855,915.069,798.065,1053.100,-21.833,-0.018
24.11.2021 22:03:31,-21.394,915.741,914.855,799.133,1053.100,-21.729,0.076
24.11.2021 22:03:32,-21.296,915.313,914.886,799.468,1052.124,-21.624,0.036
24.11.2021 22:03:33,-21.196,915.069,914.306,800.476,1050.811,-21.429,0.066
24.11.2021 22:03:34,-21.105,914.123,914.062,801.635,1050.018,-21.258,0.005
24.11.2021 22:03:35,-21.002,914.916,914.978,803.863,1051.818,-21.175,-0.005
24.11.2021 22:03:36,-20.894,914.886,914.703,805.267,1050.781,-20.963,0.015
24.11.2021 22:03:37,-20.794,913.513,913.787,805.114,1050.201,-20.934,-0.023
24.11.2021 22:03:38,-20.698,915.161,914.642,808.105,1051.361,-20.732,0.044
24.11.2021 22:03:39,-20.595,914.733,913.909,808.959,1050.415,-20.579,0.071
24.11.2021 22:03:40,-20.500,914.825,913.940,809.661,1050.659,-20.530,0.076
24.11.2021 22:03:41,-20.392,913.726,913.726,811.492,1049.713,-20.284,-0.000
24.11.2021 22:03:42,-20.294,914.306,914.734,813.140,1050.750,-20.202,-0.037
24.11.2021 22:03:43,-20.201,914.428,914.520,813.903,1050.475,-20.109,-0.007
24.11.2021 22:03:45,-20.098,914.886,914.611,815.826,1050.506,-19.927,0.023
24.11.2021 22:03:46,-20.000,913.513,914.062,815.826,1049.133,-19.825,-0.047
24.11.2021 22:03:48,-19.894,914.489,914.276,817.016,1049.865,-19.766,0.018
24.11.2021 22:03:50,-19.794,913.757,914.093,818.817,1047.760,-19.438,-0.029
24.11.2021 22:03:51,-19.701,914.459,914.306,820.190,1048.767,-19.382,0.013
24.11.2021 22:03:53,-19.598,912.933,912.963,820.129,1047.180,-19.269,-0.002
24.11.2021 22:03:54,-19.497,912.170,912.536,820.892,1046.661,-19.158,-0.031
24.11.2021 22:03:55,-19.404,912.261,912.658,823.364,1046.905,-18.941,-0.034
24.11.2021 22:03:56,-19.296,913.452,913.604,825.561,1047.149,-18.751,-0.013
24.11.2021 22:03:57,-19.198,914.062,913.360,827.331,1047.119,-18.582,0.060
24.11.2021 22:03:58,-19.098,913.238,913.055,828.002,1045.227,-18.377,0.015
24.11.2021 22:03:59,-18.997,912.963,912.506,829.009,1044.311,-18.214,0.039
24.11.2021 22:04:00,-18.897,911.560,912.414,829.528,1043.487,-18.103,-0.074
24.11.2021 22:04:01,-18.796,911.468,912.109,831.176,1042.572,-17.879,-0.055
24.11.2021 22:04:02,-18.696,911.743,912.414,832.702,1042.541,-17.733,-0.058
24.11.2021 22:04:03,-18.598,911.346,911.560,833.404,1041.351,-17.578,-0.018
24.11.2021 22:04:04,-18.495,911.621,912.048,835.052,1041.107,-17.405,-0.037
24.11.2021 22:04:05,-18.394,911.438,911.590,835.662,1039.794,-17.249,-0.013
24.11.2021 22:04:06,-18.301,910.492,910.034,836.425,1038.360,-17.069,0.039
24.11.2021 22:04:07,-18.193,909.393,910.247,837.524,1037.811,-16.925,-0.074
24.11.2021 22:04:08,-18.095,910.980,911.620,839.569,1039.245,-16.842,-0.055
24.11.2021 22:04:09,-17.995,910.736,911.254,840.087,1038.269,-16.720,-0.045
24.11.2021 22:04:10,-17.894,910.583,911.285,841.552,1037.414,-16.519,-0.061
24.11.2021 22:04:11,-17.791,911.193,911.163,843.292,1036.499,-16.288,0.002
24.11.2021 22:04:12,-17.698,910.034,910.919,843.261,1035.430,-16.210,-0.077
24.11.2021 22:04:13,-17.593,908.599,908.874,843.505,1034.576,-16.123,-0.023
24.11.2021 22:04:14,-17.492,909.423,909.973,845.367,1034.698,-15.959,-0.047
24.11.2021 22:04:15,-17.392,908.447,908.782,845.214,1033.569,-15.888,-0.029
24.11.2021 22:04:16,-17.294,908.935,909.057,846.405,1032.745,-15.715,-0.010
24.11.2021 22:04:17,-17.193,908.416,908.996,846.923,1031.738,-15.590,-0.050
24.11.2021 22:04:18,-17.093,908.752,908.630,847.564,1031.250,-15.493,0.010
24.11.2021 22:04:20,-16.995,907.958,908.081,847.900,1030.395,-15.397,-0.010
24.11.2021 22:04:21,-16.894,907.257,907.958,848.937,1030.242,-15.290,-0.061
24.11.2021 22:04:22,-16.796,907.653,908.111,850.524,1031.188,-15.215,-0.039
24.11.2021 22:04:23,-16.693,907.470,908.935,851.989,1031.646,-15.115,-0.127
24.11.2021 22:04:24,-16.598,907.196,907.379,852.172,1030.120,-14.982,-0.015
24.11.2021 22:04:25,-16.497,907.379,907.195,852.783,1029.449,-14.874,0.015
24.11.2021 22:04:26,-16.394,906.677,907.379,853.179,1027.893,-14.719,-0.061
24.11.2021 22:04:27,-16.291,905.670,905.822,853.271,1025.543,-14.531,-0.013
24.11.2021 22:04:28,-16.193,905.334,906.127,853.851,1026.611,-14.559,-0.069
24.11.2021 22:04:29,-16.095,906.585,906.585,856.140,1027.587,-14.423,0.000
24.11.2021 22:04:30,-15.995,906.555,906.677,857.299,1026.916,-14.266,-0.010
24.11.2021 22:04:31,-15.892,905.975,906.127,857.513,1025.817,-14.162,-0.013
24.11.2021 22:04:32,-15.791,905.364,905.700,857.391,1024.688,-14.087,-0.029
24.11.2021 22:04:33,-15.696,904.602,904.968,857.879,1023.559,-13.955,-0.032
24.11.2021 22:04:34,-15.598,904.388,903.869,858.367,1023.193,-13.882,0.045
24.11.2021 22:04:35,-15.495,903.930,903.991,859.680,1021.972,-13.668,-0.005
24.11.2021 22:04:36,-15.397,903.411,903.869,859.466,1021.698,-13.667,-0.040
24.11.2021 22:04:37,-15.296,903.137,903.015,860.259,1020.782,-13.524,0.010
24.11.2021 22:04:38,-15.193,902.832,903.717,861.419,1020.721,-13.413,-0.077
24.11.2021 22:04:39,-15.098,902.954,902.923,860.992,1019.226,-13.337,0.002
24.11.2021 22:04:40,-14.995,902.832,902.862,862.609,1018.554,-13.137,-0.002
24.11.2021 22:04:41,-14.894,900.756,901.428,862.762,1017.211,-13.019,-0.059
24.11.2021 22:04:42,-14.794,901.367,901.886,863.830,1017.669,-12.957,-0.045
24.11.2021 22:04:43,-14.696,901.367,901.794,864.807,1017.242,-12.835,-0.037
24.11.2021 22:04:44,-14.598,900.726,900.573,864.715,1015.930,-12.742,0.013
24.11.2021 22:04:45,-14.492,901.153,901.580,865.631,1015.502,-12.626,-0.037
24.11.2021 22:04:46,-14.394,900.726,900.878,866.455,1014.465,-12.470,-0.013
24.11.2021 22:04:47,-14.296,901.214,901.336,867.828,1014.038,-12.312,-0.010
24.11.2021 22:04:48,-14.196,900.299,900.604,868.072,1014.312,-12.312,-0.026
24.11.2021 22:04:49,-14.098,900.817,901.397,869.354,1013.915,-12.164,-0.050
24.11.2021 22:04:50,-13.997,900.176,900.726,870.452,1013.336,-12.020,-0.048
24.11.2021 22:04:51,-13.897,899.322,900.146,870.452,1012.390,-11.946,-0.072
24.11.2021 22:04:52,-13.791,899.536,900.421,872.131,1012.084,-11.771,-0.077
24.11.2021 22:04:53,-13.696,899.597,899.749,872.131,1010.955,-11.683,-0.013
24.11.2021 22:04:54,-13.595,899.261,898.529,872.375,1011.627,-11.713,0.064
24.11.2021 22:04:55,-13.495,898.773,899.536,873.504,1009.948,-11.480,-0.067
24.11.2021 22:04:56,-13.394,898.712,899.902,873.718,1010.223,-11.482,-0.104
24.11.2021 22:04:57,-13.296,898.681,898.712,874.633,1008.422,-11.259,-0.002
24.11.2021 22:04:58,-13.198,897.857,897.643,874.694,1006.713,-11.120,0.018
24.11.2021 22:04:59,-13.098,897.827,897.857,874.816,1006.164,-11.066,-0.002
24.11.2021 22:05:00,-12.995,896.545,896.514,875.152,1004.943,-10.940,0.002
24.11.2021 22:05:01,-12.897,895.935,896.392,875.915,1004.089,-10.804,-0.040
24.11.2021 22:05:02,-12.791,895.416,896.575,876.739,1003.936,-10.718,-0.102
24.11.2021 22:05:03,-12.693,895.141,896.789,878.112,1004.516,-10.640,-0.145
24.11.2021 22:05:04,-12.593,895.996,896.118,878.143,1002.593,-10.486,-0.010
24.11.2021 22:05:05,-12.495,895.812,895.568,879.150,1002.807,-10.413,0.021
24.11.2021 22:05:06,-12.397,895.141,895.843,879.150,1000.640,-10.242,-0.062
24.11.2021 22:05:07,-12.291,894.653,894.683,879.486,999.481,-10.120,-0.002
24.11.2021 22:05:08,-12.196,893.890,894.287,880.309,998.382,-9.960,-0.035
24.11.2021 22:05:09,-12.100,893.127,893.005,880.096,996.917,-9.863,0.010
24.11.2021 22:05:10,-11.997,893.188,893.310,880.676,996.368,-9.767,-0.010
24.11.2021 22:05:11,-11.894,893.005,893.676,881.744,996.429,-9.677,-0.059
24.11.2021 22:05:12,-11.799,893.218,893.554,882.690,995.239,-9.498,-0.029
24.11.2021 22:05:13,-11.698,892.700,892.211,881.897,993.621,-9.440,0.043
24.11.2021 22:05:14,-11.593,892.394,892.822,883.514,994.262,-9.346,-0.037
24.11.2021 22:05:15,-11.497,891.937,891.510,882.598,992.553,-9.292,0.037
24.11.2021 22:05:16,-11.397,891.784,891.723,882.903,992.187,-9.236,0.005
24.11.2021 22:05:17,-11.296,891.509,892.089,884.124,991.668,-9.085,-0.051
24.11.2021 22:05:18,-11.198,892.852,893.127,885.986,991.485,-8.905,-0.024
24.11.2021 22:05:19,-11.103,891.143,891.296,884.063,989.288,-8.901,-0.013
24.11.2021 22:05:20,-10.997,890.380,890.441,884.552,988.769,-8.816,-0.005
24.11.2021 22:05:21,-10.899,890.319,891.052,886.108,989.135,-8.706,-0.065
24.11.2021 22:05:22,-10.806,888.854,889.831,884.826,988.037,-8.733,-0.087
24.11.2021 22:05:23,-10.696,888.427,889.251,885.345,987.121,-8.613,-0.073
24.11.2021 22:05:24,-10.598,889.129,889.404,885.711,987.335,-8.598,-0.024
24.11.2021 22:05:25,-10.502,888.885,888.244,886.260,986.206,-8.458,0.057
24.11.2021 22:05:26,-10.404,889.312,889.190,886.444,985.137,-8.357,0.010
24.11.2021 22:05:27,-10.306,888.305,887.725,886.322,984.893,-8.348,0.051
24.11.2021 22:05:28,-10.201,888.977,888.946,888.031,985.778,-8.267,0.002
24.11.2021 22:05:29,-10.095,887.512,887.603,887.451,984.466,-8.213,-0.008
24.11.2021 22:05:30,-9.997,887.725,887.481,887.542,983.581,-8.134,0.021
24.11.2021 22:05:31,-9.902,887.390,887.237,888.976,984.191,-8.055,0.013
24.11.2021 22:05:33,-9.791,887.603,887.817,888.763,983.428,-8.013,-0.019
24.11.2021 22:05:34,-9.696,887.023,886.627,888.977,982.421,-7.913,0.035
24.11.2021 22:05:36,-9.593,887.084,886.901,890.289,981.079,-7.688,0.016
24.11.2021 22:05:37,-9.500,886.627,886.871,889.801,980.865,-7.714,-0.021
24.11.2021 22:05:39,-9.394,886.444,887.023,890.350,980.651,-7.648,-0.051
24.11.2021 22:05:40,-9.291,884.674,884.155,889.434,977.905,-7.508,0.046
24.11.2021 22:05:41,-9.203,884.857,885.375,891.113,979.003,-7.448,-0.046
24.11.2021 22:05:42,-9.098,884.552,884.643,890.686,977.874,-7.394,-0.008
24.11.2021 22:05:43,-9.000,884.429,884.796,891.540,976.898,-7.239,-0.032
24.11.2021 22:05:44,-8.902,885.253,885.284,893.158,977.722,-7.163,-0.002
24.11.2021 22:05:45,-8.796,884.002,884.368,893.219,975.311,-6.962,-0.032
24.11.2021 22:05:46,-8.698,883.789,884.246,893.188,974.792,-6.923,-0.041
24.11.2021 22:05:47,-8.598,882.873,883.178,893.371,974.182,-6.857,-0.027
24.11.2021 22:05:48,-8.495,882.812,883.392,894.500,973.602,-6.710,-0.052
24.11.2021 22:05:49,-8.392,883.148,883.850,895.263,973.419,-6.628,-0.062
24.11.2021 22:05:50,-8.294,882.751,882.751,895.355,972.778,-6.568,-0.000
24.11.2021 22:05:51,-8.193,882.415,882.751,895.324,971.771,-6.488,-0.030
24.11.2021 22:05:52,-8.093,882.232,882.720,895.111,970.886,-6.435,-0.043
24.11.2021 22:05:53,-7.992,882.476,883.514,895.965,970.367,-6.317,-0.093
24.11.2021 22:05:54,-7.894,881.927,881.622,896.881,969.573,-6.172,0.027
24.11.2021 22:05:55,-7.794,881.500,882.629,897.277,969.604,-6.139,-0.101
24.11.2021 22:05:56,-7.696,880.767,881.133,896.331,968.627,-6.143,-0.032
24.11.2021 22:05:57,-7.593,880.615,882.049,897.216,967.895,-6.005,-0.128
24.11.2021 22:05:58,-7.495,880.737,881.652,897.918,968.780,-6.016,-0.082
24.11.2021 22:05:59,-7.399,882.293,881.622,899.078,968.231,-5.869,0.060
24.11.2021 22:06:00,-7.294,880.523,880.371,897.766,966.064,-5.807,0.013
24.11.2021 22:06:01,-7.193,880.676,880.920,898.773,966.430,-5.748,-0.021
24.11.2021 22:06:02,-7.095,879.333,879.791,898.040,965.026,-5.698,-0.041
24.11.2021 22:06:03,-6.997,879.913,880.706,900.177,965.698,-5.565,-0.071
24.11.2021 22:06:04,-6.897,879.913,881.073,900.238,965.026,-5.504,-0.104
24.11.2021 22:06:06,-6.794,880.126,880.889,901.062,965.057,-5.434,-0.068
24.11.2021 22:06:07,-6.696,878.387,880.126,900.756,963.806,-5.358,-0.156
24.11.2021 22:06:08,-6.593,878.387,878.875,900.024,962.616,-5.325,-0.044
24.11.2021 22:06:09,-6.497,878.540,879.150,900.970,962.310,-5.217,-0.055
24.11.2021 22:06:10,-6.394,878.021,878.753,901.000,961.242,-5.126,-0.066
24.11.2021 22:06:11,-6.296,879.089,878.936,903.747,961.456,-4.903,0.013
24.11.2021 22:06:12,-6.198,878.540,879.302,903.198,960.479,-4.870,-0.068
24.11.2021 22:06:13,-6.095,878.326,879.028,903.472,959.411,-4.758,-0.063
24.11.2021 22:06:14,-5.997,876.800,877.349,902.374,957.672,-4.711,-0.049
24.11.2021 22:06:15,-5.897,877.960,878.417,904.724,958.282,-4.555,-0.041
24.11.2021 22:06:16,-5.791,878.784,878.997,906.097,959.167,-4.508,-0.019
24.11.2021 22:06:17,-5.701,877.807,877.899,905.029,957.488,-4.463,-0.008
24.11.2021 22:06:18,-5.598,877.410,877.899,904.693,956.085,-4.376,-0.044
24.11.2021 22:06:19,-5.495,877.807,878.051,905.944,956.085,-4.267,-0.022
24.11.2021 22:06:20,-5.394,877.563,877.380,906.341,955.108,-4.151,0.016
24.11.2021 22:06:21,-5.301,878.021,878.021,907.409,954.956,-4.045,0.000
24.11.2021 22:06:22,-5.196,876.922,877.899,907.684,954.223,-3.961,-0.088
24.11.2021 22:06:23,-5.098,876.586,877.136,907.379,953.765,-3.949,-0.049
24.11.2021 22:06:24,-4.995,876.708,876.831,907.470,952.270,-3.817,-0.011
24.11.2021 22:06:25,-4.894,876.861,876.800,908.111,952.636,-3.792,0.005
24.11.2021 22:06:26,-4.794,877.532,877.288,908.508,951.598,-3.671,0.022
24.11.2021 22:06:27,-4.696,877.136,877.014,907.958,950.225,-3.604,0.011
24.11.2021 22:06:28,-4.595,876.739,877.136,909.057,950.256,-3.511,-0.035
24.11.2021 22:06:29,-4.492,875.884,875.823,908.386,949.767,-3.529,0.005
24.11.2021 22:06:30,-4.392,875.824,876.464,909.881,949.676,-3.391,-0.057
24.11.2021 22:06:31,-4.294,875.946,876.281,909.515,949.371,-3.397,-0.030
24.11.2021 22:06:32,-4.198,875.549,876.586,909.851,948.364,-3.284,-0.093
24.11.2021 22:06:33,-4.098,877.105,877.105,911.376,948.760,-3.185,0.000
24.11.2021 22:06:34,-3.995,876.220,875.213,910.675,947.906,-3.174,0.091
24.11.2021 22:06:35,-3.897,876.159,875.763,911.163,946.533,-3.017,0.035
24.11.2021 22:06:36,-3.796,875.274,876.159,911.010,946.930,-3.063,-0.080
24.11.2021 22:06:37,-3.698,877.441,876.312,913.146,947.326,-2.911,0.102
24.11.2021 22:06:38,-3.598,876.281,876.739,912.719,946.807,-2.905,-0.041
24.11.2021 22:06:39,-3.495,877.197,876.892,913.909,946.105,-2.743,0.027
24.11.2021 22:06:40,-3.399,876.983,877.258,914.489,945.953,-2.680,-0.024
24.11.2021 22:06:41,-3.299,876.403,876.403,914.154,944.976,-2.627,-0.000
24.11.2021 22:06:42,-3.198,875.854,875.915,914.611,944.702,-2.564,-0.005
24.11.2021 22:06:43,-3.095,875.824,875.488,915.344,944.549,-2.488,0.030
24.11.2021 22:06:44,-2.997,875.427,875.305,915.283,943.176,-2.378,0.011
24.11.2021 22:06:45,-2.897,875.854,876.190,915.344,943.817,-2.427,-0.030
24.11.2021 22:06:46,-2.791,876.464,875.640,916.870,941.375,-2.089,0.074
24.11.2021 22:06:47,-2.693,875.366,875.061,916.137,940.216,-2.055,0.027
24.11.2021 22:06:48,-2.595,875.946,875.213,917.144,940.826,-2.019,0.066
24.11.2021 22:06:49,-2.495,874.908,875.274,917.877,940.155,-1.900,-0.033
24.11.2021 22:06:50,-2.392,875.274,875.488,918.487,939.849,-1.821,-0.019
24.11.2021 22:06:51,-2.291,875.945,875.579,919.616,939.453,-1.690,0.033
24.11.2021 22:06:52,-2.196,876.129,875.396,920.623,939.636,-1.619,0.066
24.11.2021 22:06:53,-2.098,875.824,875.549,920.288,938.110,-1.519,0.024
24.11.2021 22:06:54,-1.995,876.403,876.312,920.318,937.621,-1.475,0.008
24.11.2021 22:06:55,-1.894,876.068,875.213,920.929,936.950,-1.366,0.077
24.11.2021 22:06:56,-1.794,875.183,875.427,920.745,936.615,-1.354,-0.022
24.11.2021 22:06:57,-1.693,875.366,875.640,921.264,936.309,-1.283,-0.024
24.11.2021 22:06:58,-1.598,874.847,874.450,921.691,934.905,-1.127,0.035
24.11.2021 22:06:59,-1.505,875.549,875.732,922.699,935.668,-1.106,-0.016
24.11.2021 22:07:00,-1.394,876.983,876.922,923.553,935.760,-1.040,0.005
24.11.2021 22:07:01,-1.294,876.739,875.732,923.461,935.302,-1.009,0.091
24.11.2021 22:07:02,-1.196,876.983,877.258,924.743,935.607,-0.925,-0.024
24.11.2021 22:07:03,-1.098,876.220,876.464,924.652,933.258,-0.734,-0.022
24.11.2021 22:07:04,-0.997,877.471,877.075,925.292,934.692,-0.800,0.035
24.11.2021 22:07:05,-0.897,875.915,876.220,924.896,933.288,-0.715,-0.027
24.11.2021 22:07:06,-0.799,876.739,876.068,925.781,932.495,-0.572,0.060
24.11.2021 22:07:07,-0.696,877.593,876.739,925.506,931.976,-0.551,0.077
24.11.2021 22:07:08,-0.598,876.678,875.945,926.513,932.128,-0.478,0.066
24.11.2021 22:07:09,-0.500,875.457,875.732,926.117,931.152,-0.429,-0.024
24.11.2021 22:07:10,-0.394,876.586,876.403,926.239,931.610,-0.458,0.016
24.11.2021 22:07:11,-0.301,875.915,875.701,927.429,930.694,-0.278,0.019
24.11.2021 22:07:12,-0.203,876.464,876.770,928.375,931.091,-0.231,-0.027
24.11.2021 22:07:13,-0.103,877.746,876.800,929.809,930.877,-0.090,0.085
24.11.2021 22:07:14,0.000,876.831,876.678,929.046,929.656,-0.052,0.013
24.11.2021 22:07:15,0.093,876.678,876.434,930.328,930.267,0.005,0.022
24.11.2021 22:07:16,0.201,877.166,876.983,930.847,929.778,0.090,0.016
24.11.2021 22:07:17,0.299,877.685,877.166,931.701,928.894,0.239,0.046
24.11.2021 22:07:19,0.400,878.021,877.899,933.197,929.260,0.334,0.011
24.11.2021 22:07:21,0.508,877.319,876.831,932.678,927.917,0.405,0.044
24.11.2021 22:07:23,0.606,877.044,876.800,932.739,927.184,0.473,0.022
24.11.2021 22:07:25,0.706,878.936,878.631,934.539,927.368,0.610,0.027
24.11.2021 22:07:27,0.799,878.753,878.723,935.241,927.581,0.651,0.002
24.11.2021 22:07:28,0.900,879.089,878.265,935.058,927.703,0.625,0.074
24.11.2021 22:07:30,1.008,877.868,878.387,935.333,926.422,0.758,-0.046
24.11.2021 22:07:31,1.101,879.791,879.608,937.835,927.734,0.858,0.016
24.11.2021 22:07:32,1.204,879.486,879.180,937.682,927.093,0.899,0.027
24.11.2021 22:07:33,1.302,878.356,878.692,937.469,925.353,1.030,-0.030
24.11.2021 22:07:34,1.397,878.784,878.479,937.683,924.621,1.111,0.027
24.11.2021 22:07:35,1.503,878.143,878.356,937.713,924.530,1.121,-0.019
24.11.2021 22:07:36,1.606,878.204,878.845,938.964,925.781,1.120,-0.057
24.11.2021 22:07:37,1.706,878.662,877.960,938.446,923.614,1.262,0.063
24.11.2021 22:07:38,1.804,878.631,878.692,938.659,923.614,1.280,-0.005
24.11.2021 22:07:39,1.902,879.424,879.180,940.032,923.462,1.409,0.022
24.11.2021 22:07:40,2.003,879.516,879.608,940.429,922.485,1.526,-0.008
24.11.2021 22:07:41,2.103,879.547,879.089,940.887,922.485,1.565,0.041
24.11.2021 22:07:42,2.204,879.333,879.302,942.321,923.309,1.615,0.002
24.11.2021 22:07:43,2.304,879.272,879.882,942.138,923.400,1.591,-0.054
24.11.2021 22:07:44,2.405,880.126,879.760,942.840,922.851,1.697,0.032
24.11.2021 22:07:45,2.508,880.676,879.974,944.488,923.034,1.820,0.063
24.11.2021 22:07:46,2.606,880.401,880.126,944.671,922.271,1.901,0.024
24.11.2021 22:07:47,2.706,881.896,881.805,945.922,922.271,2.006,0.008
24.11.2021 22:07:48,2.807,881.317,880.432,945.800,920.654,2.135,0.079
24.11.2021 22:07:49,2.905,880.798,880.584,946.472,921.630,2.107,0.019
24.11.2021 22:07:50,3.005,881.103,880.584,947.082,920.562,2.250,0.046
24.11.2021 22:07:52,3.106,881.927,881.713,948.852,921.325,2.332,0.019
24.11.2021 22:07:53,3.209,881.713,880.859,949.218,920.257,2.455,0.076
24.11.2021 22:07:54,3.304,882.019,881.073,949.584,919.494,2.551,0.085
24.11.2021 22:07:55,3.405,882.690,880.798,950.591,919.250,2.656,0.170
24.11.2021 22:07:56,3.505,881.927,881.103,950.683,918.640,2.716,0.074
24.11.2021 22:07:57,3.608,881.500,880.157,951.171,917.053,2.894,0.120
24.11.2021 22:07:58,3.706,881.103,880.645,951.324,916.839,2.925,0.041
24.11.2021 22:07:59,3.807,881.958,881.225,953.002,916.442,3.099,0.065
24.11.2021 22:08:00,3.905,882.781,882.354,954.223,917.175,3.137,0.038
24.11.2021 22:08:01,4.000,883.697,883.148,956.237,916.015,3.404,0.049
24.11.2021 22:08:02,4.106,882.568,882.171,955.596,916.076,3.346,0.035
24.11.2021 22:08:03,4.204,884.063,882.598,956.481,915.527,3.467,0.131
24.11.2021 22:08:04,4.304,884.368,882.507,957.916,915.679,3.572,0.166
24.11.2021 22:08:05,4.405,884.491,883.117,958.343,914.276,3.729,0.123
24.11.2021 22:08:06,4.503,885.650,884.002,959.838,914.276,3.852,0.147
24.11.2021 22:08:07,4.601,885.284,883.972,960.327,914.001,3.916,0.117
24.11.2021 22:08:08,4.706,885.742,884.674,960.540,913.574,3.971,0.095
24.11.2021 22:08:09,4.799,885.040,884.490,960.662,912.292,4.092,0.049
24.11.2021 22:08:10,4.902,885.498,884.460,961.395,912.963,4.094,0.092
24.11.2021 22:08:11,5.005,885.131,884.368,962.371,911.407,4.310,0.068
24.11.2021 22:08:12,5.106,886.077,884.612,962.646,911.682,4.309,0.131
24.11.2021 22:08:13,5.201,886.413,885.345,962.860,911.834,4.313,0.095
24.11.2021 22:08:14,5.304,887.237,886.169,964.538,911.407,4.488,0.095
24.11.2021 22:08:15,5.405,886.962,885.223,963.928,910.186,4.544,0.155
24.11.2021 22:08:16,5.500,887.084,885.894,964.294,909.912,4.598,0.106
24.11.2021 22:08:17,5.601,888.397,887.298,966.033,911.071,4.640,0.098
24.11.2021 22:08:18,5.704,887.420,886.596,966.857,910.003,4.800,0.073
24.11.2021 22:08:19,5.802,888.336,887.176,967.346,910.614,4.787,0.103
24.11.2021 22:08:20,5.902,888.397,886.352,967.925,909.301,4.949,0.182
24.11.2021 22:08:21,6.005,889.190,887.634,967.712,908.416,5.008,0.138
24.11.2021 22:08:22,6.098,889.221,887.084,968.292,907.684,5.120,0.190
24.11.2021 22:08:23,6.204,888.580,886.627,968.139,907.196,5.150,0.174
24.11.2021 22:08:24,6.302,889.373,887.939,970.214,907.958,5.253,0.127
24.11.2021 22:08:25,6.402,889.770,888.519,970.794,907.897,5.305,0.111
24.11.2021 22:08:26,6.503,890.502,888.397,971.862,907.409,5.435,0.187
24.11.2021 22:08:27,6.603,890.289,888.153,972.320,906.799,5.525,0.190
24.11.2021 22:08:28,6.704,891.113,889.190,972.595,906.066,5.612,0.171
24.11.2021 22:08:29,6.802,891.082,888.854,973.144,905.914,5.670,0.198
24.11.2021 22:08:30,6.905,890.960,888.885,973.693,904.724,5.818,0.184
24.11.2021 22:08:31,7.005,890.899,890.045,974.731,904.724,5.903,0.076
24.11.2021 22:08:32,7.103,892.517,890.685,977.325,905.334,6.060,0.162
24.11.2021 22:08:33,7.204,891.937,889.892,975.830,903.991,6.056,0.181
24.11.2021 22:08:34,7.302,892.730,890.380,977.722,904.418,6.172,0.208
24.11.2021 22:08:35,7.405,893.951,891.815,978.484,904.418,6.233,0.189
24.11.2021 22:08:36,7.505,893.737,891.418,978.576,903.778,6.297,0.205
24.11.2021 22:08:37,7.603,893.554,891.632,979.248,903.289,6.394,0.170
24.11.2021 22:08:38,7.709,893.676,891.784,980.224,902.252,6.564,0.167
24.11.2021 22:08:39,7.802,895.111,892.974,981.811,903.045,6.622,0.189
24.11.2021 22:08:40,7.902,895.019,892.394,981.719,901.885,6.716,0.232
24.11.2021 22:08:41,8.003,894.378,892.456,982.025,900.543,6.859,0.170
24.11.2021 22:08:42,8.108,896.118,893.188,982.940,901.092,6.884,0.259
24.11.2021 22:08:43,8.209,894.958,892.120,982.696,900.024,6.958,0.251
24.11.2021 22:08:44,8.302,894.866,892.883,983.489,899.475,7.071,0.175
24.11.2021 22:08:45,8.405,895.294,892.700,984.313,898.437,7.228,0.229
24.11.2021 22:08:46,8.505,896.270,893.310,985.260,899.017,7.253,0.262
24.11.2021 22:08:47,8.606,896.820,894.042,986.663,899.383,7.333,0.245
24.11.2021 22:08:48,8.706,896.087,893.524,986.328,897.399,7.481,0.227
24.11.2021 22:08:49,8.807,897.003,894.042,987.274,897.033,7.589,0.261
24.11.2021 22:08:50,8.905,896.636,894.104,988.098,897.552,7.609,0.224
24.11.2021 22:08:51,9.005,897.491,894.714,989.532,897.155,7.759,0.245
24.11.2021 22:08:52,9.103,898.376,895.904,990.020,897.338,7.782,0.218
24.11.2021 22:08:53,9.209,899.047,895.568,991.424,896.240,7.991,0.307
24.11.2021 22:08:54,9.302,900.268,897.094,993.316,896.759,8.096,0.279
24.11.2021 22:08:55,9.405,899.444,896.972,993.804,895.416,8.253,0.218
24.11.2021 22:08:56,9.503,899.871,896.606,993.957,895.416,8.265,0.288
24.11.2021 22:08:57,9.606,900.360,897.125,995.544,894.348,8.485,0.285
24.11.2021 22:08:58,9.704,900.238,897.674,996.063,894.226,8.537,0.225
24.11.2021 22:08:59,9.792,900.909,897.583,997.772,893.798,8.711,0.293
24.11.2021 22:09:00,9.900,901.184,897.979,997.985,893.035,8.795,0.282
24.11.2021 22:09:01,10.003,901.245,897.857,998.626,892.547,8.889,0.298
24.11.2021 22:09:02,10.098,902.343,897.644,999.969,891.052,9.127,0.413
24.11.2021 22:09:03,10.201,902.099,897.918,1000.305,889.312,9.308,0.368
24.11.2021 22:09:04,10.294,902.649,898.559,1001.434,890.960,9.251,0.359
24.11.2021 22:09:05,10.400,900.848,897.674,1001.007,888.671,9.421,0.279
24.11.2021 22:09:06,10.503,902.709,899.261,1002.807,888.824,9.549,0.303
24.11.2021 22:09:07,10.606,903.656,899.169,1003.814,888.153,9.688,0.394
24.11.2021 22:09:09,10.706,903.747,899.871,1004.058,887.207,9.791,0.340
24.11.2021 22:09:10,10.807,903.106,898.468,1003.967,885.681,9.920,0.408
24.11.2021 22:09:12,10.907,904.388,901.000,1006.622,885.803,10.117,0.297
24.11.2021 22:09:13,10.995,904.510,900.634,1006.134,885.192,10.133,0.340
24.11.2021 22:09:15,11.108,904.632,900.665,1006.958,883.636,10.337,0.348
24.11.2021 22:09:17,11.209,904.113,900.909,1007.751,883.483,10.413,0.281
24.11.2021 22:09:19,11.304,904.907,900.085,1008.056,882.324,10.540,0.423
24.11.2021 22:09:20,11.397,904.723,900.878,1008.666,881.408,10.670,0.337
24.11.2021 22:09:21,11.508,905.944,901.306,1008.636,881.012,10.703,0.406
24.11.2021 22:09:22,11.598,906.097,901.947,1009.643,879.913,10.880,0.363
24.11.2021 22:09:23,11.704,905.975,902.007,1010.162,879.394,10.967,0.347
24.11.2021 22:09:24,11.799,907.043,902.801,1011.810,879.455,11.090,0.371
24.11.2021 22:09:25,11.902,907.714,903.991,1013.336,879.974,11.162,0.325
24.11.2021 22:09:26,12.003,907.470,903.533,1013.244,878.112,11.322,0.344
24.11.2021 22:09:27,12.103,907.562,902.954,1013.153,876.953,11.419,0.403
24.11.2021 22:09:28,12.201,908.172,902.649,1013.671,876.190,11.528,0.483
24.11.2021 22:09:29,12.302,907.897,903.015,1013.305,874.572,11.645,0.427
24.11.2021 22:09:30,12.397,907.836,903.381,1014.770,874.969,11.724,0.389
24.11.2021 22:09:31,12.500,908.721,903.594,1015.686,873.870,11.894,0.448
24.11.2021 22:09:32,12.603,908.844,905.029,1016.509,873.870,11.958,0.333
24.11.2021 22:09:33,12.704,910.064,905.517,1017.974,873.931,12.066,0.396
24.11.2021 22:09:34,12.802,909.912,905.242,1017.944,872.161,12.223,0.407
24.11.2021 22:09:35,12.900,909.484,905.303,1018.737,871.337,12.359,0.365
24.11.2021 22:09:36,13.008,910.339,905.151,1019.470,870.635,12.479,0.452
24.11.2021 22:09:38,13.103,909.912,904.571,1019.561,870.330,12.513,0.466
24.11.2021 22:09:39,13.206,910.400,905.364,1020.904,869.903,12.656,0.439
24.11.2021 22:09:40,13.299,911.559,906.921,1021.545,869.232,12.766,0.404
24.11.2021 22:09:41,13.402,911.529,906.616,1021.637,867.919,12.892,0.428
24.11.2021 22:09:42,13.505,911.071,906.097,1021.972,866.882,13.012,0.433
24.11.2021 22:09:43,13.601,911.926,906.280,1022.796,866.333,13.125,0.492
24.11.2021 22:09:44,13.706,911.102,905.670,1022.827,865.020,13.247,0.473
24.11.2021 22:09:45,13.802,911.010,906.372,1023.590,864.807,13.325,0.404
24.11.2021 22:09:46,13.907,911.376,906.250,1024.505,863.617,13.504,0.447
24.11.2021 22:09:47,14.003,911.743,906.189,1024.688,863.189,13.557,0.484
24.11.2021 22:09:48,14.106,912.933,907.348,1026.184,862.670,13.719,0.486
24.11.2021 22:09:49,14.206,912.658,907.226,1025.756,861.022,13.836,0.473
24.11.2021 22:09:50,14.302,912.902,908.142,1027.191,860.870,13.960,0.414
24.11.2021 22:09:51,14.405,912.719,907.379,1026.794,859.069,14.094,0.465
24.11.2021 22:09:52,14.503,912.658,908.111,1027.587,859.161,14.147,0.395
24.11.2021 22:09:53,14.601,913.787,908.355,1029.235,858.062,14.373,0.472
24.11.2021 22:09:54,14.704,913.665,908.294,1029.266,857.452,14.431,0.467
24.11.2021 22:09:55,14.799,914.428,909.118,1031.341,857.513,14.584,0.461
24.11.2021 22:09:56,14.897,914.367,908.599,1030.853,856.048,14.681,0.501
24.11.2021 22:09:57,15.003,914.062,908.783,1030.456,855.194,14.729,0.458
24.11.2021 22:09:58,15.096,914.245,908.966,1032.348,854.492,14.938,0.458
24.11.2021 22:09:59,15.204,914.367,909.515,1033.050,853.332,15.098,0.421
24.11.2021 22:10:00,15.299,915.008,909.179,1034.149,852.325,15.274,0.506
24.11.2021 22:10:01,15.397,915.405,909.545,1034.454,850.830,15.435,0.508
24.11.2021 22:10:02,15.495,915.283,910.156,1034.576,850.524,15.473,0.445
24.11.2021 22:10:03,15.601,916.046,909.759,1036.163,849.090,15.725,0.545
24.11.2021 22:10:04,15.704,915.069,909.088,1035.369,847.473,15.815,0.519
24.11.2021 22:10:05,15.797,915.679,909.851,1037.567,847.290,15.998,0.506
24.11.2021 22:10:06,15.897,915.741,909.942,1038.055,845.916,16.162,0.503
24.11.2021 22:10:07,15.998,916.320,910.095,1038.635,844.726,16.316,0.540
24.11.2021 22:10:08,16.101,916.137,910.247,1039.428,844.451,16.402,0.511
24.11.2021 22:10:09,16.199,916.412,910.888,1041.046,843.322,16.628,0.479
24.11.2021 22:10:10,16.299,916.412,909.912,1040.313,840.789,16.809,0.564
24.11.2021 22:10:11,16.400,915.191,909.240,1040.069,840.087,16.856,0.516
24.11.2021 22:10:12,16.498,916.473,910.400,1042.327,839.050,17.123,0.526
24.11.2021 22:10:13,16.603,917.083,910.736,1042.785,838.531,17.205,0.550
24.11.2021 22:10:14,16.699,917.541,910.247,1043.670,837.066,17.409,0.632
24.11.2021 22:10:15,16.797,917.266,910.827,1044.525,835.449,17.624,0.558
24.11.2021 22:10:16,16.897,916.870,910.583,1044.311,834.716,17.677,0.545
24.11.2021 22:10:17,16.998,917.327,910.736,1045.379,833.801,17.843,0.571
24.11.2021 22:10:18,17.098,917.053,910.980,1045.684,831.695,18.063,0.526
24.11.2021 22:10:19,17.199,917.022,911.071,1046.813,831.512,18.165,0.515
24.11.2021 22:10:20,17.297,918.090,912.261,1048.675,830.810,18.370,0.504
24.11.2021 22:10:21,17.397,918.212,911.163,1048.431,829.101,18.513,0.610
24.11.2021 22:10:22,17.498,917.938,910.003,1047.821,827.209,18.646,0.687
24.11.2021 22:10:23,17.598,917.114,909.790,1048.004,825.927,18.781,0.635
24.11.2021 22:10:24,17.696,916.076,909.637,1046.936,823.486,18.932,0.558
24.11.2021 22:10:25,17.794,916.992,910.186,1048.492,823.181,19.077,0.590
24.11.2021 22:10:26,17.897,918.243,910.583,1050.140,821.868,19.324,0.663
24.11.2021 22:10:27,17.993,917.175,910.705,1049.621,820.678,19.399,0.560
24.11.2021 22:10:28,18.098,917.816,911.102,1050.506,819.946,19.534,0.581
24.11.2021 22:10:29,18.199,918.151,911.590,1050.903,817.962,19.753,0.568
24.11.2021 22:10:30,18.299,917.053,910.491,1050.262,816.558,19.839,0.568
24.11.2021 22:10:31,18.397,917.449,910.247,1051.055,815.887,19.962,0.624
24.11.2021 22:10:32,18.495,917.449,910.949,1051.818,815.002,20.103,0.563
24.11.2021 22:10:33,18.598,917.724,910.308,1051.666,813.507,20.235,0.642
24.11.2021 22:10:34,18.694,917.602,910.797,1051.910,812.255,20.373,0.589
24.11.2021 22:10:35,18.799,918.792,911.682,1052.490,811.157,20.522,0.615
24.11.2021 22:10:36,18.895,919.067,911.865,1053.039,810.577,20.618,0.623
24.11.2021 22:10:37,18.998,918.548,911.285,1053.650,808.532,20.860,0.629
24.11.2021 22:10:38,19.096,917.144,910.339,1052.001,806.945,20.891,0.590
24.11.2021 22:10:39,19.196,917.785,911.041,1053.649,806.579,21.048,0.584
24.11.2021 22:10:40,19.292,918.212,911.132,1054.229,805.633,21.182,0.613
24.11.2021 22:10:41,19.395,919.250,912.445,1056.213,805.664,21.326,0.588
24.11.2021 22:10:42,19.493,918.304,911.285,1054.687,803.192,21.452,0.607
24.11.2021 22:10:43,19.598,917.907,910.613,1053.558,801.513,21.532,0.632
24.11.2021 22:10:44,19.699,917.755,910.186,1054.748,800.750,21.694,0.656
24.11.2021 22:10:45,19.792,917.114,909.820,1054.382,799.102,21.827,0.632
24.11.2021 22:10:46,19.897,918.243,910.736,1055.603,799.163,21.911,0.650
24.11.2021 22:10:47,19.995,918.090,910.705,1055.572,797.576,22.063,0.639
24.11.2021 22:10:48,20.101,918.487,911.102,1056.518,796.051,22.281,0.639
24.11.2021 22:10:49,20.196,917.327,909.667,1054.809,794.006,22.355,0.664
24.11.2021 22:10:50,20.304,917.083,909.973,1054.992,793.548,22.414,0.616
24.11.2021 22:10:51,20.392,917.083,910.278,1055.999,792.541,22.586,0.590
24.11.2021 22:10:52,20.493,917.724,910.705,1056.640,792.205,22.666,0.608
24.11.2021 22:10:53,20.601,917.846,910.461,1056.823,791.107,22.787,0.640
24.11.2021 22:10:54,20.699,918.365,910.552,1058.074,790.740,22.915,0.676
24.11.2021 22:10:55,20.792,917.724,910.339,1057.617,789.306,23.022,0.640
24.11.2021 22:10:56,20.895,916.564,908.569,1055.236,786.102,23.163,0.694
24.11.2021 22:10:58,21.005,916.442,908.416,1056.549,785.644,23.305,0.697
24.11.2021 22:11:00,21.106,916.625,909.210,1057.434,784.820,23.451,0.643
24.11.2021 22:11:01,21.194,916.442,908.569,1057.281,783.782,23.542,0.683
24.11.2021 22:11:03,21.302,916.870,908.752,1057.556,782.318,23.707,0.704
24.11.2021 22:11:04,21.407,915.496,907.348,1057.128,780.426,23.864,0.708
24.11.2021 22:11:05,21.503,914.733,907.073,1057.098,779.541,23.949,0.666
24.11.2021 22:11:06,21.608,915.344,908.477,1058.959,779.235,24.116,0.596
24.11.2021 22:11:07,21.709,915.252,907.501,1058.502,777.374,24.267,0.673
24.11.2021 22:11:08,21.792,916.107,907.165,1059.082,776.062,24.440,0.777
24.11.2021 22:11:09,21.907,915.466,907.287,1058.776,774.261,24.598,0.711
24.11.2021 22:11:10,22.000,914.550,906.585,1058.135,772.888,24.688,0.693
24.11.2021 22:11:11,22.096,914.276,906.463,1058.960,771.667,24.871,0.679
24.11.2021 22:11:12,22.196,914.947,906.555,1059.417,770.599,25.011,0.730
24.11.2021 22:11:13,22.294,915.283,906.494,1060.424,769.409,25.204,0.764
24.11.2021 22:11:14,22.397,914.398,906.341,1060.089,767.852,25.336,0.701
24.11.2021 22:11:15,22.500,914.794,906.402,1060.791,766.540,25.519,0.730
24.11.2021 22:11:16,22.598,913.909,905.853,1060.516,765.045,25.650,0.701
24.11.2021 22:11:17,22.699,912.780,905.334,1060.852,764.678,25.711,0.649
24.11.2021 22:11:18,22.797,912.597,904.571,1060.302,762.481,25.893,0.699
24.11.2021 22:11:19,22.897,912.414,903.320,1059.814,761.199,25.987,0.793
24.11.2021 22:11:20,22.998,912.567,904.113,1060.485,760.650,26.092,0.737
24.11.2021 22:11:21,23.101,912.536,904.693,1060.302,758.941,26.252,0.683
24.11.2021 22:11:23,23.194,912.597,904.235,1061.004,757.843,26.414,0.729
24.11.2021 22:11:24,23.299,912.048,903.167,1060.791,756.011,26.585,0.775
24.11.2021 22:11:25,23.397,911.315,903.442,1060.028,755.157,26.617,0.687
24.11.2021 22:11:26,23.495,912.017,904.113,1061.798,754.364,26.826,0.689
24.11.2021 22:11:27,23.596,912.017,904.113,1062.072,753.234,26.961,0.689
24.11.2021 22:11:28,23.696,911.499,903.320,1062.347,752.655,27.041,0.714
24.11.2021 22:11:29,23.792,911.315,903.564,1062.072,751.312,27.158,0.676
24.11.2021 22:11:30,23.895,911.407,902.465,1061.004,749.664,27.250,0.781
24.11.2021 22:11:31,23.998,911.224,901.763,1061.767,748.779,27.396,0.826
24.11.2021 22:11:32,24.096,909.973,902.160,1061.065,747.680,27.458,0.683
24.11.2021 22:11:33,24.194,910.888,902.007,1061.981,747.070,27.587,0.776
24.11.2021 22:11:34,24.294,910.491,901.947,1062.225,745.819,27.733,0.747
24.11.2021 22:11:35,24.395,911.468,902.007,1062.316,745.025,27.821,0.826
24.11.2021 22:11:36,24.493,911.437,901.977,1062.988,744.079,27.968,0.826
24.11.2021 22:11:37,24.598,910.034,901.336,1061.279,742.584,27.998,0.760
24.11.2021 22:11:38,24.694,908.935,900.024,1061.614,740.844,28.203,0.780
24.11.2021 22:11:39,24.792,909.149,900.787,1062.164,741.149,28.211,0.732
24.11.2021 22:11:40,24.895,909.332,900.482,1061.706,739.532,28.345,0.774
24.11.2021 22:11:41,24.998,909.515,901.031,1062.896,739.410,28.444,0.742
24.11.2021 22:11:42,25.096,908.660,900.848,1062.591,738.372,28.530,0.684
24.11.2021 22:11:43,25.201,909.515,900.390,1062.438,736.968,28.664,0.798
24.11.2021 22:11:44,25.294,908.111,899.108,1060.699,735.504,28.691,0.789
24.11.2021 22:11:45,25.395,906.860,898.162,1060.424,733.917,28.837,0.763
24.11.2021 22:11:46,25.495,907.592,899.047,1060.119,733.276,28.882,0.749
24.11.2021 22:11:47,25.596,907.531,898.895,1060.882,732.879,28.979,0.757
24.11.2021 22:11:48,25.696,907.958,899.505,1061.584,731.262,29.198,0.741
24.11.2021 22:11:49,25.794,907.287,898.712,1059.905,730.194,29.189,0.752
24.11.2021 22:11:50,25.895,906.738,898.376,1059.722,729.858,29.211,0.734
24.11.2021 22:11:51,25.995,905.517,897.308,1059.417,728.881,29.291,0.721
24.11.2021 22:11:52,26.096,905.334,897.003,1059.448,728.088,29.377,0.732
24.11.2021 22:11:53,26.196,904.663,896.728,1058.898,727.294,29.421,0.698
24.11.2021 22:11:54,26.294,904.937,895.812,1058.563,726.715,29.458,0.803
24.11.2021 22:11:55,26.390,904.388,896.301,1058.776,725.769,29.573,0.711
24.11.2021 22:11:56,26.493,905.303,896.240,1058.685,725.311,29.614,0.797
24.11.2021 22:11:57,26.593,905.334,895.385,1058.258,724.700,29.648,0.875
24.11.2021 22:11:58,26.691,903.869,895.294,1058.135,723.785,29.736,0.755
24.11.2021 22:11:59,26.794,903.686,895.324,1057.739,723.205,29.768,0.736
24.11.2021 22:12:00,26.892,903.961,895.538,1058.288,722.442,29.889,0.741
24.11.2021 22:12:01,26.990,904.144,895.172,1058.959,721.893,29.995,0.790
24.11.2021 22:12:02,27.091,904.785,895.751,1059.722,721.832,30.057,0.795
24.11.2021 22:12:03,27.189,903.350,895.202,1059.265,720.275,30.188,0.717
24.11.2021 22:12:04,27.287,902.832,893.615,1058.807,719.421,30.246,0.813
24.11.2021 22:12:05,27.390,901.702,892.883,1057.525,718.048,30.300,0.778
24.11.2021 22:12:06,27.490,902.923,894.287,1059.967,718.780,30.398,0.761
24.11.2021 22:12:07,27.591,902.496,894.287,1060.211,718.414,30.454,0.724
24.11.2021 22:12:08,27.694,901.885,893.310,1059.051,716.735,30.549,0.757
24.11.2021 22:12:09,27.789,902.465,893.554,1060.150,715.881,30.719,0.786
24.11.2021 22:12:10,27.890,900.695,891.998,1058.990,714.691,30.763,0.768
24.11.2021 22:12:11,27.993,899.475,890.442,1058.349,712.921,30.906,0.799
24.11.2021 22:12:12,28.091,899.749,891.693,1059.844,712.829,31.023,0.712
24.11.2021 22:12:13,28.191,899.444,891.052,1059.600,711.914,31.103,0.742
24.11.2021 22:12:14,28.292,898.773,890.258,1059.631,710.968,31.207,0.754
24.11.2021 22:12:15,28.392,899.902,890.716,1060.608,710.601,31.316,0.812
24.11.2021 22:12:16,28.490,899.688,889.831,1060.791,709.075,31.493,0.872
24.11.2021 22:12:17,28.593,898.040,889.556,1059.875,707.977,31.545,0.752
24.11.2021 22:12:18,28.699,897.918,888.610,1059.539,706.878,31.639,0.825
24.11.2021 22:12:19,28.794,897.399,888.580,1059.997,706.756,31.685,0.782
24.11.2021 22:12:20,28.892,897.949,888.946,1060.302,706.054,31.783,0.798
24.11.2021 22:12:21,28.995,897.308,888.214,1059.875,704.284,31.943,0.807
24.11.2021 22:12:22,29.096,896.758,887.359,1059.722,703.765,31.988,0.834
24.11.2021 22:12:23,29.191,897.186,887.237,1059.509,702.331,32.128,0.883
24.11.2021 22:12:24,29.294,895.446,886.413,1059.478,701.080,32.261,0.803
24.11.2021 22:12:25,29.387,895.874,886.047,1059.722,700.592,32.332,0.873
24.11.2021 22:12:26,29.490,895.080,886.291,1059.967,700.286,32.382,0.781
24.11.2021 22:12:27,29.593,895.111,886.383,1060.485,699.951,32.456,0.776
24.11.2021 22:12:28,29.694,895.385,886.840,1061.065,698.791,32.623,0.759
24.11.2021 22:12:29,29.789,895.629,886.505,1061.065,697.998,32.709,0.811
24.11.2021 22:12:30,29.895,893.615,884.216,1058.807,695.953,32.770,0.837
24.11.2021 22:12:31,29.988,894.744,885.284,1060.943,696.380,32.876,0.842
24.11.2021 22:12:32,30.096,894.866,884.887,1061.065,695.556,32.975,0.888
24.11.2021 22:12:33,30.194,892.364,884.033,1059.661,694.244,33.018,0.743
24.11.2021 22:12:34,30.297,893.341,883.666,1059.173,694.061,33.003,0.862
24.11.2021 22:12:35,30.397,892.791,883.300,1059.875,692.565,33.216,0.846
24.11.2021 22:12:36,30.490,892.913,883.239,1058.319,691.040,33.272,0.863
24.11.2021 22:12:37,30.593,891.937,882.080,1059.082,690.307,33.407,0.880
24.11.2021 22:12:38,30.691,891.571,882.720,1058.532,689.849,33.418,0.790
24.11.2021 22:12:39,30.789,890.960,881.439,1057.067,688.720,33.437,0.851
24.11.2021 22:12:40,30.895,891.113,881.225,1058.074,688.323,33.553,0.884
24.11.2021 22:12:41,30.990,890.289,880.218,1056.854,686.248,33.694,0.901
24.11.2021 22:12:42,31.093,890.625,880.889,1057.098,685.943,33.745,0.870
24.11.2021 22:12:43,31.191,889.495,879.821,1055.572,685.211,33.717,0.866
24.11.2021 22:12:45,31.299,889.160,879.516,1055.999,684.631,33.811,0.864
24.11.2021 22:12:47,31.400,888.977,879.211,1055.908,683.959,33.879,0.875
24.11.2021 22:12:48,31.490,888.397,878.265,1054.962,683.074,33.909,0.908
24.11.2021 22:12:50,31.603,887.481,877.777,1053.894,681.732,33.981,0.871
24.11.2021 22:12:51,31.691,888.153,877.960,1054.626,682.037,34.000,0.914
24.11.2021 22:12:53,31.799,887.084,877.258,1053.253,680.358,34.088,0.882
24.11.2021 22:12:55,31.902,886.932,876.800,1051.940,679.290,34.112,0.910
24.11.2021 22:12:56,31.990,886.749,876.190,1051.452,678.161,34.203,0.949
24.11.2021 22:12:57,32.096,885.925,875.701,1050.537,677.673,34.191,0.919
24.11.2021 22:12:58,32.201,885.772,875.976,1050.994,677.520,34.241,0.881
24.11.2021 22:12:59,32.287,885.131,875.579,1050.506,676.940,34.271,0.859
24.11.2021 22:13:00,32.387,884.582,874.267,1049.377,675.567,34.343,0.929
24.11.2021 22:13:01,32.488,883.819,873.748,1048.644,674.835,34.372,0.908
24.11.2021 22:13:02,32.591,883.331,873.657,1047.637,673.828,34.413,0.872
24.11.2021 22:13:03,32.689,882.324,872.924,1047.119,673.034,34.464,0.848
24.11.2021 22:13:04,32.787,881.408,871.246,1045.837,672.180,34.468,0.918
24.11.2021 22:13:05,32.887,881.195,871.368,1046.142,671.356,34.582,0.888
24.11.2021 22:13:06,32.988,881.195,871.490,1045.104,670.898,34.559,0.877
24.11.2021 22:13:07,33.091,881.652,870.758,1045.867,671.081,34.593,0.985
24.11.2021 22:13:09,33.189,880.004,869.781,1044.097,668.853,34.716,0.925
24.11.2021 22:13:10,33.292,879.180,868.591,1041.839,667.694,34.684,0.960
24.11.2021 22:13:11,33.390,878.845,867.797,1041.961,666.748,34.800,1.002
24.11.2021 22:13:12,33.490,877.319,866.699,1040.557,665.740,34.812,0.965
24.11.2021 22:13:13,33.588,877.990,867.217,1041.931,665.252,34.967,0.978
24.11.2021 22:13:14,33.689,876.891,866.668,1040.985,664.093,35.030,0.929
24.11.2021 22:13:15,33.787,876.556,865.203,1039.886,663.543,35.013,1.032
24.11.2021 22:13:16,33.887,876.617,865.844,1040.527,663.024,35.118,0.979
24.11.2021 22:13:17,33.990,875.854,864.013,1038.360,661.376,35.148,1.078
24.11.2021 22:13:18,34.088,873.535,862.335,1037.292,660.095,35.217,1.022
24.11.2021 22:13:19,34.189,872.863,862.548,1037.933,659.729,35.305,0.941
24.11.2021 22:13:20,34.287,873.046,861.724,1037.200,658.355,35.409,1.034
24.11.2021 22:13:21,34.395,871.765,861.389,1036.254,657.501,35.438,0.948
24.11.2021 22:13:22,34.488,871.002,859.710,1035.430,656.890,35.448,1.033
24.11.2021 22:13:23,34.593,870.910,860.900,1036.865,656.036,35.650,0.915
24.11.2021 22:13:24,34.689,869.812,859.375,1034.728,655.090,35.604,0.956
24.11.2021 22:13:25,34.787,869.110,857.147,1034.362,654.205,35.679,1.098
24.11.2021 22:13:26,34.887,868.347,857.635,1033.966,652.984,35.790,0.983
24.11.2021 22:13:27,34.988,867.645,857.391,1033.294,652.313,35.819,0.942
24.11.2021 22:13:28,35.088,867.828,856.781,1033.630,651.245,35.966,1.015
24.11.2021 22:13:29,35.189,866.088,855.224,1032.104,648.925,36.124,1.000
24.11.2021 22:13:30,35.292,865.783,854.797,1031.127,647.949,36.166,1.011
24.11.2021 22:13:31,35.392,865.478,855.072,1031.372,647.552,36.229,0.958
24.11.2021 22:13:32,35.488,864.318,853.973,1031.616,646.606,36.357,0.954
24.11.2021 22:13:33,35.588,863.647,853.301,1030.426,645.385,36.412,0.954
24.11.2021 22:13:34,35.691,863.037,852.294,1029.876,644.378,36.489,0.992
24.11.2021 22:13:35,35.787,862.579,851.348,1029.418,643.554,36.552,1.038
24.11.2021 22:13:36,35.890,861.877,850.982,1029.022,642.120,36.690,1.008
24.11.2021 22:13:37,35.990,860.961,849.792,1027.618,640.411,36.788,1.034
24.11.2021 22:13:38,36.091,859.405,848.968,1026.306,639.312,36.821,0.968
24.11.2021 22:13:39,36.189,859.008,847.778,1025.329,637.664,36.943,1.042
24.11.2021 22:13:40,36.289,858.398,847.747,1025.451,637.054,37.024,0.989
24.11.2021 22:13:41,36.387,858.490,847.045,1025.207,636.138,37.113,1.063
24.11.2021 22:13:42,36.493,857.391,846.252,1024.047,634.765,37.190,1.036
24.11.2021 22:13:43,36.588,856.597,844.512,1022.186,633.148,37.245,1.125
24.11.2021 22:13:44,36.691,854.950,844.024,1021.942,632.019,37.361,1.019
24.11.2021 22:13:45,36.792,854.156,842.651,1020.691,631.134,37.374,1.074
24.11.2021 22:13:46,36.887,853.515,842.285,1020.263,629.760,37.506,1.049
24.11.2021 22:13:47,36.988,853.149,841.613,1019.683,629.028,37.550,1.078
24.11.2021 22:13:48,37.088,851.806,840.179,1017.913,627.777,37.569,1.089
24.11.2021 22:13:49,37.191,849.914,840.118,1017.303,626.556,37.670,0.918
24.11.2021 22:13:50,37.294,849.639,837.676,1014.526,624.359,37.728,1.123
24.11.2021 22:13:51,37.395,848.724,836.914,1014.709,624.206,37.760,1.110
24.11.2021 22:13:52,37.490,847.015,836.364,1012.786,623.046,37.757,1.002
24.11.2021 22:13:53,37.588,846.832,834.991,1012.359,621.643,37.894,1.115
24.11.2021 22:13:54,37.689,846.313,834.960,1011.688,620.697,37.959,1.070
24.11.2021 22:13:55,37.792,845.489,834.258,1009.765,619.476,37.963,1.059
24.11.2021 22:13:56,37.887,845.520,833.862,1010.253,618.774,38.084,1.100
24.11.2021 22:13:57,37.995,843.170,831.207,1007.354,616.271,38.172,1.132
24.11.2021 22:13:58,38.091,841.796,830.322,1005.828,615.142,38.196,1.087
24.11.2021 22:13:59,38.191,841.216,830.291,1005.126,614.379,38.236,1.035
24.11.2021 22:14:00,38.287,840.362,828.704,1004.058,612.976,38.328,1.106
24.11.2021 22:14:01,38.392,839.447,828.125,1003.417,612.304,38.362,1.076
24.11.2021 22:14:02,38.500,839.538,827.087,1002.654,611.480,38.406,1.183
24.11.2021 22:14:03,38.588,837.676,825.988,1000.213,609.558,38.459,1.113
24.11.2021 22:14:04,38.696,835.693,824.188,998.748,608.428,38.488,1.098
24.11.2021 22:14:05,38.794,836.059,824.035,998.108,607.879,38.507,1.147
24.11.2021 22:14:06,38.895,834.442,822.784,996.734,607.086,38.502,1.114
24.11.2021 22:14:07,38.993,834.503,822.113,996.643,606.048,38.623,1.185
24.11.2021 22:14:08,39.096,834.136,821.746,995.544,605.102,38.657,1.185
24.11.2021 22:14:09,39.194,833.587,821.105,995.544,604.827,38.691,1.195
24.11.2021 22:14:10,39.292,831.512,819.641,992.004,602.386,38.727,1.139
24.11.2021 22:14:11,39.387,831.146,818.634,992.492,601.776,38.839,1.201
24.11.2021 22:14:12,39.493,829.345,817.260,991.027,600.189,38.925,1.163
24.11.2021 22:14:13,39.596,829.193,817.138,990.631,599.731,38.952,1.160
24.11.2021 22:14:14,39.689,827.423,815.765,989.501,598.236,39.053,1.124
24.11.2021 22:14:15,39.792,828.247,816.497,989.257,598.480,39.005,1.132
24.11.2021 22:14:16,39.887,826.538,815.063,988.006,596.374,39.173,1.107
24.11.2021 22:14:17,39.988,825.195,813.385,986.022,594.940,39.202,1.142
24.11.2021 22:14:18,40.088,823.608,812.469,985.504,593.933,39.289,1.078
24.11.2021 22:14:19,40.196,823.425,811.889,985.137,593.353,39.334,1.117
24.11.2021 22:14:20,40.294,822.174,810.882,984.130,592.102,39.415,1.095
24.11.2021 22:14:21,40.392,821.777,810.058,983.978,591.247,39.511,1.138
24.11.2021 22:14:22,40.488,821.044,808.959,982.513,589.691,39.596,1.174
24.11.2021 22:14:23,40.596,819.549,807.556,981.750,588.256,39.719,1.168
24.11.2021 22:14:24,40.694,818.298,806.945,980.865,587.402,39.760,1.106
24.11.2021 22:14:25,40.797,817.718,805.816,980.285,585.754,39.925,1.161
24.11.2021 22:14:26,40.895,816.314,804.656,979.003,584.533,39.983,1.139
24.11.2021 22:14:27,40.988,815.673,804.138,978.820,584.045,40.031,1.128
24.11.2021 22:14:28,41.088,814.849,803.497,978.027,582.183,40.207,1.111
24.11.2021 22:14:29,41.189,813.690,801.879,976.409,581.054,40.229,1.158
24.11.2021 22:14:30,41.294,812.500,800.628,976.440,579.437,40.437,1.166
24.11.2021 22:14:31,41.387,811.523,800.109,975.250,578.918,40.413,1.122
24.11.2021 22:14:32,41.488,810.028,798.370,974.395,577.575,40.521,1.148
24.11.2021 22:14:33,41.591,808.807,797.607,973.419,576.080,40.638,1.104
24.11.2021 22:14:34,41.699,809.417,797.058,973.663,575.256,40.763,1.219
24.11.2021 22:14:36,41.802,807.159,795.379,971.710,573.059,40.897,1.164
24.11.2021 22:14:37,41.887,805.603,793.792,970.855,571.472,41.037,1.170
24.11.2021 22:14:38,42.003,804.840,793.029,970.184,570.343,41.132,1.171
24.11.2021 22:14:39,42.093,803.314,791.290,969.024,568.695,41.258,1.194
24.11.2021 22:14:40,42.194,803.466,792.053,969.512,568.450,41.327,1.133
24.11.2021 22:14:41,42.287,803.558,791.168,969.085,567.443,41.425,1.231
24.11.2021 22:14:42,42.402,802.185,790.466,968.322,565.948,41.562,1.166
24.11.2021 22:14:43,42.495,801.269,788.940,967.712,564.483,41.706,1.228
24.11.2021 22:14:44,42.596,798.889,786.499,965.148,562.683,41.746,1.238
24.11.2021 22:14:45,42.691,798.095,785.980,965.606,562.561,41.797,1.212
24.11.2021 22:14:46,42.789,796.691,785.003,963.775,559.661,42.038,1.171
24.11.2021 22:14:47,42.887,796.020,783.447,963.104,559.265,42.039,1.261
24.11.2021 22:14:48,42.988,795.379,782.897,962.310,557.922,42.155,1.253
24.11.2021 22:14:49,43.088,794.342,781.890,961.791,556.579,42.293,1.251
24.11.2021 22:14:50,43.189,792.877,779.846,959.350,554.901,42.328,1.313
24.11.2021 22:14:51,43.287,790.496,778.930,957.458,553.436,42.378,1.167
24.11.2021 22:14:52,43.392,790.649,778.198,957.336,552.612,42.478,1.257
24.11.2021 22:14:54,43.490,789.733,777.404,957.214,552.001,42.550,1.246
24.11.2021 22:14:55,43.598,788.879,776.702,956.237,550.476,42.678,1.232
24.11.2021 22:14:56,43.689,787.811,775.970,955.505,549.530,42.748,1.199
24.11.2021 22:14:57,43.787,786.773,774.139,953.186,548.400,42.721,1.282
24.11.2021 22:14:58,43.887,784.606,772.766,951.538,546.997,42.782,1.204
24.11.2021 22:14:59,43.995,785.156,772.674,951.446,546.447,42.849,1.269
24.11.2021 22:15:00,44.088,782.226,770.202,949.066,544.952,42.866,1.227
24.11.2021 22:15:01,44.199,781.555,770.050,948.913,544.219,42.953,1.175
24.11.2021 22:15:02,44.294,782.196,769.409,949.035,543.670,43.037,1.306
24.11.2021 22:15:03,44.387,780.426,768.402,946.716,542.114,43.067,1.230
24.11.2021 22:15:04,44.488,779.388,766.265,945.403,540.893,43.131,1.345
24.11.2021 22:15:05,44.591,777.893,766.021,944.274,540.649,43.076,1.218
24.11.2021 22:15:06,44.701,776.336,763.580,943.023,538.848,43.224,1.312
24.11.2021 22:15:07,44.792,774.993,762.603,941.131,537.872,43.210,1.277
24.11.2021 22:15:08,44.887,775.390,762.054,940.704,537.658,43.205,1.374
24.11.2021 22:15:09,44.993,773.132,761.413,939.636,536.315,43.306,1.210
24.11.2021 22:15:10,45.088,772.247,759.460,937.591,534.667,43.371,1.322
24.11.2021 22:15:11,45.189,771.209,758.636,936.889,533.386,43.492,1.302
24.11.2021 22:15:12,45.289,768.859,756.195,933.563,532.379,43.370,1.316
24.11.2021 22:15:13,45.387,767.852,754.638,933.624,531.341,43.518,1.375
24.11.2021 22:15:14,45.490,768.096,754.852,933.349,531.158,43.522,1.378
24.11.2021 22:15:15,45.588,766.082,753.082,930.755,529.479,43.550,1.356
24.11.2021 22:15:16,45.691,765.411,752.807,930.755,528.533,43.681,1.315
24.11.2021 22:15:17,45.789,763.946,751.312,928.466,527.404,43.657,1.321
24.11.2021 22:15:18,45.887,762.939,749.908,927.093,526.733,43.642,1.365
24.11.2021 22:15:19,45.993,761.383,748.504,925.842,525.390,43.730,1.351
24.11.2021 22:15:20,46.088,759.765,746.978,924.468,524.230,43.783,1.344
24.11.2021 22:15:21,46.191,758.117,745.605,923.309,523.742,43.759,1.318
24.11.2021 22:15:22,46.294,757.354,744.201,922.699,522.399,43.899,1.388
24.11.2021 22:15:23,46.387,756.042,743.255,920.288,521.270,43.866,1.351
24.11.2021 22:15:24,46.495,755.432,741.790,918.975,520.324,43.894,1.443
24.11.2021 22:15:25,46.593,752.990,740.112,917.633,519.073,43.963,1.366
24.11.2021 22:15:26,46.689,751.953,738.739,917.236,517.944,44.091,1.404
24.11.2021 22:15:27,46.797,751.586,738.464,916.473,517.730,44.060,1.395
24.11.2021 22:15:28,46.897,750.488,737.152,915.466,516.632,44.135,1.420
24.11.2021 22:15:29,46.988,749.481,736.175,914.611,516.021,44.153,1.419
24.11.2021 22:15:30,47.088,746.826,733.978,912.383,514.129,44.244,1.375
24.11.2021 22:15:31,47.189,744.293,731.536,909.851,512.115,44.327,1.369
24.11.2021 22:15:32,47.297,743.682,730.834,909.423,512.329,44.262,1.380
24.11.2021 22:15:33,47.392,742.279,729.339,908.569,510.864,44.403,1.393
24.11.2021 22:15:34,47.488,741.333,728.668,906.707,509.948,44.384,1.365
24.11.2021 22:15:35,47.593,740.600,726.531,905.425,508.880,44.434,1.519
24.11.2021 22:15:36,47.694,738.159,725.585,903.961,507.446,44.522,1.361
24.11.2021 22:15:37,47.789,737.457,723.846,902.893,506.835,44.523,1.476
24.11.2021 22:15:38,47.890,734.954,721.954,900.512,505.218,44.564,1.414
24.11.2021 22:15:39,47.988,732.879,719.970,898.712,503.753,44.630,1.408
24.11.2021 22:15:40,48.096,731.384,718.963,897.613,503.234,44.616,1.357
24.11.2021 22:15:41,48.191,731.231,718.597,897.796,502.716,44.706,1.381
24.11.2021 22:15:42,48.289,728.851,716.430,896.179,501.586,44.738,1.361
24.11.2021 22:15:43,48.390,727.752,714.935,894.104,499.908,44.814,1.407
24.11.2021 22:15:44,48.490,726.501,713.195,892.089,498.748,44.819,1.464
24.11.2021 22:15:45,48.593,724.182,711.486,890.014,497.924,44.769,1.401
24.11.2021 22:15:46,48.691,723.236,710.540,888.793,496.612,44.862,1.403
24.11.2021 22:15:47,48.789,721.221,708.496,886.962,494.964,44.954,1.410
24.11.2021 22:15:48,48.887,720.214,707.397,885.925,493.652,45.062,1.422
24.11.2021 22:15:49,48.990,719.146,706.207,884.521,492.431,45.127,1.438
24.11.2021 22:15:50,49.091,718.109,705.291,883.331,492.126,45.074,1.427
24.11.2021 22:15:51,49.191,716.644,704.010,882.019,490.844,45.155,1.409
24.11.2021 22:15:52,49.287,714.477,702.239,880.126,490.173,45.099,1.368
24.11.2021 22:15:53,49.392,713.378,700.744,879.303,489.227,45.171,1.415
24.11.2021 22:15:54,49.488,711.517,699.890,877.166,488.281,45.135,1.305
24.11.2021 22:15:55,49.588,710.144,698.059,875.701,487.518,45.127,1.360
24.11.2021 22:15:56,49.691,708.709,696.380,873.657,485.900,45.199,1.390
24.11.2021 22:15:57,49.789,708.099,695.037,872.680,485.656,45.154,1.475
24.11.2021 22:15:58,49.887,705.780,693.359,869.750,483.642,45.212,1.406
24.11.2021 22:15:59,49.988,704.193,692.047,868.530,483.520,45.128,1.378
24.11.2021 22:16:00,50.091,703.277,690.734,867.095,482.391,45.178,1.425
24.11.2021 22:16:01,50.189,701.782,689.453,865.112,481.628,45.126,1.404
24.11.2021 22:16:02,50.289,700.805,688.140,864.135,480.621,45.196,1.445
24.11.2021 22:16:03,50.390,700.469,687.500,862.853,479.736,45.222,1.480
24.11.2021 22:16:04,50.488,698.516,685.241,860.809,478.698,45.207,1.520
24.11.2021 22:16:05,50.588,695.953,683.593,858.367,477.752,45.145,1.419
24.11.2021 22:16:06,50.691,694.427,681.945,856.475,476.593,45.161,1.437
24.11.2021 22:16:07,50.787,692.993,680.572,854.797,475.463,45.191,1.433
24.11.2021 22:16:08,50.892,691.345,678.955,853.607,475.189,45.131,1.432
24.11.2021 22:16:09,50.990,690.338,677.856,851.959,474.243,45.136,1.445
24.11.2021 22:16:10,51.096,688.720,677.001,849.365,473.083,45.092,1.359
24.11.2021 22:16:11,51.196,687.591,674.713,848.236,472.961,45.014,1.498
24.11.2021 22:16:12,51.289,685.485,674.285,846.862,471.893,45.061,1.305
24.11.2021 22:16:13,51.390,684.020,671.813,844.726,471.191,44.985,1.426
24.11.2021 22:16:14,51.490,683.227,670.379,843.261,470.458,44.972,1.504
24.11.2021 22:16:15,51.598,681.427,668.731,840.881,468.994,44.993,1.490
24.11.2021 22:16:16,51.689,679.718,667.694,838.684,468.231,44.921,1.414
24.11.2021 22:16:17,51.789,678.710,666.351,838.226,467.041,45.067,1.456
24.11.2021 22:16:18,51.897,677.459,664.947,835.571,465.881,45.017,1.477
24.11.2021 22:16:20,52.003,674.774,662.322,833.374,464.935,44.973,1.475
24.11.2021 22:16:21,52.088,675.048,662.506,832.733,464.385,45.003,1.486
24.11.2021 22:16:23,52.189,673.248,661.102,831.665,463.470,45.053,1.442
24.11.2021 22:16:25,52.302,670.196,658.477,828.887,462.158,45.016,1.397
24.11.2021 22:16:26,52.402,669.281,657.318,826.660,461.425,44.936,1.429
24.11.2021 22:16:27,52.500,667.785,655.364,825.897,460.418,45.028,1.487
24.11.2021 22:16:28,52.593,666.656,654.754,823.760,459.533,44.979,1.427
24.11.2021 22:16:29,52.704,664.794,652.465,821.197,458.374,44.936,1.483
24.11.2021 22:16:30,52.792,664.276,651.977,820.922,457.641,45.028,1.480
24.11.2021 22:16:31,52.887,662.963,650.787,819.335,456.390,45.087,1.468
24.11.2021 22:16:32,52.988,660.766,649.536,818.023,455.932,45.043,1.358
24.11.2021 22:16:33,53.088,660.156,648.132,816.131,455.444,44.953,1.456
24.11.2021 22:16:34,53.189,658.874,646.942,815.093,454.132,45.070,1.448
24.11.2021 22:16:35,53.289,656.463,645.080,813.293,453.063,45.081,1.386
24.11.2021 22:16:36,53.390,655.853,643.951,812.072,451.782,45.177,1.451
24.11.2021 22:16:37,53.490,654.205,642.425,809.448,450.897,45.084,1.439
24.11.2021 22:16:38,53.588,651.855,640.625,807.922,449.707,45.140,1.377
24.11.2021 22:16:40,53.691,649.932,638.793,805.450,448.669,45.085,1.369
24.11.2021 22:16:41,53.789,649.322,638.031,804.992,448.181,45.123,1.390
24.11.2021 22:16:42,53.892,647.674,636.444,802.673,446.990,45.106,1.386
24.11.2021 22:16:43,53.990,646.026,634.246,800.262,445.526,45.126,1.458
24.11.2021 22:16:44,54.088,643.768,632.720,798.065,443.603,45.241,1.371
24.11.2021 22:16:45,54.191,643.707,631.958,796.600,443.237,45.167,1.459
24.11.2021 22:16:46,54.289,641.601,630.249,795.288,441.802,45.283,1.414
24.11.2021 22:16:47,54.387,640.441,629.425,793.884,441.009,45.285,1.374
24.11.2021 22:16:48,54.490,639.770,628.173,792.846,440.032,45.351,1.449
24.11.2021 22:16:49,54.591,638.275,627.075,791.442,438.964,45.399,1.402
24.11.2021 22:16:50,54.694,636.932,625.183,789.611,437.438,45.484,1.475
24.11.2021 22:16:51,54.789,635.406,624.725,786.956,436.370,45.417,1.343
24.11.2021 22:16:52,54.887,634.918,623.474,786.041,435.516,45.475,1.441
24.11.2021 22:16:53,54.988,633.087,622.100,784.606,434.173,45.567,1.387
24.11.2021 22:16:54,55.093,631.225,620.605,782.958,432.495,45.695,1.344
24.11.2021 22:16:55,55.189,630.157,618.835,781.005,431.549,45.673,1.436
24.11.2021 22:16:56,55.289,629.241,618.499,780.059,430.877,45.698,1.364
24.11.2021 22:16:57,55.390,628.479,616.973,779.205,430.084,45.752,1.463
24.11.2021 22:16:58,55.488,626.281,615.600,777.404,428.375,45.873,1.363
24.11.2021 22:16:59,55.588,625.152,613.647,774.963,427.185,45.847,1.471
24.11.2021 22:17:00,55.689,623.504,612.030,773.254,426.208,45.853,1.471
24.11.2021 22:17:01,55.787,622.924,611.236,772.338,425.201,45.939,1.500
24.11.2021 22:17:02,55.887,620.635,609.558,769.531,423.950,45.888,1.427
24.11.2021 22:17:03,55.988,621.002,609.191,769.439,423.400,45.974,1.521
24.11.2021 22:17:04,56.088,618.896,607.513,765.899,421.112,46.032,1.470
24.11.2021 22:17:05,56.189,617.675,606.201,764.892,420.166,46.100,1.485
24.11.2021 22:17:06,56.287,616.424,604.492,763.183,419.342,46.080,1.548
24.11.2021 22:17:07,56.390,614.593,603.332,760.986,418.060,46.093,1.465
24.11.2021 22:17:08,56.490,613.372,602.264,759.429,417.388,46.061,1.448
24.11.2021 22:17:09,56.588,611.999,601.104,757.537,416.259,46.077,1.423
24.11.2021 22:17:10,56.689,610.839,599.090,755.859,414.703,46.187,1.538
24.11.2021 22:17:11,56.787,609.466,598.999,754.241,413.909,46.171,1.372
24.11.2021 22:17:12,56.890,608.795,596.923,752.441,413.177,46.126,1.560
24.11.2021 22:17:13,56.990,606.292,595.062,749.786,411.285,46.203,1.481
24.11.2021 22:17:14,57.091,604.522,593.658,747.253,410.339,46.124,1.436
24.11.2021 22:17:15,57.189,603.820,592.590,745.910,409.179,46.199,1.487
24.11.2021 22:17:16,57.292,602.294,590.576,743.103,407.928,46.148,1.556
24.11.2021 22:17:17,57.392,601.196,589.447,741.760,406.829,46.212,1.563
24.11.2021 22:17:18,57.490,599.792,588.439,739.105,405.670,46.159,1.514
24.11.2021 22:17:19,57.596,597.930,586.700,737.609,404.510,46.220,1.502
24.11.2021 22:17:20,57.689,596.221,585.388,735.351,403.381,46.200,1.453
24.11.2021 22:17:21,57.789,594.818,583.435,733.612,402.008,46.276,1.531
24.11.2021 22:17:22,57.902,593.231,581.939,731.048,400.573,46.281,1.522
24.11.2021 22:17:23,57.993,592.071,580.902,729.583,400.146,46.213,1.509
24.11.2021 22:17:24,58.088,590.911,580.047,728.515,398.803,46.350,1.470
24.11.2021 22:17:25,58.189,589.263,577.880,724.853,397.247,46.269,1.545
24.11.2021 22:17:26,58.287,587.646,575.592,723.175,395.721,46.379,1.642
24.11.2021 22:17:27,58.387,586.090,575.073,720.672,394.775,46.302,1.503
24.11.2021 22:17:28,58.493,584.808,573.547,719.024,393.859,46.304,1.540
24.11.2021 22:17:29,58.588,584.075,572.814,717.193,392.700,46.333,1.542
24.11.2021 22:17:30,58.691,582.611,571.014,715.423,390.991,46.470,1.593
24.11.2021 22:17:31,58.789,581.085,569.885,713.317,390.167,46.409,1.542
24.11.2021 22:17:32,58.892,579.132,567.871,710.357,388.031,46.506,1.555
24.11.2021 22:17:33,58.990,577.789,566.070,708.221,387.268,46.430,1.623
24.11.2021 22:17:34,59.088,576.293,564.331,705.718,386.047,46.402,1.662
24.11.2021 22:17:35,59.191,575.073,563.903,705.657,385.070,46.580,1.554
24.11.2021 22:17:36,59.287,574.005,563.354,704.193,384.338,46.567,1.484
24.11.2021 22:17:37,59.392,572.387,561.035,701.965,382.598,46.666,1.587
24.11.2021 22:17:38,59.495,571.472,560.028,699.737,381.530,46.638,1.602
24.11.2021 22:17:39,59.596,569.610,558.471,697.692,379.913,46.734,1.564
24.11.2021 22:17:40,59.691,568.542,557.617,697.052,379.760,46.696,1.537
24.11.2021 22:17:41,59.789,566.894,555.389,694.152,378.082,46.715,1.624
24.11.2021 22:17:42,59.892,565.551,554.412,691.650,376.739,46.712,1.576
24.11.2021 22:17:43,59.995,563.934,552.764,690.307,375.518,46.806,1.585
