# Sensor: ADPD2140, Rotationstage: ELL18M
Datetime,Stage Angle,xL,xR,yL,yR,X,Y
24.11.2021 20:39:00,-59.991,818.023,814.849,490.051,900.939,-46.813,0.308
24.11.2021 20:39:01,-59.896,819.488,816.986,491.119,903.442,-46.856,0.242
24.11.2021 20:39:02,-59.800,822.357,819.000,492.675,905.212,-46.769,0.324
24.11.2021 20:39:03,-59.700,823.638,821.319,493.957,908.203,-46.819,0.223
24.11.2021 20:39:04,-59.597,826.507,823.944,495.941,910.858,-46.741,0.246
24.11.2021 20:39:05,-59.491,827.423,824.829,496.368,911.346,-46.717,0.248
24.11.2021 20:39:06,-59.393,829.254,826.416,497.314,914.123,-46.800,0.271
24.11.2021 20:39:07,-59.295,831.573,828.399,499.389,916.748,-46.706,0.303
24.11.2021 20:39:08,-59.202,831.604,829.956,499.664,917.938,-46.760,0.157
24.11.2021 20:39:09,-59.099,833.923,830.596,501.373,919.342,-46.623,0.316
24.11.2021 20:39:10,-58.996,836.486,834.167,503.265,924.133,-46.727,0.220
24.11.2021 20:39:11,-58.898,837.860,834.777,503.967,925.201,-46.710,0.292
24.11.2021 20:39:12,-58.795,839.202,835.235,504.669,926.513,-46.711,0.375
24.11.2021 20:39:13,-58.697,840.698,837.463,505.828,928.375,-46.691,0.305
24.11.2021 20:39:14,-58.597,841.857,839.111,507.598,931.152,-46.654,0.258
24.11.2021 20:39:15,-58.501,844.390,842.224,509.185,934.478,-46.686,0.203
24.11.2021 20:39:16,-58.398,846.740,844.238,509.887,936.675,-46.756,0.234
24.11.2021 20:39:17,-58.308,848.083,845.275,511.352,938.415,-46.683,0.262
24.11.2021 20:39:18,-58.195,851.409,848.602,513.519,942.047,-46.657,0.261
24.11.2021 20:39:19,-58.092,853.485,850.799,515.075,943.481,-46.548,0.249
24.11.2021 20:39:20,-57.991,854.919,851.470,515.686,945.587,-46.623,0.320
24.11.2021 20:39:21,-57.896,856.201,853.485,516.876,947.784,-46.624,0.251
24.11.2021 20:39:23,-57.793,857.482,855.163,517.730,949.371,-46.626,0.214
24.11.2021 20:39:24,-57.697,861.053,858.093,519.653,952.423,-46.590,0.272
24.11.2021 20:39:25,-57.597,862.884,860.748,521.362,955.718,-46.602,0.196
24.11.2021 20:39:26,-57.494,865.905,862.823,522.308,957.214,-46.584,0.282
24.11.2021 20:39:27,-57.396,867.675,864.379,522.521,958.557,-46.656,0.301
24.11.2021 20:39:28,-57.303,870.544,867.157,525.268,962.616,-46.583,0.308
24.11.2021 20:39:29,-57.200,872.619,870.117,526.153,964.416,-46.596,0.227
24.11.2021 20:39:30,-57.097,875.549,873.138,527.465,967.010,-46.610,0.218
24.11.2021 20:39:31,-56.994,878.662,875.579,528.930,969.787,-46.617,0.278
24.11.2021 20:39:32,-56.908,881.591,878.997,529.815,971.862,-46.651,0.233
24.11.2021 20:39:33,-56.795,883.941,880.432,530.731,972.290,-46.557,0.315
24.11.2021 20:39:34,-56.692,888.000,884.094,532.653,976.257,-46.590,0.349
24.11.2021 20:39:35,-56.597,889.892,886.413,533.599,978.210,-46.607,0.310
24.11.2021 20:39:36,-56.494,892.639,889.953,534.790,980.682,-46.628,0.238
24.11.2021 20:39:37,-56.393,896.392,892.700,536.285,983.154,-46.608,0.327
24.11.2021 20:39:38,-56.300,899.322,895.721,537.445,984.985,-46.587,0.317
24.11.2021 20:39:39,-56.192,901.947,898.559,538.635,986.816,-46.561,0.298
24.11.2021 20:39:40,-56.094,907.226,902.740,540.618,989.471,-46.489,0.392
24.11.2021 20:39:41,-55.994,909.729,905.242,542.022,993.164,-46.571,0.391
24.11.2021 20:39:42,-55.903,911.773,907.257,542.663,994.476,-46.581,0.393
24.11.2021 20:39:43,-55.800,914.916,910.888,544.036,996.887,-46.574,0.349
24.11.2021 20:39:44,-55.697,919.250,915.344,546.691,1001.617,-46.564,0.337
24.11.2021 20:39:45,-55.594,923.095,918.487,548.156,1004.242,-46.560,0.396
24.11.2021 20:39:46,-55.499,925.781,921.325,548.858,1005.676,-46.570,0.382
24.11.2021 20:39:47,-55.398,928.955,923.736,549.591,1007.873,-46.632,0.446
24.11.2021 20:39:48,-55.298,931.152,927.154,551.025,1010.864,-46.657,0.340
24.11.2021 20:39:49,-55.192,935.302,931.091,552.856,1014.923,-46.707,0.357
24.11.2021 20:39:50,-55.092,938.751,933.227,554.412,1017.120,-46.660,0.467
24.11.2021 20:39:51,-55.004,941.009,936.431,555.541,1019.867,-46.708,0.386
24.11.2021 20:39:52,-54.898,944.091,939.025,557.037,1021.667,-46.641,0.426
24.11.2021 20:39:53,-54.798,945.831,940.460,557.525,1022.765,-46.656,0.451
24.11.2021 20:39:54,-54.692,950.073,944.061,559.265,1027.954,-46.797,0.503
24.11.2021 20:39:55,-54.592,951.599,947.113,560.638,1029.846,-46.752,0.374
24.11.2021 20:39:56,-54.499,953.613,949.310,561.279,1032.226,-46.837,0.358
24.11.2021 20:39:57,-54.396,956.970,951.965,562.774,1035.400,-46.866,0.415
24.11.2021 20:39:58,-54.293,959.686,954.712,564.483,1038.696,-46.877,0.411
24.11.2021 20:39:59,-54.192,962.859,958.496,566.131,1041.290,-46.846,0.359
24.11.2021 20:40:00,-54.092,964.263,958.770,566.406,1041.809,-46.847,0.452
24.11.2021 20:40:01,-53.996,966.735,961.944,567.779,1045.440,-46.924,0.393
24.11.2021 20:40:02,-53.893,970.825,964.538,570.312,1050.414,-46.945,0.514
24.11.2021 20:40:03,-53.795,971.893,967.040,571.502,1051.818,-46.891,0.396
24.11.2021 20:40:04,-53.700,974.212,968.444,572.052,1053.680,-46.949,0.470
24.11.2021 20:40:05,-53.594,976.013,971.710,574.371,1056.549,-46.853,0.350
24.11.2021 20:40:06,-53.496,979.553,973.815,574.951,1058.593,-46.920,0.465
24.11.2021 20:40:07,-53.403,980.682,975.463,575.958,1060.943,-46.954,0.422
24.11.2021 20:40:08,-53.295,984.039,978.881,578.216,1065.155,-46.957,0.416
24.11.2021 20:40:09,-53.200,987.213,981.323,579.833,1068.755,-46.999,0.474
24.11.2021 20:40:10,-53.107,989.166,983.703,581.237,1070.190,-46.922,0.438
24.11.2021 20:40:11,-52.996,991.851,985.748,582.336,1073.883,-47.034,0.489
24.11.2021 20:40:12,-52.908,993.743,988.525,583.953,1076.110,-46.983,0.417
24.11.2021 20:40:13,-52.803,995.422,990.295,584.533,1076.446,-46.934,0.409
24.11.2021 20:40:14,-52.707,998.291,992.401,586.364,1080.322,-46.968,0.468
24.11.2021 20:40:15,-52.604,999.908,994.506,588.226,1082.000,-46.851,0.429
24.11.2021 20:40:16,-52.499,1002.044,996.978,589.935,1085.601,-46.881,0.401
24.11.2021 20:40:17,-52.403,1006.072,1000.732,592.376,1089.263,-46.826,0.421
24.11.2021 20:40:18,-52.308,1007.507,1001.922,593.048,1090.515,-46.827,0.440
24.11.2021 20:40:19,-52.207,1010.070,1004.363,594.177,1093.475,-46.886,0.448
24.11.2021 20:40:20,-52.099,1012.542,1006.286,595.977,1095.733,-46.816,0.491
24.11.2021 20:40:21,-52.001,1014.129,1009.460,597.869,1099.212,-46.816,0.365
24.11.2021 20:40:22,-51.901,1017.608,1012.878,600.158,1102.722,-46.771,0.369
24.11.2021 20:40:23,-51.798,1019.897,1014.709,601.989,1105.285,-46.718,0.404
24.11.2021 20:40:24,-51.702,1021.270,1017.486,603.210,1107.208,-46.697,0.294
24.11.2021 20:40:25,-51.594,1025.054,1019.958,604.248,1110.076,-46.760,0.394
24.11.2021 20:40:26,-51.506,1027.221,1022.033,606.231,1113.067,-46.718,0.401
24.11.2021 20:40:29,-51.393,1031.097,1025.482,608.489,1115.661,-46.617,0.432
24.11.2021 20:40:32,-51.295,1033.691,1028.106,609.771,1118.286,-46.635,0.429
24.11.2021 20:40:33,-51.192,1034.729,1029.205,610.961,1119.995,-46.604,0.424
24.11.2021 20:40:35,-51.094,1038.543,1032.928,613.464,1123.748,-46.551,0.429
24.11.2021 20:40:37,-50.991,1042.053,1036.315,615.875,1127.288,-46.494,0.437
24.11.2021 20:40:38,-50.896,1042.694,1037.719,616.302,1127.380,-46.450,0.378
24.11.2021 20:40:40,-50.793,1045.806,1040.100,618.530,1131.683,-46.465,0.433
24.11.2021 20:40:41,-50.697,1047.485,1042.449,619.964,1133.056,-46.385,0.381
24.11.2021 20:40:42,-50.594,1050.689,1045.013,621.826,1136.993,-46.419,0.429
24.11.2021 20:40:43,-50.496,1052.886,1046.752,623.779,1139.617,-46.359,0.462
24.11.2021 20:40:44,-50.398,1055.785,1049.804,625.122,1141.723,-46.336,0.450
24.11.2021 20:40:45,-50.293,1057.037,1051.177,626.037,1143.157,-46.321,0.440
24.11.2021 20:40:46,-50.200,1059.661,1052.947,627.960,1146.453,-46.308,0.503
24.11.2021 20:40:47,-50.104,1059.722,1054.840,629.486,1148.559,-46.265,0.365
24.11.2021 20:40:48,-49.996,1064.514,1058.135,631.896,1152.740,-46.251,0.476
24.11.2021 20:40:49,-49.908,1067.413,1060.119,634.643,1155.395,-46.104,0.543
24.11.2021 20:40:50,-49.800,1068.786,1062.591,635.314,1157.562,-46.163,0.460
24.11.2021 20:40:51,-49.695,1071.472,1065.368,637.786,1161.041,-46.099,0.452
24.11.2021 20:40:52,-49.597,1074.249,1067.626,639.862,1162.902,-45.979,0.489
24.11.2021 20:40:53,-49.501,1075.073,1068.756,640.808,1166.320,-46.085,0.466
24.11.2021 20:40:54,-49.393,1078.064,1072.296,643.554,1168.792,-45.928,0.425
24.11.2021 20:40:55,-49.295,1079.192,1073.211,645.721,1170.654,-45.800,0.440
24.11.2021 20:40:56,-49.192,1080.657,1074.859,646.942,1174.346,-45.891,0.426
24.11.2021 20:40:57,-49.092,1083.679,1077.636,649.444,1178.191,-45.848,0.443
24.11.2021 20:40:58,-48.991,1085.174,1079.223,651.458,1179.290,-45.691,0.435
24.11.2021 20:40:59,-48.898,1084.564,1079.010,651.763,1180.023,-45.702,0.406
24.11.2021 20:41:00,-48.798,1086.120,1080.780,653.656,1183.197,-45.687,0.390
24.11.2021 20:41:01,-48.697,1088.623,1082.946,656.158,1187.103,-45.649,0.414
24.11.2021 20:41:02,-48.594,1089.508,1084.228,658.142,1189.819,-45.595,0.384
24.11.2021 20:41:03,-48.494,1091.247,1085.754,659.423,1191.772,-45.573,0.399
24.11.2021 20:41:04,-48.396,1093.200,1086.181,660.858,1193.878,-45.544,0.510
24.11.2021 20:41:05,-48.303,1093.536,1087.738,662.109,1195.404,-45.499,0.421
24.11.2021 20:41:06,-48.200,1094.848,1089.752,664.398,1199.310,-45.485,0.369
24.11.2021 20:41:08,-48.094,1096.466,1091.430,666.442,1202.270,-45.441,0.364
24.11.2021 20:41:09,-47.999,1100.402,1093.963,669.586,1206.237,-45.338,0.465
24.11.2021 20:41:10,-47.893,1100.036,1094.451,671.234,1206.634,-45.183,0.403
24.11.2021 20:41:11,-47.800,1102.478,1096.740,673.431,1210.266,-45.164,0.413
24.11.2021 20:41:12,-47.695,1104.248,1098.419,675.140,1213.287,-45.161,0.419
24.11.2021 20:41:13,-47.594,1103.393,1098.663,676.025,1214.630,-45.146,0.340
24.11.2021 20:41:14,-47.499,1105.285,1099.975,678.680,1218.231,-45.077,0.381
24.11.2021 20:41:15,-47.393,1107.757,1102.416,681.182,1222.259,-45.049,0.382
24.11.2021 20:41:16,-47.300,1107.605,1102.874,681.732,1222.534,-45.007,0.339
24.11.2021 20:41:17,-47.195,1109.680,1104.034,683.929,1226.653,-45.017,0.404
24.11.2021 20:41:18,-47.097,1111.358,1106.353,686.279,1228.454,-44.874,0.357
24.11.2021 20:41:19,-47.006,1112.884,1107.208,687.713,1230.712,-44.856,0.405
24.11.2021 20:41:20,-46.893,1111.907,1106.842,689.300,1232.330,-44.784,0.361
24.11.2021 20:41:21,-46.800,1112.823,1107.757,690.460,1233.489,-44.730,0.361
24.11.2021 20:41:22,-46.692,1115.661,1110.107,693.054,1238.586,-44.757,0.395
24.11.2021 20:41:23,-46.597,1117.798,1112.182,696.105,1241.516,-44.609,0.399
24.11.2021 20:41:24,-46.499,1117.309,1112.426,697.204,1242.187,-44.533,0.347
24.11.2021 20:41:25,-46.396,1118.591,1113.647,699.005,1244.018,-44.452,0.350
24.11.2021 20:41:26,-46.303,1118.591,1112.976,699.554,1245.330,-44.472,0.398
24.11.2021 20:41:27,-46.202,1120.483,1116.333,702.575,1250.091,-44.436,0.294
24.11.2021 20:41:28,-46.097,1121.917,1116.973,705.047,1251.861,-44.283,0.349
24.11.2021 20:41:29,-46.001,1122.558,1117.553,706.542,1253.387,-44.217,0.354
24.11.2021 20:41:30,-45.901,1123.260,1119.567,708.190,1255.462,-44.168,0.260
24.11.2021 20:41:31,-45.798,1123.504,1118.377,708.892,1256.653,-44.164,0.362
24.11.2021 20:41:32,-45.700,1124.694,1120.635,711.608,1259.887,-44.073,0.286
24.11.2021 20:41:33,-45.602,1125.457,1121.399,713.714,1261.962,-43.977,0.286
24.11.2021 20:41:34,-45.499,1126.098,1121.612,715.606,1265.777,-44.004,0.316
24.11.2021 20:41:35,-45.403,1127.990,1123.962,718.566,1267.913,-43.826,0.283
24.11.2021 20:41:36,-45.303,1127.990,1124.298,719.757,1269.378,-43.789,0.259
24.11.2021 20:41:37,-45.195,1128.784,1125.122,722.808,1272.308,-43.648,0.257
24.11.2021 20:41:38,-45.102,1129.974,1126.007,723.693,1273.040,-43.601,0.278
24.11.2021 20:41:39,-44.999,1130.249,1126.434,725.646,1276.672,-43.612,0.267
24.11.2021 20:41:40,-44.906,1132.293,1128.601,728.637,1279.723,-43.485,0.258
24.11.2021 20:41:41,-44.805,1133.239,1129.669,731.170,1282.165,-43.371,0.250
24.11.2021 20:41:42,-44.702,1133.361,1129.669,732.696,1284.240,-43.336,0.258
24.11.2021 20:41:43,-44.602,1134.277,1130.554,734.710,1286.163,-43.245,0.260
24.11.2021 20:41:44,-44.504,1135.040,1132.080,736.206,1287.689,-43.183,0.206
24.11.2021 20:41:45,-44.403,1134.979,1131.805,737.762,1288.940,-43.099,0.221
24.11.2021 20:41:46,-44.303,1134.796,1131.927,739.959,1291.168,-43.007,0.200
24.11.2021 20:41:47,-44.205,1136.596,1133.728,742.675,1294.311,-42.917,0.200
24.11.2021 20:41:48,-44.107,1136.596,1134.643,744.384,1296.478,-42.871,0.136
24.11.2021 20:41:49,-43.999,1137.908,1135.375,746.520,1298.523,-42.776,0.176
24.11.2021 20:41:50,-43.906,1140.319,1136.810,748.657,1301.574,-42.739,0.244
24.11.2021 20:41:51,-43.808,1139.984,1136.657,750.030,1301.879,-42.621,0.231
24.11.2021 20:41:52,-43.705,1140.868,1137.298,752.563,1304.565,-42.525,0.248
24.11.2021 20:41:53,-43.602,1140.960,1138.671,753.540,1306.518,-42.540,0.159
24.11.2021 20:41:54,-43.504,1142.791,1140.167,756.469,1310.028,-42.452,0.182
24.11.2021 20:41:55,-43.401,1141.662,1139.984,757.598,1310.058,-42.344,0.116
24.11.2021 20:41:56,-43.300,1144.439,1141.632,759.765,1312.713,-42.282,0.194
24.11.2021 20:41:57,-43.205,1143.829,1141.418,761.779,1313.293,-42.120,0.167
24.11.2021 20:41:58,-43.102,1146.270,1142.730,763.122,1315.734,-42.127,0.245
24.11.2021 20:41:59,-43.004,1145.263,1142.547,764.495,1317.505,-42.094,0.188
24.11.2021 20:42:00,-42.908,1146.423,1143.737,766.540,1319.641,-42.016,0.185
24.11.2021 20:42:01,-42.805,1148.345,1144.226,768.859,1322.357,-41.945,0.284
24.11.2021 20:42:02,-42.705,1147.827,1145.355,770.324,1323.364,-41.861,0.170
24.11.2021 20:42:03,-42.599,1149.566,1146.057,773.071,1326.263,-41.760,0.242
24.11.2021 20:42:04,-42.501,1150.512,1147.888,774.017,1327.758,-41.753,0.180
24.11.2021 20:42:05,-42.403,1149.719,1145.751,774.597,1327.331,-41.674,0.273
24.11.2021 20:42:06,-42.308,1150.024,1147.400,777.587,1330.749,-41.579,0.181
24.11.2021 20:42:07,-42.207,1151.092,1148.986,778.778,1332.366,-41.556,0.145
24.11.2021 20:42:08,-42.094,1151.397,1149.139,780.029,1334.167,-41.537,0.155
24.11.2021 20:42:09,-41.994,1152.618,1150.665,781.799,1336.151,-41.480,0.134
24.11.2021 20:42:10,-41.896,1154.022,1151.794,784.484,1338.348,-41.348,0.153
24.11.2021 20:42:11,-41.793,1154.632,1152.404,785.797,1340.087,-41.320,0.153
24.11.2021 20:42:12,-41.697,1154.876,1152.465,787.902,1341.796,-41.217,0.165
24.11.2021 20:42:13,-41.602,1156.158,1153.961,789.031,1344.787,-41.275,0.150
24.11.2021 20:42:14,-41.504,1156.555,1154.449,791.625,1345.733,-41.085,0.144
24.11.2021 20:42:15,-41.406,1158.874,1156.463,793.243,1349.517,-41.142,0.165
24.11.2021 20:42:16,-41.295,1158.508,1155.944,794.799,1349.822,-41.013,0.175
24.11.2021 20:42:17,-41.200,1159.942,1157.501,796.478,1351.226,-40.934,0.166
24.11.2021 20:42:19,-41.094,1160.400,1158.477,798.645,1354.156,-40.894,0.131
24.11.2021 20:42:20,-40.996,1161.651,1159.454,800.567,1356.933,-40.867,0.150
24.11.2021 20:42:22,-40.896,1162.933,1160.766,802.520,1359.802,-40.843,0.147
24.11.2021 20:42:23,-40.798,1163.025,1161.315,803.863,1359.161,-40.685,0.116
24.11.2021 20:42:24,-40.695,1164.031,1162.078,805.450,1361.419,-40.661,0.133
24.11.2021 20:42:25,-40.597,1164.184,1161.804,806.976,1363.067,-40.611,0.162
24.11.2021 20:42:26,-40.494,1164.947,1163.757,808.898,1365.783,-40.582,0.080
24.11.2021 20:42:27,-40.396,1166.992,1164.825,811.492,1368.499,-40.492,0.147
24.11.2021 20:42:28,-40.305,1168.334,1166.015,813.873,1370.788,-40.399,0.157
24.11.2021 20:42:29,-40.200,1167.968,1166.015,814.697,1370.971,-40.334,0.132
24.11.2021 20:42:30,-40.099,1169.586,1167.297,816.131,1372.467,-40.284,0.155
24.11.2021 20:42:31,-40.004,1169.708,1167.358,817.993,1375.060,-40.255,0.159
24.11.2021 20:42:32,-39.901,1170.227,1168.487,819.549,1376.006,-40.165,0.117
24.11.2021 20:42:33,-39.805,1169.616,1168.060,820.678,1377.441,-40.141,0.105
24.11.2021 20:42:34,-39.697,1171.783,1170.410,823.638,1380.706,-40.049,0.092
24.11.2021 20:42:35,-39.599,1172.393,1170.806,825.347,1381.500,-39.938,0.107
24.11.2021 20:42:36,-39.504,1173.889,1172.454,826.843,1383.300,-39.900,0.096
24.11.2021 20:42:37,-39.406,1174.163,1172.607,828.369,1384.552,-39.831,0.105
24.11.2021 20:42:38,-39.298,1173.309,1172.760,829.620,1386.200,-39.807,0.037
24.11.2021 20:42:39,-39.202,1174.468,1172.821,830.780,1386.810,-39.736,0.111
24.11.2021 20:42:40,-39.102,1175.445,1174.651,832.946,1388.702,-39.644,0.053
24.11.2021 20:42:41,-39.004,1174.987,1174.224,833.435,1389.739,-39.656,0.051
24.11.2021 20:42:42,-38.906,1176.757,1175.414,835.388,1391.418,-39.571,0.090
24.11.2021 20:42:43,-38.805,1178.588,1176.788,837.310,1392.517,-39.459,0.121
24.11.2021 20:42:44,-38.700,1177.429,1176.269,837.951,1393.493,-39.454,0.078
24.11.2021 20:42:45,-38.604,1178.833,1177.276,840.484,1395.721,-39.349,0.104
24.11.2021 20:42:46,-38.504,1178.222,1177.642,841.705,1396.453,-39.280,0.038
24.11.2021 20:42:47,-38.403,1179.504,1178.680,843.048,1397.949,-39.241,0.055
24.11.2021 20:42:48,-38.298,1180.511,1179.809,845.214,1399.475,-39.131,0.047
24.11.2021 20:42:49,-38.200,1182.952,1181.915,847.106,1401.336,-39.064,0.069
24.11.2021 20:42:50,-38.102,1181.732,1181.274,847.381,1400.817,-39.012,0.030
24.11.2021 20:42:51,-38.001,1183.197,1181.549,849.426,1402.893,-38.943,0.110
24.11.2021 20:42:53,-37.898,1182.250,1181.518,850.097,1402.343,-38.855,0.049
24.11.2021 20:42:54,-37.803,1184.448,1182.952,852.172,1404.449,-38.785,0.100
24.11.2021 20:42:55,-37.697,1184.661,1183.715,853.546,1404.327,-38.658,0.063
24.11.2021 20:42:56,-37.597,1185.791,1184.967,854.858,1405.059,-38.583,0.055
24.11.2021 20:42:57,-37.504,1186.431,1184.265,856.048,1405.029,-38.477,0.144
24.11.2021 20:42:58,-37.403,1186.523,1185.546,857.360,1406.036,-38.417,0.065
24.11.2021 20:42:59,-37.295,1186.340,1184.875,858.367,1405.487,-38.300,0.097
24.11.2021 20:43:00,-37.200,1187.622,1186.431,859.985,1407.409,-38.261,0.079
24.11.2021 20:43:01,-37.104,1188.537,1186.462,861.206,1407.012,-38.135,0.138
24.11.2021 20:43:02,-37.001,1187.683,1187.256,861.541,1407.348,-38.123,0.028
24.11.2021 20:43:03,-36.898,1188.934,1187.347,863.403,1407.745,-37.983,0.105
24.11.2021 20:43:04,-36.803,1189.147,1188.232,864.441,1407.379,-37.874,0.061
24.11.2021 20:43:05,-36.705,1190.765,1189.178,865.661,1408.935,-37.851,0.105
24.11.2021 20:43:06,-36.604,1191.558,1190.704,867.950,1410.186,-37.720,0.056
24.11.2021 20:43:07,-36.501,1193.145,1191.802,869.812,1411.254,-37.617,0.089
24.11.2021 20:43:08,-36.401,1191.375,1190.704,868.865,1408.813,-37.569,0.044
24.11.2021 20:43:09,-36.305,1193.145,1190.948,871.246,1409.881,-37.421,0.146
24.11.2021 20:43:10,-36.205,1194.641,1193.725,872.436,1410.766,-37.365,0.060
24.11.2021 20:43:11,-36.104,1195.587,1192.871,873.565,1411.133,-37.288,0.180
24.11.2021 20:43:12,-35.999,1193.664,1193.298,874.084,1410.308,-37.200,0.024
24.11.2021 20:43:13,-35.906,1195.678,1194.488,876.098,1411.865,-37.110,0.078
24.11.2021 20:43:14,-35.805,1195.922,1195.678,876.770,1411.437,-37.030,0.016
24.11.2021 20:43:15,-35.705,1195.892,1193.969,877.136,1410.400,-36.944,0.127
24.11.2021 20:43:16,-35.594,1196.594,1196.655,878.997,1410.858,-36.809,-0.004
24.11.2021 20:43:17,-35.501,1198.455,1196.563,879.852,1411.651,-36.778,0.125
24.11.2021 20:43:18,-35.393,1197.631,1197.784,881.072,1411.620,-36.673,-0.010
24.11.2021 20:43:19,-35.300,1198.028,1197.174,881.805,1411.773,-36.619,0.056
24.11.2021 20:43:20,-35.205,1199.157,1198.883,882.995,1412.689,-36.566,0.018
24.11.2021 20:43:21,-35.104,1200.378,1199.829,884.002,1412.506,-36.471,0.036
24.11.2021 20:43:22,-35.004,1202.117,1202.301,885.589,1413.665,-36.398,-0.012
24.11.2021 20:43:23,-34.908,1201.477,1201.507,886.230,1413.818,-36.352,-0.002
24.11.2021 20:43:24,-34.808,1202.392,1202.514,887.115,1413.604,-36.265,-0.008
24.11.2021 20:43:25,-34.707,1201.690,1201.751,887.908,1413.482,-36.192,-0.004
24.11.2021 20:43:26,-34.604,1202.697,1202.331,888.519,1412.506,-36.088,0.024
24.11.2021 20:43:27,-34.504,1204.193,1204.193,890.411,1415.008,-36.061,0.000
24.11.2021 20:43:28,-34.408,1204.162,1203.857,890.533,1413.818,-35.988,0.020
24.11.2021 20:43:29,-34.305,1205.810,1205.993,892.517,1415.344,-35.902,-0.012
24.11.2021 20:43:30,-34.202,1204.559,1204.834,892.028,1413.665,-35.853,-0.018
24.11.2021 20:43:31,-34.102,1205.810,1206.085,893.707,1415.405,-35.805,-0.018
24.11.2021 20:43:32,-33.999,1206.604,1206.817,894.561,1415.710,-35.749,-0.014
24.11.2021 20:43:33,-33.903,1206.786,1207.946,896.331,1417.266,-35.683,-0.076
24.11.2021 20:43:34,-33.803,1208.801,1208.770,897.766,1417.816,-35.592,0.001
24.11.2021 20:43:35,-33.705,1207.336,1208.099,898.315,1415.832,-35.440,-0.050
24.11.2021 20:43:36,-33.604,1208.557,1208.679,898.681,1415.313,-35.382,-0.007
24.11.2021 20:43:37,-33.506,1208.435,1208.984,899.841,1417.266,-35.389,-0.036
24.11.2021 20:43:38,-33.406,1209.930,1209.716,901.275,1417.785,-35.296,0.013
24.11.2021 20:43:39,-33.303,1208.709,1209.961,901.794,1417.694,-35.248,-0.081
24.11.2021 20:43:40,-33.200,1211.609,1210.662,903.869,1418.884,-35.138,0.061
24.11.2021 20:43:41,-33.104,1210.998,1211.974,904.846,1418.914,-35.059,-0.063
24.11.2021 20:43:42,-33.004,1212.493,1212.188,905.487,1418.212,-34.968,0.019
24.11.2021 20:43:43,-32.906,1212.432,1212.554,906.860,1419.158,-34.904,-0.007
24.11.2021 20:43:44,-32.805,1212.555,1212.615,907.348,1419.128,-34.862,-0.003
24.11.2021 20:43:45,-32.702,1213.287,1214.721,909.545,1421.691,-34.815,-0.093
24.11.2021 20:43:46,-32.597,1215.271,1215.698,910.919,1420.806,-34.655,-0.027
24.11.2021 20:43:47,-32.501,1214.202,1215.667,911.316,1421.661,-34.667,-0.095
24.11.2021 20:43:48,-32.406,1215.423,1215.209,911.834,1420.837,-34.580,0.013
24.11.2021 20:43:49,-32.300,1214.386,1215.576,913.208,1420.105,-34.428,-0.077
24.11.2021 20:43:50,-32.202,1214.324,1214.508,913.146,1418.792,-34.363,-0.011
24.11.2021 20:43:51,-32.099,1214.874,1216.522,915.008,1420.837,-34.318,-0.107
24.11.2021 20:43:52,-31.999,1215.698,1215.667,915.710,1420.837,-34.260,0.001
24.11.2021 20:43:53,-31.906,1216.125,1217.224,917.755,1421.661,-34.136,-0.071
24.11.2021 20:43:54,-31.798,1218.048,1218.597,918.792,1422.668,-34.104,-0.035
24.11.2021 20:43:55,-31.700,1216.796,1218.048,919.372,1421.142,-33.975,-0.081
24.11.2021 20:43:56,-31.599,1218.658,1218.810,920.929,1421.905,-33.888,-0.009
24.11.2021 20:43:57,-31.504,1218.109,1219.543,922.973,1423.278,-33.793,-0.093
24.11.2021 20:43:58,-31.408,1219.207,1219.482,923.095,1422.210,-33.726,-0.017
24.11.2021 20:43:59,-31.303,1218.688,1220.459,924.987,1423.065,-33.617,-0.115
24.11.2021 20:44:00,-31.207,1219.421,1220.031,925.659,1421.875,-33.498,-0.039
24.11.2021 20:44:01,-31.104,1217.742,1219.757,925.872,1420.288,-33.396,-0.130
24.11.2021 20:44:02,-30.994,1219.757,1219.818,927.429,1420.562,-33.284,-0.003
24.11.2021 20:44:03,-30.893,1219.940,1220.276,929.626,1421.631,-33.161,-0.021
24.11.2021 20:44:05,-30.793,1219.299,1221.374,930.725,1421.539,-33.067,-0.134
24.11.2021 20:44:06,-30.700,1219.513,1219.909,930.541,1419.921,-32.996,-0.025
24.11.2021 20:44:07,-30.594,1221.954,1222.381,933.441,1422.027,-32.872,-0.027
24.11.2021 20:44:08,-30.491,1221.282,1221.984,934.051,1420.868,-32.761,-0.045
24.11.2021 20:44:09,-30.398,1223.052,1221.801,935.607,1421.478,-32.667,0.081
24.11.2021 20:44:10,-30.298,1220.275,1222.228,936.126,1420.929,-32.596,-0.126
24.11.2021 20:44:11,-30.195,1221.252,1222.198,938.110,1421.447,-32.463,-0.061
24.11.2021 20:44:12,-30.092,1221.862,1222.900,939.697,1421.234,-32.323,-0.067
24.11.2021 20:44:13,-29.999,1222.259,1223.571,939.514,1421.264,-32.339,-0.085
24.11.2021 20:44:14,-29.896,1222.106,1223.693,941.772,1420.318,-32.106,-0.102
24.11.2021 20:44:15,-29.805,1222.656,1223.052,942.718,1419.708,-31.997,-0.025
24.11.2021 20:44:16,-29.700,1221.649,1222.900,943.695,1420.043,-31.937,-0.081
24.11.2021 20:44:17,-29.594,1222.595,1224.029,946.075,1419.586,-31.721,-0.092
24.11.2021 20:44:18,-29.501,1223.815,1225.158,947.479,1421.447,-31.707,-0.086
24.11.2021 20:44:19,-29.398,1225.464,1226.959,949.951,1423.736,-31.632,-0.096
24.11.2021 20:44:20,-29.300,1226.013,1227.661,951.385,1423.431,-31.501,-0.106
24.11.2021 20:44:21,-29.202,1224.304,1225.494,951.293,1421.173,-31.387,-0.076
24.11.2021 20:44:22,-29.092,1225.494,1226.257,952.209,1421.356,-31.324,-0.049
24.11.2021 20:44:23,-28.999,1223.480,1225.128,953.033,1421.020,-31.240,-0.106
24.11.2021 20:44:24,-28.893,1225.311,1226.348,954.742,1422.149,-31.164,-0.067
24.11.2021 20:44:25,-28.798,1225.890,1227.416,956.817,1423.675,-31.080,-0.098
24.11.2021 20:44:26,-28.695,1225.952,1227.203,957.458,1422.851,-30.985,-0.080
24.11.2021 20:44:27,-28.599,1225.250,1226.074,958.557,1421.783,-30.840,-0.053
24.11.2021 20:44:28,-28.494,1225.097,1227.630,959.289,1421.661,-30.775,-0.163
24.11.2021 20:44:29,-28.398,1225.219,1226.470,960.327,1422.180,-30.721,-0.080
24.11.2021 20:44:30,-28.293,1225.555,1227.203,962.616,1422.760,-30.570,-0.106
24.11.2021 20:44:31,-28.195,1226.348,1227.508,964.111,1423.461,-30.490,-0.074
24.11.2021 20:44:32,-28.107,1226.837,1228.698,966.278,1425.018,-30.402,-0.120
24.11.2021 20:44:33,-27.999,1227.600,1228.576,967.041,1423.644,-30.268,-0.063
24.11.2021 20:44:34,-27.908,1227.691,1228.820,968.048,1424.682,-30.244,-0.072
24.11.2021 20:44:35,-27.803,1227.599,1229.064,969.451,1424.530,-30.125,-0.094
24.11.2021 20:44:37,-27.695,1226.653,1227.538,971.008,1424.591,-30.006,-0.057
24.11.2021 20:44:38,-27.594,1227.233,1229.492,972.228,1424.957,-29.929,-0.145
24.11.2021 20:44:39,-27.494,1228.515,1228.912,974.334,1425.720,-29.805,-0.025
24.11.2021 20:44:40,-27.398,1227.172,1228.973,974.853,1424.285,-29.687,-0.116
24.11.2021 20:44:41,-27.298,1228.088,1228.424,975.982,1424.987,-29.637,-0.021
24.11.2021 20:44:42,-27.197,1227.203,1228.546,977.356,1423.797,-29.465,-0.086
24.11.2021 20:44:43,-27.094,1228.698,1227.935,979.370,1425.689,-29.409,0.049
24.11.2021 20:44:44,-26.996,1227.600,1229.278,981.018,1425.781,-29.285,-0.108
24.11.2021 20:44:45,-26.896,1228.332,1228.881,983.123,1426.361,-29.152,-0.035
24.11.2021 20:44:46,-26.798,1228.423,1228.912,983.886,1425.445,-29.044,-0.031
24.11.2021 20:44:47,-26.697,1230.651,1231.811,987.884,1429.382,-28.945,-0.074
24.11.2021 20:44:48,-26.597,1230.041,1231.567,987.976,1427.215,-28.821,-0.098
24.11.2021 20:44:49,-26.504,1229.278,1231.414,989.288,1427.612,-28.741,-0.137
24.11.2021 20:44:50,-26.408,1229.461,1230.621,990.997,1427.032,-28.577,-0.074
24.11.2021 20:44:51,-26.298,1230.834,1231.994,993.042,1427.795,-28.460,-0.074
24.11.2021 20:44:52,-26.192,1230.651,1232.666,995.635,1428.985,-28.324,-0.129
24.11.2021 20:44:53,-26.092,1230.926,1232.788,997.100,1428.588,-28.190,-0.119
24.11.2021 20:44:54,-25.996,1232.391,1233.917,999.816,1429.870,-28.050,-0.098
24.11.2021 20:44:55,-25.898,1230.010,1232.116,999.114,1426.696,-27.933,-0.135
24.11.2021 20:44:56,-25.798,1229.888,1231.353,1000.396,1426.849,-27.843,-0.094
24.11.2021 20:44:57,-25.692,1231.170,1232.727,1003.387,1428.588,-27.708,-0.100
24.11.2021 20:44:58,-25.597,1230.590,1233.184,1004.241,1427.856,-27.603,-0.166
24.11.2021 20:44:59,-25.491,1230.987,1232.940,1006.561,1428.497,-27.460,-0.125
24.11.2021 20:45:00,-25.401,1232.330,1233.612,1009.033,1428.619,-27.278,-0.082
24.11.2021 20:45:01,-25.298,1230.713,1232.055,1008.880,1425.476,-27.120,-0.086
24.11.2021 20:45:02,-25.200,1231.842,1233.276,1011.901,1427.734,-27.012,-0.092
24.11.2021 20:45:03,-25.094,1230.682,1232.452,1012.786,1426.361,-26.871,-0.113
24.11.2021 20:45:04,-24.996,1230.255,1232.879,1014.709,1426.971,-26.758,-0.168
24.11.2021 20:45:05,-24.893,1232.208,1233.459,1017.333,1428.192,-26.625,-0.080
24.11.2021 20:45:06,-24.800,1231.750,1234.252,1019.592,1427.642,-26.424,-0.160
24.11.2021 20:45:07,-24.695,1234.008,1236.022,1021.911,1428.192,-26.279,-0.129
24.11.2021 20:45:08,-24.597,1233.764,1235.076,1023.376,1428.253,-26.172,-0.084
24.11.2021 20:45:09,-24.494,1230.926,1233.001,1024.261,1425.659,-25.965,-0.133
24.11.2021 20:45:10,-24.396,1231.689,1232.818,1026.245,1426.086,-25.839,-0.072
24.11.2021 20:45:11,-24.295,1232.635,1235.198,1028.869,1427.276,-25.706,-0.164
24.11.2021 20:45:12,-24.192,1232.604,1234.771,1029.418,1426.513,-25.624,-0.139
24.11.2021 20:45:13,-24.094,1233.764,1235.626,1032.623,1426.269,-25.370,-0.119
24.11.2021 20:45:14,-23.991,1232.483,1234.649,1032.745,1424.957,-25.290,-0.139
24.11.2021 20:45:15,-23.893,1232.818,1234.619,1035.156,1425.415,-25.135,-0.115
24.11.2021 20:45:16,-23.793,1232.574,1234.527,1036.987,1423.919,-24.917,-0.125
24.11.2021 20:45:17,-23.695,1232.238,1234.527,1037.933,1424.774,-24.893,-0.147
24.11.2021 20:45:18,-23.597,1233.031,1234.680,1040.771,1424.469,-24.666,-0.105
24.11.2021 20:45:19,-23.496,1232.879,1234.557,1041.870,1424.468,-24.584,-0.107
24.11.2021 20:45:20,-23.393,1232.849,1235.412,1043.701,1424.346,-24.442,-0.164
24.11.2021 20:45:21,-23.295,1232.544,1233.947,1045.013,1423.645,-24.306,-0.090
24.11.2021 20:45:22,-23.192,1231.292,1232.788,1045.410,1421.722,-24.172,-0.096
24.11.2021 20:45:23,-23.094,1232.452,1234.161,1048.339,1422.821,-24.015,-0.109
24.11.2021 20:45:24,-22.994,1233.825,1236.145,1051.177,1425.231,-23.937,-0.148
24.11.2021 20:45:25,-22.898,1231.903,1234.222,1050.964,1422.088,-23.782,-0.149
24.11.2021 20:45:26,-22.798,1233.612,1235.504,1053.497,1422.759,-23.632,-0.121
24.11.2021 20:45:27,-22.695,1232.574,1235.107,1054.718,1422.271,-23.516,-0.162
24.11.2021 20:45:28,-22.594,1232.360,1233.978,1055.206,1421.478,-23.437,-0.103
24.11.2021 20:45:29,-22.494,1232.086,1234.466,1057.586,1421.630,-23.270,-0.152
24.11.2021 20:45:30,-22.398,1233.184,1235.901,1059.265,1421.752,-23.154,-0.174
24.11.2021 20:45:31,-22.298,1232.788,1234.008,1060.577,1421.051,-23.020,-0.078
24.11.2021 20:45:32,-22.197,1231.414,1233.398,1061.157,1418.945,-22.862,-0.127
24.11.2021 20:45:33,-22.092,1231.445,1232.788,1062.835,1418.121,-22.694,-0.086
24.11.2021 20:45:34,-21.996,1232.177,1234.405,1064.636,1419.128,-22.618,-0.143
24.11.2021 20:45:35,-21.893,1232.757,1234.130,1067.535,1420.257,-22.469,-0.088
24.11.2021 20:45:36,-21.798,1233.764,1235.229,1069.885,1420.196,-22.295,-0.094
24.11.2021 20:45:37,-21.692,1233.093,1235.473,1070.739,1419.952,-22.219,-0.152
24.11.2021 20:45:38,-21.599,1233.489,1235.595,1073.028,1419.830,-22.047,-0.135
24.11.2021 20:45:39,-21.499,1232.604,1235.473,1073.486,1418.395,-21.935,-0.184
24.11.2021 20:45:40,-21.401,1232.879,1234.985,1075.256,1417.327,-21.748,-0.135
24.11.2021 20:45:41,-21.308,1233.367,1235.565,1076.934,1419.036,-21.721,-0.141
24.11.2021 20:45:42,-21.195,1231.994,1234.252,1080.169,1416.687,-21.359,-0.145
24.11.2021 20:45:43,-21.107,1233.764,1235.809,1080.474,1418.457,-21.434,-0.131
24.11.2021 20:45:44,-21.004,1233.642,1236.328,1083.892,1418.945,-21.215,-0.172
24.11.2021 20:45:45,-20.898,1233.307,1235.687,1085.662,1416.656,-20.962,-0.152
24.11.2021 20:45:46,-20.795,1232.208,1234.130,1086.029,1415.435,-20.869,-0.123
24.11.2021 20:45:47,-20.697,1231.964,1234.680,1086.852,1414.642,-20.766,-0.174
24.11.2021 20:45:48,-20.594,1233.245,1235.626,1090.606,1416.717,-20.612,-0.152
24.11.2021 20:45:50,-20.494,1232.025,1235.504,1091.369,1414.672,-20.445,-0.223
24.11.2021 20:45:51,-20.393,1230.957,1233.367,1092.162,1413.696,-20.334,-0.155
24.11.2021 20:45:52,-20.293,1232.574,1235.412,1095.336,1414.856,-20.172,-0.182
24.11.2021 20:45:53,-20.195,1232.147,1234.344,1096.130,1414.398,-20.090,-0.141
24.11.2021 20:45:54,-20.099,1231.140,1234.191,1097.686,1413.116,-19.909,-0.196
24.11.2021 20:45:55,-19.991,1231.201,1234.497,1100.250,1413.116,-19.727,-0.211
24.11.2021 20:45:56,-19.896,1231.414,1234.618,1101.684,1413.360,-19.639,-0.205
24.11.2021 20:45:57,-19.798,1232.574,1235.198,1104.187,1413.177,-19.452,-0.168
24.11.2021 20:45:58,-19.692,1231.597,1234.557,1105.255,1411.651,-19.292,-0.190
24.11.2021 20:45:59,-19.599,1230.804,1233.520,1106.323,1410.430,-19.149,-0.174
24.11.2021 20:46:00,-19.496,1230.773,1233.947,1108.306,1410.431,-19.009,-0.204
24.11.2021 20:46:01,-19.401,1229.888,1232.665,1109.405,1408.935,-18.849,-0.178
24.11.2021 20:46:02,-19.298,1229.186,1232.483,1110.870,1407.958,-18.692,-0.212
24.11.2021 20:46:03,-19.197,1229.125,1232.848,1113.250,1406.860,-18.463,-0.239
24.11.2021 20:46:04,-19.092,1228.149,1232.360,1114.532,1405.822,-18.316,-0.271
24.11.2021 20:46:05,-19.006,1229.736,1232.574,1116.943,1404.907,-18.096,-0.182
24.11.2021 20:46:06,-18.908,1228.302,1230.804,1115.692,1403.869,-18.126,-0.161
24.11.2021 20:46:07,-18.800,1228.424,1231.658,1117.767,1402.618,-17.911,-0.208
24.11.2021 20:46:08,-18.695,1228.515,1231.628,1120.971,1403.106,-17.714,-0.200
24.11.2021 20:46:09,-18.594,1228.942,1231.994,1122.284,1402.221,-17.573,-0.196
24.11.2021 20:46:10,-18.504,1229.187,1231.658,1124.877,1402.008,-17.380,-0.159
24.11.2021 20:46:11,-18.408,1227.508,1230.407,1124.206,1398.315,-17.221,-0.186
24.11.2021 20:46:12,-18.308,1228.851,1230.468,1126.678,1398.376,-17.052,-0.104
24.11.2021 20:46:13,-18.197,1226.165,1229.522,1126.098,1396.575,-16.991,-0.216
24.11.2021 20:46:14,-18.092,1226.531,1228.607,1128.509,1395.416,-16.759,-0.133
24.11.2021 20:46:15,-17.999,1226.226,1228.820,1130.126,1395.477,-16.650,-0.167
24.11.2021 20:46:16,-17.896,1227.264,1230.438,1130.584,1395.934,-16.644,-0.204
24.11.2021 20:46:17,-17.793,1227.447,1230.560,1134.216,1395.477,-16.367,-0.200
24.11.2021 20:46:18,-17.707,1226.623,1229.095,1133.941,1392.486,-16.218,-0.159
24.11.2021 20:46:19,-17.597,1225.799,1228.484,1134.429,1391.937,-16.153,-0.173
24.11.2021 20:46:20,-17.491,1224.182,1226.806,1135.223,1389.373,-15.953,-0.169
24.11.2021 20:46:22,-17.396,1225.372,1227.508,1136.749,1390.289,-15.900,-0.138
24.11.2021 20:46:23,-17.295,1225.097,1228.454,1138.946,1390.228,-15.745,-0.216
24.11.2021 20:46:24,-17.197,1225.189,1228.027,1140.319,1389.770,-15.624,-0.183
24.11.2021 20:46:25,-17.097,1224.945,1227.600,1141.052,1388.305,-15.491,-0.171
24.11.2021 20:46:26,-16.996,1222.167,1224.700,1139.648,1385.101,-15.407,-0.164
24.11.2021 20:46:27,-16.893,1221.740,1225.250,1141.693,1385.772,-15.304,-0.227
24.11.2021 20:46:28,-16.795,1222.015,1224.914,1143.646,1385.406,-15.149,-0.187
24.11.2021 20:46:29,-16.692,1223.175,1226.287,1145.233,1386.352,-15.094,-0.201
24.11.2021 20:46:30,-16.594,1221.893,1225.097,1145.782,1385.192,-14.990,-0.207
24.11.2021 20:46:31,-16.491,1222.320,1224.792,1146.423,1383.880,-14.872,-0.160
24.11.2021 20:46:32,-16.398,1222.961,1226.410,1147.491,1384.246,-14.820,-0.223
24.11.2021 20:46:33,-16.293,1222.778,1225.036,1148.437,1383.666,-14.722,-0.146
24.11.2021 20:46:34,-16.197,1222.961,1224.640,1150.299,1382.141,-14.508,-0.108
24.11.2021 20:46:35,-16.107,1222.503,1225.311,1151.733,1382.446,-14.427,-0.181
24.11.2021 20:46:36,-16.006,1221.221,1224.548,1151.763,1380.706,-14.326,-0.215
24.11.2021 20:46:37,-15.898,1221.679,1224.121,1152.770,1380.798,-14.263,-0.158
24.11.2021 20:46:38,-15.800,1220.367,1223.022,1153.167,1378.570,-14.109,-0.172
24.11.2021 20:46:39,-15.695,1220.367,1222.381,1154.144,1377.105,-13.959,-0.130
24.11.2021 20:46:40,-15.594,1217.987,1221.252,1154.327,1376.403,-13.906,-0.212
24.11.2021 20:46:41,-15.494,1218.353,1221.252,1156.158,1375.915,-13.754,-0.188
24.11.2021 20:46:42,-15.398,1217.895,1220.520,1156.799,1375.305,-13.675,-0.170
24.11.2021 20:46:43,-15.295,1216.979,1220.855,1157.867,1374.176,-13.538,-0.251
24.11.2021 20:46:44,-15.195,1217.742,1219.696,1158.203,1372.527,-13.421,-0.126
24.11.2021 20:46:45,-15.094,1217.529,1218.139,1159.515,1371.185,-13.255,-0.039
24.11.2021 20:46:46,-14.994,1216.613,1219.360,1160.827,1371.002,-13.155,-0.178
24.11.2021 20:46:47,-14.896,1215.972,1219.268,1161.499,1370.086,-13.057,-0.214
24.11.2021 20:46:48,-14.795,1215.057,1217.254,1162.139,1367.858,-12.886,-0.143
24.11.2021 20:46:49,-14.695,1216.247,1218.506,1163.574,1369.048,-12.857,-0.147
24.11.2021 20:46:50,-14.594,1217.102,1219.360,1166.259,1368.530,-12.646,-0.146
24.11.2021 20:46:51,-14.499,1216.033,1217.651,1166.595,1365.478,-12.447,-0.105
24.11.2021 20:46:52,-14.396,1214.874,1217.163,1166.870,1365.020,-12.402,-0.149
24.11.2021 20:46:53,-14.300,1213.378,1216.033,1167.358,1364.929,-12.364,-0.173
24.11.2021 20:46:54,-14.197,1213.165,1216.552,1168.273,1363.372,-12.213,-0.220
24.11.2021 20:46:55,-14.099,1213.500,1216.766,1170.684,1363.555,-12.061,-0.212
24.11.2021 20:46:56,-13.991,1212.921,1216.125,1171.203,1362.549,-11.968,-0.209
24.11.2021 20:46:57,-13.908,1213.623,1216.918,1173.126,1362.152,-11.815,-0.214
24.11.2021 20:46:58,-13.798,1210.723,1213.470,1170.745,1357.696,-11.717,-0.179
24.11.2021 20:46:59,-13.695,1211.090,1213.256,1171.173,1358.184,-11.717,-0.141
24.11.2021 20:47:00,-13.597,1209.655,1212.615,1172.912,1357.238,-11.545,-0.193
24.11.2021 20:47:01,-13.499,1210.479,1213.287,1174.224,1357.055,-11.446,-0.183
24.11.2021 20:47:02,-13.398,1208.923,1211.578,1174.377,1355.499,-11.345,-0.173
24.11.2021 20:47:03,-13.308,1210.205,1212.555,1175.384,1355.590,-11.283,-0.153
24.11.2021 20:47:04,-13.192,1209.838,1211.853,1176.483,1353.820,-11.107,-0.131
24.11.2021 20:47:05,-13.107,1207.611,1210.601,1176.147,1351.562,-10.997,-0.195
24.11.2021 20:47:06,-12.994,1207.733,1210.296,1176.818,1351.989,-10.977,-0.168
24.11.2021 20:47:07,-12.896,1208.343,1211.028,1180.328,1352.294,-10.760,-0.175
24.11.2021 20:47:08,-12.795,1206.665,1209.991,1178.954,1348.480,-10.629,-0.218
24.11.2021 20:47:09,-12.695,1208.862,1210.937,1181.579,1349.944,-10.540,-0.135
24.11.2021 20:47:10,-12.594,1208.068,1210.601,1181.976,1348.022,-10.401,-0.165
24.11.2021 20:47:11,-12.496,1206.268,1209.259,1181.823,1345.916,-10.287,-0.196
24.11.2021 20:47:12,-12.393,1206.390,1209.289,1183.258,1346.008,-10.197,-0.190
24.11.2021 20:47:13,-12.298,1207.122,1209.472,1185.272,1345.977,-10.061,-0.154
24.11.2021 20:47:14,-12.197,1205.383,1208.923,1184.967,1343.872,-9.958,-0.232
24.11.2021 20:47:15,-12.097,1203.521,1207.183,1184.234,1342.315,-9.915,-0.240
24.11.2021 20:47:16,-11.991,1205.108,1207.824,1186.553,1342.681,-9.782,-0.178
24.11.2021 20:47:17,-11.898,1203.216,1206.085,1185.394,1339.263,-9.658,-0.188
24.11.2021 20:47:18,-11.798,1202.850,1205.322,1185.516,1338.348,-9.596,-0.162
24.11.2021 20:47:19,-11.700,1203.552,1205.810,1187.896,1338.806,-9.465,-0.148
24.11.2021 20:47:20,-11.599,1202.087,1205.474,1188.232,1337.463,-9.363,-0.222
24.11.2021 20:47:21,-11.501,1203.155,1205.535,1189.208,1337.249,-9.286,-0.156
24.11.2021 20:47:22,-11.406,1201.660,1204.284,1188.903,1335.357,-9.194,-0.172
24.11.2021 20:47:23,-11.308,1200.439,1204.162,1189.026,1332.946,-9.043,-0.245
24.11.2021 20:47:24,-11.205,1201.995,1203.857,1190.521,1333.282,-8.964,-0.122
24.11.2021 20:47:25,-11.102,1199.646,1202.148,1189.422,1331.756,-8.946,-0.165
24.11.2021 20:47:26,-10.999,1200.195,1203.582,1191.955,1332.305,-8.811,-0.223
24.11.2021 20:47:27,-10.906,1198.730,1201.781,1190.521,1330.230,-8.783,-0.201
24.11.2021 20:47:28,-10.803,1197.814,1201.690,1191.436,1330.230,-8.722,-0.255
24.11.2021 20:47:29,-10.707,1199.157,1202.057,1192.596,1329.925,-8.627,-0.191
24.11.2021 20:47:30,-10.604,1197.723,1199.157,1190.673,1326.965,-8.579,-0.094
24.11.2021 20:47:31,-10.491,1197.845,1199.951,1192.718,1327.270,-8.461,-0.139
24.11.2021 20:47:32,-10.396,1196.624,1198.639,1191.833,1326.721,-8.487,-0.133
24.11.2021 20:47:33,-10.300,1197.631,1200.866,1194.244,1327.331,-8.364,-0.213
24.11.2021 20:47:34,-10.192,1196.960,1199.249,1193.969,1325.408,-8.268,-0.151
24.11.2021 20:47:35,-10.092,1196.380,1199.218,1194.946,1324.981,-8.177,-0.187
24.11.2021 20:47:36,-9.996,1196.075,1199.005,1195.190,1324.462,-8.130,-0.193
24.11.2021 20:47:37,-9.896,1196.685,1198.883,1195.739,1324.493,-8.096,-0.145
24.11.2021 20:47:38,-9.795,1194.305,1197.052,1195.800,1322.570,-7.977,-0.182
24.11.2021 20:47:39,-9.695,1192.901,1196.685,1195.800,1321.807,-7.931,-0.250
24.11.2021 20:47:40,-9.604,1193.145,1194.885,1195.770,1319.244,-7.780,-0.115
24.11.2021 20:47:41,-9.499,1193.633,1195.465,1197.601,1319.976,-7.703,-0.121
24.11.2021 20:47:42,-9.406,1193.023,1195.465,1197.906,1318.756,-7.610,-0.161
24.11.2021 20:47:43,-9.303,1194.030,1196.777,1198.760,1319.183,-7.579,-0.182
24.11.2021 20:47:44,-9.197,1193.023,1194.976,1198.669,1316.803,-7.442,-0.129
24.11.2021 20:47:45,-9.107,1191.375,1193.786,1199.157,1315.612,-7.338,-0.160
24.11.2021 20:47:46,-8.996,1192.993,1195.495,1201.538,1316.528,-7.237,-0.166
24.11.2021 20:47:47,-8.896,1191.619,1194.763,1202.453,1314.239,-7.039,-0.208
24.11.2021 20:47:48,-8.798,1191.467,1193.939,1202.362,1313.751,-7.015,-0.164
24.11.2021 20:47:49,-8.707,1190.551,1192.565,1201.843,1311.370,-6.906,-0.133
24.11.2021 20:47:50,-8.594,1192.291,1194.915,1204.315,1312.835,-6.832,-0.174
24.11.2021 20:47:51,-8.494,1190.857,1193.878,1204.437,1311.431,-6.739,-0.200
24.11.2021 20:47:52,-8.398,1189.392,1191.650,1204.437,1309.661,-6.632,-0.150
24.11.2021 20:47:53,-8.298,1189.300,1192.535,1204.803,1309.356,-6.590,-0.215
24.11.2021 20:47:54,-8.197,1189.147,1192.077,1205.200,1308.532,-6.514,-0.194
24.11.2021 20:47:55,-8.099,1188.537,1190.429,1204.986,1305.907,-6.369,-0.126
24.11.2021 20:47:56,-7.996,1187.530,1190.796,1205.657,1305.664,-6.310,-0.217
24.11.2021 20:47:57,-7.901,1187.957,1190.032,1205.810,1304.595,-6.236,-0.138
24.11.2021 20:47:58,-7.793,1188.232,1190.093,1207.794,1305.236,-6.145,-0.124
24.11.2021 20:47:59,-7.697,1187.377,1190.002,1207.550,1303.466,-6.053,-0.174
24.11.2021 20:48:00,-7.599,1186.981,1189.758,1207.366,1302.825,-6.026,-0.185
24.11.2021 20:48:01,-7.491,1187.530,1189.544,1208.618,1302.490,-5.924,-0.134
24.11.2021 20:48:02,-7.401,1187.866,1191.162,1209.289,1302.398,-5.874,-0.219
24.11.2021 20:48:03,-7.295,1187.042,1189.361,1209.167,1300.811,-5.786,-0.154
24.11.2021 20:48:04,-7.202,1186.126,1188.964,1211.151,1298.980,-5.545,-0.189
24.11.2021 20:48:06,-7.094,1185.699,1188.446,1209.716,1298.889,-5.633,-0.183
24.11.2021 20:48:07,-6.996,1186.004,1189.453,1212.036,1299.621,-5.526,-0.230
24.11.2021 20:48:08,-6.898,1185.546,1188.354,1212.097,1297.943,-5.420,-0.187
24.11.2021 20:48:09,-6.800,1185.180,1188.171,1212.707,1297.027,-5.324,-0.199
24.11.2021 20:48:10,-6.692,1185.638,1187.530,1212.188,1295.806,-5.283,-0.126
24.11.2021 20:48:11,-6.597,1184.753,1187.133,1212.249,1294.525,-5.201,-0.159
24.11.2021 20:48:12,-6.491,1183.959,1186.950,1214.172,1294.403,-5.068,-0.199
24.11.2021 20:48:13,-6.401,1183.288,1186.249,1213.989,1293.579,-5.030,-0.197
24.11.2021 20:48:14,-6.295,1184.570,1187.683,1216.857,1294.311,-4.888,-0.207
24.11.2021 20:48:15,-6.195,1185.546,1188.018,1217.224,1293.457,-4.811,-0.165
24.11.2021 20:48:16,-6.094,1185.058,1186.767,1216.827,1291.625,-4.725,-0.114
24.11.2021 20:48:17,-5.996,1184.875,1187.835,1217.712,1290.832,-4.619,-0.197
24.11.2021 20:48:18,-5.896,1183.654,1185.546,1217.407,1290.069,-4.592,-0.126
24.11.2021 20:48:19,-5.798,1183.410,1185.760,1217.681,1288.391,-4.471,-0.157
24.11.2021 20:48:20,-5.695,1183.502,1185.668,1218.383,1287.933,-4.397,-0.144
24.11.2021 20:48:21,-5.597,1183.654,1185.516,1219.268,1286.590,-4.257,-0.124
24.11.2021 20:48:22,-5.491,1184.723,1186.889,1220.306,1287.017,-4.216,-0.144
24.11.2021 20:48:23,-5.403,1184.265,1185.974,1220.672,1285.217,-4.081,-0.114
24.11.2021 20:48:24,-5.298,1182.739,1184.600,1220.336,1283.142,-3.975,-0.124
24.11.2021 20:48:25,-5.202,1182.128,1184.783,1220.672,1283.569,-3.980,-0.177
24.11.2021 20:48:26,-5.097,1183.563,1185.974,1222.320,1283.172,-3.849,-0.161
24.11.2021 20:48:27,-4.999,1182.495,1185.272,1221.862,1282.501,-3.837,-0.185
24.11.2021 20:48:28,-4.896,1183.044,1185.668,1223.602,1282.653,-3.734,-0.175
24.11.2021 20:48:29,-4.800,1183.441,1185.058,1223.358,1280.822,-3.636,-0.108
24.11.2021 20:48:30,-4.695,1182.434,1184.631,1222.961,1279.571,-3.584,-0.147
24.11.2021 20:48:31,-4.602,1184.020,1185.973,1225.067,1280.578,-3.511,-0.130
24.11.2021 20:48:32,-4.496,1182.434,1185.363,1225.311,1280.090,-3.465,-0.196
24.11.2021 20:48:33,-4.401,1182.952,1186.248,1226.623,1279.876,-3.367,-0.220
24.11.2021 20:48:34,-4.298,1183.318,1185.913,1226.776,1279.296,-3.321,-0.173
24.11.2021 20:48:35,-4.200,1181.365,1184.783,1226.409,1277.832,-3.254,-0.228
24.11.2021 20:48:36,-4.097,1181.762,1184.387,1225.677,1276.306,-3.206,-0.175
24.11.2021 20:48:37,-3.996,1181.518,1182.678,1225.891,1275.756,-3.158,-0.077
24.11.2021 20:48:38,-3.906,1182.708,1185.089,1228.454,1277.191,-3.082,-0.159
24.11.2021 20:48:39,-3.803,1181.274,1183.837,1226.928,1275.115,-3.052,-0.171
24.11.2021 20:48:40,-3.702,1182.281,1184.203,1228.546,1274.963,-2.938,-0.128
24.11.2021 20:48:41,-3.597,1182.067,1184.234,1229.888,1273.712,-2.774,-0.145
24.11.2021 20:48:42,-3.499,1181.671,1183.868,1228.485,1272.338,-2.779,-0.147
24.11.2021 20:48:43,-3.393,1182.830,1184.265,1230.499,1273.712,-2.734,-0.096
24.11.2021 20:48:44,-3.300,1183.410,1186.096,1232.910,1273.986,-2.596,-0.179
24.11.2021 20:48:45,-3.197,1181.304,1184.143,1231.903,1272.125,-2.545,-0.190
24.11.2021 20:48:46,-3.094,1182.159,1183.959,1232.940,1271.515,-2.440,-0.120
24.11.2021 20:48:47,-2.994,1181.640,1184.142,1233.550,1271.209,-2.382,-0.167
24.11.2021 20:48:48,-2.898,1182.556,1185.791,1235.107,1271.728,-2.315,-0.216
24.11.2021 20:48:49,-2.795,1181.915,1183.074,1233.825,1268.554,-2.199,-0.077
24.11.2021 20:48:50,-2.700,1182.678,1182.983,1235.656,1269.286,-2.127,-0.020
24.11.2021 20:48:51,-2.594,1181.701,1183.532,1236.114,1268.585,-2.054,-0.122
24.11.2021 20:48:52,-2.496,1181.640,1184.112,1236.236,1268.218,-2.023,-0.165
24.11.2021 20:48:53,-2.398,1183.441,1184.936,1238.555,1268.829,-1.913,-0.100
24.11.2021 20:48:54,-2.295,1183.135,1184.783,1239.318,1267.486,-1.780,-0.110
24.11.2021 20:48:55,-2.192,1183.532,1185.241,1239.990,1266.876,-1.699,-0.114
24.11.2021 20:48:56,-2.092,1181.854,1183.563,1238.830,1264.343,-1.615,-0.114
24.11.2021 20:48:57,-1.994,1181.488,1183.410,1239.929,1264.434,-1.550,-0.128
24.11.2021 20:48:58,-1.893,1182.067,1184.509,1242.035,1265.228,-1.465,-0.163
24.11.2021 20:48:59,-1.798,1182.067,1184.509,1241.577,1263.702,-1.399,-0.163
24.11.2021 20:49:00,-1.697,1182.586,1184.509,1242.095,1263.458,-1.351,-0.128
24.11.2021 20:49:01,-1.599,1183.105,1184.967,1243.438,1263.061,-1.240,-0.124
24.11.2021 20:49:02,-1.499,1183.044,1185.455,1244.445,1262.664,-1.151,-0.161
24.11.2021 20:49:03,-1.401,1182.220,1183.960,1243.499,1261.382,-1.131,-0.116
24.11.2021 20:49:04,-1.303,1182.830,1184.783,1245.239,1261.871,-1.051,-0.130
24.11.2021 20:49:05,-1.202,1183.258,1185.546,1246.429,1262.359,-1.006,-0.153
24.11.2021 20:49:06,-1.107,1183.319,1185.516,1247.100,1261.779,-0.927,-0.147
24.11.2021 20:49:07,-0.999,1182.495,1184.936,1247.070,1260.498,-0.848,-0.163
24.11.2021 20:49:08,-0.903,1182.159,1184.387,1246.521,1258.544,-0.760,-0.149
24.11.2021 20:49:09,-0.805,1183.746,1185.516,1249.664,1260.589,-0.689,-0.118
24.11.2021 20:49:10,-0.702,1183.197,1184.020,1248.413,1258.575,-0.642,-0.055
24.11.2021 20:49:11,-0.594,1183.685,1185.608,1249.450,1260.406,-0.691,-0.128
24.11.2021 20:49:12,-0.506,1183.319,1185.180,1250.183,1257.965,-0.491,-0.124
24.11.2021 20:49:13,-0.408,1185.119,1186.309,1252.532,1258.728,-0.390,-0.079
24.11.2021 20:49:14,-0.298,1185.729,1188.049,1254.486,1258.697,-0.265,-0.154
24.11.2021 20:49:15,-0.197,1184.692,1186.065,1253.509,1256.774,-0.206,-0.091
24.11.2021 20:49:16,-0.092,1183.624,1185.485,1253.387,1254.821,-0.090,-0.124
24.11.2021 20:49:17,-0.001,1184.112,1185.974,1253.631,1255.004,-0.086,-0.124
24.11.2021 20:49:18,0.099,1185.699,1187.500,1256.622,1256.011,0.038,-0.120
24.11.2021 20:49:19,0.200,1185.485,1187.561,1258.056,1255.157,0.182,-0.138
24.11.2021 20:49:20,0.300,1187.286,1189.331,1259.826,1255.462,0.274,-0.136
24.11.2021 20:49:21,0.403,1188.018,1189.880,1260.467,1254.760,0.359,-0.124
24.11.2021 20:49:22,0.509,1185.852,1187.377,1259.155,1251.891,0.458,-0.101
24.11.2021 20:49:23,0.602,1186.828,1188.964,1261.657,1254.089,0.476,-0.142
24.11.2021 20:49:24,0.692,1186.309,1188.262,1261.840,1252.044,0.617,-0.130
24.11.2021 20:49:25,0.805,1185.974,1188.995,1263.397,1251.556,0.746,-0.201
24.11.2021 20:49:26,0.898,1187.103,1189.269,1264.709,1252.075,0.795,-0.144
24.11.2021 20:49:27,1.004,1187.194,1189.086,1264.434,1250.091,0.903,-0.126
24.11.2021 20:49:28,1.099,1187.347,1189.727,1265.258,1250.152,0.951,-0.158
24.11.2021 20:49:29,1.197,1186.706,1188.110,1264.953,1248.473,1.039,-0.093
24.11.2021 20:49:30,1.300,1186.309,1188.964,1266.571,1248.840,1.117,-0.177
24.11.2021 20:49:31,1.398,1188.415,1190.246,1268.096,1249.603,1.164,-0.122
24.11.2021 20:49:32,1.504,1188.659,1189.209,1268.920,1249.572,1.217,-0.036
24.11.2021 20:49:33,1.599,1187.713,1189.880,1268.310,1247.436,1.314,-0.144
24.11.2021 20:49:34,1.700,1189.208,1191.131,1269.866,1248.779,1.326,-0.128
24.11.2021 20:49:35,1.800,1189.392,1190.948,1270.538,1247.619,1.442,-0.103
24.11.2021 20:49:36,1.901,1187.194,1188.690,1268.402,1246.276,1.394,-0.099
24.11.2021 20:49:37,2.001,1189.605,1191.192,1271.972,1247.558,1.535,-0.105
24.11.2021 20:49:38,2.104,1189.819,1191.558,1273.223,1246.337,1.691,-0.115
24.11.2021 20:49:39,2.200,1189.422,1191.101,1272.674,1246.063,1.674,-0.111
24.11.2021 20:49:40,2.293,1190.338,1192.413,1273.742,1246.215,1.731,-0.138
24.11.2021 20:49:41,2.396,1189.483,1190.551,1272.918,1244.293,1.802,-0.071
24.11.2021 20:49:42,2.504,1190.093,1191.711,1274.719,1245.025,1.867,-0.107
24.11.2021 20:49:43,2.604,1190.338,1191.375,1275.604,1244.690,1.943,-0.069
24.11.2021 20:49:44,2.700,1189.575,1191.284,1276.184,1244.140,2.014,-0.113
24.11.2021 20:49:45,2.793,1191.101,1193.359,1278.442,1244.995,2.100,-0.150
24.11.2021 20:49:46,2.893,1191.711,1192.962,1278.533,1243.835,2.180,-0.083
24.11.2021 20:49:47,3.001,1192.199,1193.206,1280.365,1243.957,2.285,-0.066
24.11.2021 20:49:48,3.092,1192.504,1193.817,1280.609,1244.262,2.281,-0.087
24.11.2021 20:49:49,3.202,1192.596,1191.955,1281.585,1243.499,2.390,0.042
24.11.2021 20:49:51,3.295,1193.450,1194.488,1283.599,1243.194,2.534,-0.068
24.11.2021 20:49:52,3.393,1192.871,1194.396,1283.447,1242.523,2.567,-0.101
24.11.2021 20:49:53,3.501,1194.030,1195.190,1285.491,1242.462,2.697,-0.076
24.11.2021 20:49:54,3.597,1194.732,1195.190,1285.919,1241.821,2.764,-0.030
24.11.2021 20:49:55,3.702,1194.488,1194.824,1286.010,1239.898,2.893,-0.022
24.11.2021 20:49:56,3.800,1193.145,1193.237,1286.987,1238.128,3.066,-0.006
24.11.2021 20:49:57,3.898,1194.091,1194.854,1288.604,1238.800,3.122,-0.050
24.11.2021 20:49:58,4.001,1194.458,1195.404,1290.313,1239.349,3.192,-0.062
24.11.2021 20:49:59,4.102,1196.258,1196.563,1292.419,1238.800,3.357,-0.020
24.11.2021 20:50:00,4.197,1196.075,1196.777,1292.907,1238.006,3.437,-0.046
24.11.2021 20:50:01,4.300,1197.113,1197.265,1293.731,1237.701,3.507,-0.010
24.11.2021 20:50:02,4.398,1196.441,1196.044,1293.731,1235.961,3.619,0.026
24.11.2021 20:50:03,4.504,1197.082,1196.899,1295.745,1237.029,3.673,0.012
24.11.2021 20:50:04,4.599,1197.662,1198.364,1297.454,1236.877,3.788,-0.046
24.11.2021 20:50:05,4.700,1197.967,1198.516,1298.248,1235.595,3.918,-0.036
24.11.2021 20:50:06,4.798,1198.516,1198.486,1298.858,1235.107,3.987,0.002
24.11.2021 20:50:07,4.906,1198.730,1199.188,1301.086,1234.558,4.158,-0.030
24.11.2021 20:50:08,4.999,1198.455,1197.875,1299.621,1232.360,4.209,0.038
24.11.2021 20:50:09,5.094,1198.547,1198.425,1301.513,1233.398,4.258,0.008
24.11.2021 20:50:10,5.202,1199.798,1200.348,1303.253,1233.917,4.330,-0.036
24.11.2021 20:50:11,5.298,1199.920,1200.439,1303.497,1233.062,4.400,-0.034
24.11.2021 20:50:12,5.403,1201.019,1201.141,1304.809,1233.032,4.482,-0.008
24.11.2021 20:50:13,5.496,1200.592,1199.707,1305.206,1231.750,4.588,0.058
24.11.2021 20:50:14,5.599,1200.958,1200.988,1305.084,1231.262,4.612,-0.002
24.11.2021 20:50:15,5.700,1200.195,1199.645,1304.779,1229.492,4.707,0.036
24.11.2021 20:50:16,5.803,1199.432,1199.645,1305.023,1228.027,4.817,-0.014
24.11.2021 20:50:17,5.898,1201.995,1202.301,1307.617,1230.102,4.840,-0.020
24.11.2021 20:50:18,6.006,1201.416,1201.538,1308.410,1228.302,5.004,-0.008
24.11.2021 20:50:19,6.102,1202.697,1203.308,1309.448,1229.370,4.998,-0.040
24.11.2021 20:50:20,6.202,1203.308,1203.308,1309.417,1227.020,5.148,0.000
24.11.2021 20:50:21,6.300,1204.375,1203.125,1311.004,1226.654,5.267,0.082
24.11.2021 20:50:22,6.403,1204.589,1204.528,1313.018,1227.172,5.355,0.004
24.11.2021 20:50:23,6.504,1204.650,1204.193,1313.903,1225.982,5.485,0.030
24.11.2021 20:50:24,6.602,1204.894,1204.284,1314.758,1225.311,5.580,0.040
24.11.2021 20:50:25,6.697,1205.657,1205.566,1316.101,1226.776,5.566,0.006
24.11.2021 20:50:26,6.800,1206.970,1206.268,1318.664,1225.433,5.807,0.046
24.11.2021 20:50:27,6.901,1206.420,1205.413,1317.718,1223.876,5.851,0.066
24.11.2021 20:50:28,7.001,1207.458,1206.634,1319.183,1223.541,5.961,0.054
24.11.2021 20:50:29,7.102,1205.871,1205.596,1319.702,1222.045,6.088,0.018
24.11.2021 20:50:30,7.202,1206.359,1206.054,1319.793,1221.649,6.120,0.020
24.11.2021 20:50:31,7.300,1207.794,1205.841,1320.953,1220.703,6.250,0.128
24.11.2021 20:50:32,7.401,1207.183,1207.244,1322.174,1220.764,6.319,-0.003
24.11.2021 20:50:33,7.501,1208.282,1207.611,1323.730,1220.458,6.432,0.044
24.11.2021 20:50:34,7.599,1209.228,1206.359,1323.730,1218.383,6.567,0.188
24.11.2021 20:50:35,7.697,1209.869,1207.946,1325.042,1219.696,6.560,0.126
24.11.2021 20:50:36,7.800,1210.052,1208.953,1326.751,1219.970,6.644,0.071
24.11.2021 20:50:37,7.903,1209.381,1207.763,1326.293,1217.529,6.775,0.106
24.11.2021 20:50:38,8.001,1212.310,1211.395,1329.589,1220.367,6.788,0.059
24.11.2021 20:50:39,8.104,1211.517,1209.472,1329.162,1217.498,6.948,0.133
24.11.2021 20:50:40,8.200,1211.944,1209.808,1329.711,1215.301,7.124,0.139
24.11.2021 20:50:41,8.303,1213.287,1211.059,1331.115,1216.919,7.102,0.145
24.11.2021 20:50:42,8.401,1213.928,1212.432,1333.434,1217.193,7.222,0.097
24.11.2021 20:50:43,8.506,1214.508,1212.707,1334.716,1216.522,7.342,0.117
24.11.2021 20:50:44,8.599,1214.782,1213.043,1334.991,1217.132,7.318,0.113
24.11.2021 20:50:45,8.702,1215.454,1213.836,1336.517,1216.552,7.446,0.105
24.11.2021 20:50:46,8.798,1216.277,1215.148,1337.432,1215.698,7.556,0.073
24.11.2021 20:50:47,8.903,1215.667,1213.409,1336.700,1213.439,7.660,0.147
24.11.2021 20:50:48,8.999,1214.080,1211.700,1335.876,1211.761,7.720,0.155
24.11.2021 20:50:49,9.107,1216.217,1213.989,1339.263,1213.287,7.821,0.145
24.11.2021 20:50:50,9.195,1217.224,1214.843,1340.759,1213.470,7.897,0.155
24.11.2021 20:50:51,9.300,1216.949,1214.813,1341.857,1212.738,8.010,0.139
24.11.2021 20:50:52,9.398,1218.688,1215.972,1343.414,1212.371,8.125,0.176
24.11.2021 20:50:53,9.499,1218.139,1216.186,1343.902,1209.838,8.319,0.127
24.11.2021 20:50:54,9.597,1218.963,1216.491,1344.970,1210.052,8.368,0.160
24.11.2021 20:50:55,9.702,1219.879,1217.468,1347.320,1210.571,8.472,0.156
24.11.2021 20:50:56,9.798,1218.719,1215.301,1346.221,1207.031,8.639,0.222
24.11.2021 20:50:57,9.898,1221.405,1218.353,1349.761,1209.442,8.689,0.198
24.11.2021 20:50:58,10.004,1223.144,1219.818,1352.203,1209.564,8.824,0.215
24.11.2021 20:50:59,10.094,1223.571,1219.909,1353.179,1208.343,8.960,0.237
24.11.2021 20:51:00,10.207,1222.167,1219.909,1352.599,1205.566,9.108,0.146
24.11.2021 20:51:01,10.300,1222.564,1219.787,1352.874,1205.810,9.108,0.180
24.11.2021 20:51:03,10.406,1223.785,1221.008,1356.292,1205.017,9.360,0.180
24.11.2021 20:51:05,10.506,1223.449,1220.886,1357.360,1202.209,9.606,0.166
24.11.2021 20:51:06,10.592,1224.792,1222.473,1358.551,1203.125,9.615,0.150
24.11.2021 20:51:07,10.702,1224.761,1222.106,1359.405,1202.331,9.717,0.171
24.11.2021 20:51:08,10.808,1225.067,1221.405,1359.771,1200.835,9.836,0.237
24.11.2021 20:51:09,10.906,1225.402,1221.802,1360.626,1200.103,9.934,0.233
24.11.2021 20:51:10,11.001,1226.135,1222.930,1362.915,1199.127,10.131,0.207
24.11.2021 20:51:11,11.107,1226.867,1224.182,1364.624,1199.462,10.208,0.173
24.11.2021 20:51:12,11.195,1227.783,1224.884,1365.417,1198.211,10.336,0.187
24.11.2021 20:51:13,11.298,1229.644,1226.348,1367.309,1198.394,10.433,0.212
24.11.2021 20:51:14,11.403,1228.942,1225.921,1368.591,1197.326,10.577,0.195
24.11.2021 20:51:15,11.499,1229.522,1225.555,1369.048,1196.380,10.666,0.256
24.11.2021 20:51:16,11.597,1229.461,1226.531,1370.422,1195.922,10.775,0.189
24.11.2021 20:51:17,11.697,1231.414,1227.752,1372.253,1195.373,10.917,0.236
24.11.2021 20:51:18,11.795,1230.834,1227.813,1372.619,1194.488,10.996,0.194
24.11.2021 20:51:19,11.896,1231.445,1228.210,1372.711,1192.688,11.120,0.208
24.11.2021 20:51:20,11.999,1232.757,1227.813,1374.328,1192.718,11.211,0.318
24.11.2021 20:51:21,12.099,1231.811,1228.057,1374.786,1191.009,11.351,0.241
24.11.2021 20:51:22,12.200,1232.299,1228.424,1375.518,1190.582,11.421,0.249
24.11.2021 20:51:23,12.295,1233.428,1229.888,1377.929,1190.643,11.555,0.227
24.11.2021 20:51:24,12.401,1234.802,1231.140,1378.448,1190.216,11.613,0.235
24.11.2021 20:51:25,12.499,1235.229,1231.536,1380.187,1188.903,11.799,0.237
24.11.2021 20:51:26,12.599,1236.755,1231.933,1381.072,1188.262,11.892,0.309
24.11.2021 20:51:27,12.702,1236.084,1231.017,1381.195,1186.889,11.990,0.325
24.11.2021 20:51:28,12.798,1236.907,1232.635,1383.880,1186.370,12.178,0.274
24.11.2021 20:51:29,12.901,1237.579,1232.849,1384.033,1185.760,12.227,0.303
24.11.2021 20:51:30,13.001,1237.365,1233.764,1385.589,1184.356,12.409,0.230
24.11.2021 20:51:31,13.099,1236.633,1232.391,1385.192,1182.617,12.502,0.272
24.11.2021 20:51:32,13.205,1239.349,1233.642,1387.817,1182.464,12.661,0.365
24.11.2021 20:51:33,13.300,1239.380,1234.741,1388.214,1181.030,12.779,0.297
24.11.2021 20:51:34,13.403,1239.074,1234.710,1389.587,1180.541,12.890,0.279
24.11.2021 20:51:36,13.504,1240.142,1234.558,1391.204,1180.359,12.993,0.357
24.11.2021 20:51:37,13.607,1239.715,1235.595,1391.784,1178.344,13.161,0.263
24.11.2021 20:51:38,13.697,1239.776,1235.931,1392.486,1177.947,13.227,0.246
24.11.2021 20:51:39,13.800,1241.424,1236.511,1393.981,1176.696,13.395,0.314
24.11.2021 20:51:40,13.901,1240.783,1236.236,1394.287,1174.927,13.530,0.290
24.11.2021 20:51:41,13.999,1240.509,1235.748,1395.080,1174.041,13.634,0.304
24.11.2021 20:51:42,14.094,1240.509,1236.633,1396.728,1173.217,13.783,0.247
24.11.2021 20:51:43,14.195,1241.882,1236.938,1398.101,1173.004,13.874,0.316
24.11.2021 20:51:44,14.293,1242.126,1238.250,1399.017,1172.393,13.967,0.247
24.11.2021 20:51:45,14.401,1243.164,1237.792,1399.474,1171.081,14.080,0.343
24.11.2021 20:51:46,14.496,1243.377,1239.685,1401.672,1170.043,14.273,0.235
24.11.2021 20:51:47,14.599,1243.072,1237.762,1401.183,1168.273,14.365,0.339
24.11.2021 20:51:48,14.692,1244.018,1239.532,1403.320,1168.426,14.474,0.286
24.11.2021 20:51:49,14.800,1244.934,1240.203,1404.418,1167.572,14.593,0.301
24.11.2021 20:51:50,14.893,1246.063,1240.112,1405.121,1166.015,14.737,0.379
24.11.2021 20:51:51,14.999,1245.605,1240.478,1406.067,1164.947,14.862,0.326
24.11.2021 20:51:52,15.097,1245.483,1239.471,1405.609,1162.109,15.028,0.383
24.11.2021 20:51:53,15.195,1245.757,1239.807,1406.249,1161.346,15.116,0.379
24.11.2021 20:51:54,15.293,1245.361,1238.769,1406.646,1159.179,15.284,0.420
24.11.2021 20:51:55,15.398,1245.574,1240.478,1407.898,1159.210,15.352,0.324
24.11.2021 20:51:56,15.494,1246.216,1240.478,1409.240,1158.386,15.483,0.365
24.11.2021 20:51:57,15.594,1247.558,1241.882,1412.627,1157.898,15.704,0.361
24.11.2021 20:51:58,15.702,1248.657,1242.401,1412.750,1156.890,15.779,0.398
24.11.2021 20:51:59,15.793,1247.375,1241.638,1411.926,1152.801,16.011,0.365
24.11.2021 20:52:00,15.898,1247.375,1241.668,1413.574,1152.038,16.155,0.363
24.11.2021 20:52:01,15.994,1247.497,1242.462,1414.489,1151.214,16.262,0.320
24.11.2021 20:52:02,16.092,1247.039,1242.034,1414.184,1149.932,16.332,0.318
24.11.2021 20:52:03,16.197,1248.779,1243.469,1418.487,1149.108,16.626,0.337
24.11.2021 20:52:04,16.298,1248.870,1243.774,1417.236,1147.430,16.672,0.324
24.11.2021 20:52:05,16.393,1250.640,1244.811,1420.776,1146.759,16.913,0.370
24.11.2021 20:52:06,16.494,1250.854,1244.384,1420.898,1144.744,17.057,0.410
24.11.2021 20:52:07,16.592,1250.274,1243.652,1421.783,1142.883,17.234,0.420
24.11.2021 20:52:08,16.697,1250.183,1244.018,1422.851,1141.357,17.397,0.391
24.11.2021 20:52:09,16.795,1250.305,1244.964,1423.706,1140.502,17.503,0.339
24.11.2021 20:52:10,16.896,1250.671,1244.811,1424.499,1137.603,17.745,0.372
24.11.2021 20:52:11,16.994,1251.281,1245.147,1425.781,1137.237,17.841,0.389
24.11.2021 20:52:12,17.097,1250.640,1245.025,1425.231,1134.429,18.004,0.356
24.11.2021 20:52:13,17.195,1249.908,1243.927,1425.354,1132.812,18.122,0.380
24.11.2021 20:52:14,17.295,1249.816,1244.201,1426.300,1131.896,18.238,0.356
24.11.2021 20:52:15,17.398,1251.953,1245.788,1429.138,1131.195,18.441,0.391
24.11.2021 20:52:16,17.494,1252.868,1247.222,1430.969,1131.256,18.537,0.357
24.11.2021 20:52:17,17.597,1252.655,1246.246,1430.968,1127.838,18.774,0.406
24.11.2021 20:52:18,17.697,1253.540,1247.436,1432.373,1127.349,18.884,0.386
24.11.2021 20:52:19,17.798,1253.692,1246.368,1431.701,1125.427,18.981,0.464
24.11.2021 20:52:20,17.893,1252.044,1245.513,1431.823,1123.352,19.132,0.414
24.11.2021 20:52:21,17.999,1251.251,1245.483,1432.220,1120.849,19.327,0.366
24.11.2021 20:52:22,18.094,1251.831,1245.391,1432.434,1119.628,19.424,0.408
24.11.2021 20:52:23,18.197,1252.685,1246.154,1433.380,1118.499,19.554,0.414
24.11.2021 20:52:24,18.298,1253.509,1247.619,1435.607,1117.614,19.737,0.373
24.11.2021 20:52:25,18.396,1253.906,1247.467,1435.912,1115.631,19.892,0.407
24.11.2021 20:52:26,18.496,1252.471,1245.544,1434.326,1112.884,19.998,0.439
24.11.2021 20:52:27,18.594,1251.892,1246.276,1435.852,1111.633,20.169,0.356
24.11.2021 20:52:28,18.697,1253.631,1246.795,1437.316,1111.022,20.291,0.433
24.11.2021 20:52:29,18.795,1253.173,1247.344,1437.988,1109.710,20.420,0.369
24.11.2021 20:52:30,18.893,1253.692,1247.314,1439.087,1108.215,20.584,0.404
24.11.2021 20:52:31,18.994,1251.953,1245.178,1436.920,1103.973,20.766,0.429
24.11.2021 20:52:32,19.092,1252.624,1245.391,1437.438,1102.630,20.889,0.458
24.11.2021 20:52:33,19.192,1252.472,1246.551,1438.781,1102.905,20.942,0.375
24.11.2021 20:52:34,19.293,1252.624,1245.880,1438.934,1100.311,21.134,0.427
24.11.2021 20:52:35,19.403,1252.593,1246.673,1440.582,1098.480,21.352,0.375
24.11.2021 20:52:36,19.499,1252.532,1246.276,1440.277,1097.381,21.414,0.396
24.11.2021 20:52:37,19.592,1252.349,1245.544,1440.216,1094.848,21.590,0.431
24.11.2021 20:52:38,19.697,1253.448,1246.032,1440.857,1093.414,21.727,0.470
24.11.2021 20:52:39,19.798,1252.899,1244.598,1440.582,1091.491,21.849,0.526
24.11.2021 20:52:40,19.893,1251.678,1244.384,1440.429,1089.660,21.971,0.463
24.11.2021 20:52:41,19.999,1251.892,1244.323,1440.094,1087.493,22.107,0.480
24.11.2021 20:52:42,20.099,1252.716,1245.269,1442.199,1087.402,22.227,0.472
24.11.2021 20:52:43,20.200,1252.471,1245.452,1442.230,1085.906,22.336,0.445
24.11.2021 20:52:44,20.293,1253.448,1246.368,1444.152,1084.655,22.529,0.448
24.11.2021 20:52:45,20.398,1252.868,1245.269,1442.901,1081.939,22.656,0.482
24.11.2021 20:52:46,20.509,1252.166,1244.445,1443.481,1080.963,22.758,0.490
24.11.2021 20:52:47,20.604,1251.922,1244.689,1443.756,1078.735,22.932,0.459
24.11.2021 20:52:48,20.692,1251.831,1244.049,1443.267,1077.850,22.970,0.494
24.11.2021 20:52:49,20.800,1252.929,1245.422,1445.861,1077.423,23.140,0.476
24.11.2021 20:52:50,20.903,1252.227,1244.476,1445.465,1074.920,23.299,0.492
24.11.2021 20:52:51,21.006,1251.800,1243.835,1444.885,1072.265,23.459,0.505
24.11.2021 20:52:52,21.107,1251.403,1243.377,1445.037,1070.953,23.563,0.509
24.11.2021 20:52:53,21.195,1250.823,1243.560,1446.106,1069.702,23.710,0.461
24.11.2021 20:52:54,21.300,1250.335,1243.591,1445.098,1068.359,23.754,0.428
24.11.2021 20:52:55,21.396,1249.816,1242.645,1445.770,1066.467,23.927,0.455
24.11.2021 20:52:56,21.496,1248.565,1241.638,1445.190,1063.568,24.107,0.440
24.11.2021 20:52:57,21.594,1249.847,1241.729,1446.227,1062.438,24.244,0.516
24.11.2021 20:52:58,21.692,1250.793,1242.736,1447.754,1061.706,24.379,0.512
24.11.2021 20:52:59,21.795,1250.091,1241.455,1446.349,1059.814,24.442,0.549
24.11.2021 20:53:00,21.893,1250.213,1241.088,1447.509,1058.471,24.602,0.580
24.11.2021 20:53:01,21.999,1249.511,1242.034,1448.364,1055.969,24.831,0.475
24.11.2021 20:53:02,22.094,1250.274,1241.790,1448.852,1055.938,24.859,0.539
24.11.2021 20:53:03,22.195,1250.305,1242.584,1449.706,1053.375,25.093,0.490
24.11.2021 20:53:04,22.300,1248.535,1240.387,1446.166,1050.109,25.144,0.518
24.11.2021 20:53:05,22.393,1246.917,1238.586,1446.136,1047.698,25.319,0.531
24.11.2021 20:53:06,22.496,1247.528,1239.776,1447.540,1047.119,25.437,0.493
24.11.2021 20:53:07,22.594,1246.673,1238.586,1447.479,1044.952,25.594,0.515
24.11.2021 20:53:08,22.695,1247.070,1237.793,1447.387,1043.823,25.672,0.591
24.11.2021 20:53:09,22.795,1246.612,1238.891,1448.394,1042.114,25.852,0.492
24.11.2021 20:53:10,22.893,1247.589,1238.311,1448.852,1040.344,26.008,0.591
24.11.2021 20:53:11,22.994,1247.497,1238.128,1448.425,1038.360,26.132,0.597
24.11.2021 20:53:12,23.094,1246.154,1237.121,1448.272,1037.628,26.178,0.576
24.11.2021 20:53:13,23.195,1246.154,1237.731,1450.470,1036.285,26.395,0.537
24.11.2021 20:53:14,23.303,1246.673,1238.373,1449.462,1035.095,26.430,0.529
24.11.2021 20:53:15,23.393,1245.696,1236.816,1449.096,1032.562,26.599,0.566
24.11.2021 20:53:16,23.494,1245.941,1237.579,1450.805,1031.799,26.747,0.533
24.11.2021 20:53:17,23.592,1246.032,1236.907,1449.585,1029.480,26.855,0.582
24.11.2021 20:53:18,23.700,1244.262,1234.802,1448.883,1027.313,26.980,0.604
24.11.2021 20:53:20,23.798,1245.208,1236.663,1451.171,1027.191,27.111,0.545
24.11.2021 20:53:21,23.896,1244.140,1235.717,1449.768,1024.383,27.247,0.538
24.11.2021 20:53:22,23.994,1244.293,1235.351,1451.599,1024.322,27.349,0.571
24.11.2021 20:53:23,24.092,1244.750,1236.419,1451.965,1022.430,27.510,0.532
24.11.2021 20:53:24,24.192,1244.262,1235.168,1450.317,1021.179,27.517,0.581
24.11.2021 20:53:25,24.295,1244.873,1235.320,1452.880,1019.806,27.756,0.610
24.11.2021 20:53:26,24.396,1243.896,1235.015,1451.690,1018.768,27.771,0.567
24.11.2021 20:53:27,24.496,1243.072,1234.588,1451.873,1017.547,27.873,0.542
24.11.2021 20:53:28,24.592,1244.323,1234.924,1452.667,1016.509,27.993,0.600
24.11.2021 20:53:29,24.692,1243.682,1234.863,1452.575,1015.747,28.046,0.563
24.11.2021 20:53:30,24.793,1242.614,1233.856,1451.690,1013.183,28.193,0.560
24.11.2021 20:53:31,24.901,1242.401,1233.398,1450.958,1011.138,28.310,0.576
24.11.2021 20:53:32,24.996,1243.011,1234.436,1452.301,1011.230,28.374,0.548
24.11.2021 20:53:33,25.094,1240.631,1231.536,1450.073,1008.392,28.471,0.582
24.11.2021 20:53:34,25.195,1241.638,1232.787,1451.965,1008.026,28.599,0.566
24.11.2021 20:53:35,25.295,1241.454,1232.544,1451.751,1007.293,28.644,0.570
24.11.2021 20:53:36,25.393,1242.401,1233.001,1452.941,1006.378,28.776,0.601
24.11.2021 20:53:37,25.499,1240.875,1232.147,1451.263,1003.600,28.899,0.559
24.11.2021 20:53:38,25.594,1239.562,1230.712,1449.462,1001.495,28.965,0.567
24.11.2021 20:53:39,25.692,1239.563,1230.743,1450.988,1001.708,29.029,0.565
24.11.2021 20:53:40,25.793,1239.379,1230.316,1450.653,1000.152,29.131,0.581
24.11.2021 20:53:41,25.893,1239.868,1230.529,1450.866,999.359,29.203,0.599
24.11.2021 20:53:42,25.989,1239.105,1230.712,1450.988,998.870,29.246,0.538
24.11.2021 20:53:43,26.087,1239.746,1230.285,1450.836,996.887,29.391,0.606
24.11.2021 20:53:44,26.200,1238.159,1229.339,1450.195,995.849,29.436,0.566
24.11.2021 20:53:45,26.293,1238.006,1228.515,1449.249,994.506,29.490,0.609
24.11.2021 20:53:46,26.391,1237.579,1229.248,1450.408,993.835,29.603,0.535
24.11.2021 20:53:47,26.489,1237.365,1228.271,1449.584,992.736,29.644,0.584
24.11.2021 20:53:48,26.589,1237.792,1228.302,1450.500,992.462,29.713,0.609
24.11.2021 20:53:49,26.687,1238.098,1229.522,1451.904,991.607,29.853,0.550
24.11.2021 20:53:50,26.788,1237.152,1228.271,1450.531,989.715,29.927,0.570
24.11.2021 20:53:51,26.893,1236.328,1226.593,1449.035,988.464,29.944,0.626
24.11.2021 20:53:52,26.989,1234.222,1226.166,1449.493,987.579,30.037,0.518
24.11.2021 20:53:53,27.087,1235.595,1225.799,1450.531,986.602,30.167,0.630
24.11.2021 20:53:54,27.190,1235.626,1227.416,1451.782,986.908,30.209,0.528
24.11.2021 20:53:55,27.290,1234.863,1225.860,1449.920,984.436,30.303,0.579
24.11.2021 20:53:56,27.388,1234.527,1226.196,1451.263,984.405,30.376,0.536
24.11.2021 20:53:57,27.494,1234.557,1224.884,1450.409,982.269,30.497,0.623
24.11.2021 20:53:58,27.587,1233.001,1224.456,1450.683,981.689,30.556,0.551
24.11.2021 20:53:59,27.687,1233.123,1224.303,1450.775,980.377,30.663,0.568
24.11.2021 20:54:00,27.790,1232.696,1224.853,1451.965,980.682,30.702,0.505
24.11.2021 20:54:01,27.891,1233.245,1223.907,1450.927,978.698,30.802,0.602
24.11.2021 20:54:02,27.996,1231.658,1222.442,1450.958,976.867,30.946,0.595
24.11.2021 20:54:03,28.089,1233.764,1224.029,1452.545,976.776,31.037,0.627
24.11.2021 20:54:04,28.190,1230.438,1220.855,1449.310,973.815,31.098,0.619
24.11.2021 20:54:05,28.295,1229.675,1220.306,1449.981,972.473,31.238,0.606
24.11.2021 20:54:06,28.391,1230.651,1220.245,1450.225,972.198,31.273,0.672
24.11.2021 20:54:07,28.494,1230.071,1220.123,1450.408,970.977,31.378,0.643
24.11.2021 20:54:08,28.592,1230.102,1219.146,1451.141,969.696,31.517,0.708
24.11.2021 20:54:09,28.690,1229.431,1220.092,1450.775,968.597,31.584,0.604
24.11.2021 20:54:10,28.790,1229.370,1218.811,1451.110,967.346,31.700,0.683
24.11.2021 20:54:11,28.893,1227.691,1218.139,1449.340,965.332,31.766,0.618
24.11.2021 20:54:12,28.994,1228.241,1218.292,1450.103,965.118,31.823,0.644
24.11.2021 20:54:13,29.092,1227.478,1217.742,1450.775,963.623,31.976,0.630
24.11.2021 20:54:14,29.190,1226.745,1216.888,1448.333,962.524,31.934,0.639
24.11.2021 20:54:15,29.293,1228.149,1217.651,1452.301,962.646,32.133,0.680
24.11.2021 20:54:16,29.388,1226.745,1216.827,1450.073,959.838,32.238,0.643
24.11.2021 20:54:17,29.491,1225.433,1215.881,1449.249,958.953,32.265,0.620
24.11.2021 20:54:18,29.594,1226.623,1216.308,1452.209,958.129,32.485,0.669
24.11.2021 20:54:19,29.687,1224.609,1214.691,1449.768,956.634,32.476,0.644
24.11.2021 20:54:20,29.793,1225.097,1214.813,1450.775,955.444,32.623,0.668
24.11.2021 20:54:21,29.893,1225.463,1215.454,1451.477,955.413,32.662,0.649
24.11.2021 20:54:22,29.999,1224.121,1214.019,1450.897,953.643,32.773,0.656
24.11.2021 20:54:23,30.087,1224.700,1214.630,1450.775,952.300,32.873,0.654
24.11.2021 20:54:24,30.187,1222.320,1212.524,1449.401,951.049,32.901,0.637
24.11.2021 20:54:25,30.293,1221.832,1212.585,1449.218,949.462,33.018,0.601
24.11.2021 20:54:26,30.391,1222.442,1212.555,1450.225,949.523,33.066,0.643
24.11.2021 20:54:27,30.494,1220.489,1210.174,1448.455,947.113,33.166,0.672
24.11.2021 20:54:28,30.589,1220.855,1210.906,1448.181,946.594,33.193,0.648
24.11.2021 20:54:29,30.687,1222.015,1210.998,1449.310,945.709,33.323,0.717
24.11.2021 20:54:30,30.788,1221.771,1210.632,1448.699,944.824,33.362,0.725
24.11.2021 20:54:32,30.901,1220.458,1209.869,1448.333,944.030,33.406,0.690
24.11.2021 20:54:33,31.001,1220.245,1210.388,1448.699,943.115,33.499,0.642
24.11.2021 20:54:35,31.099,1220.275,1209.747,1447.967,942.016,33.549,0.686
24.11.2021 20:54:37,31.195,1219.238,1208.374,1447.174,940.765,33.608,0.709
24.11.2021 20:54:39,31.295,1219.512,1208.770,1447.631,940.033,33.691,0.701
24.11.2021 20:54:40,31.403,1219.512,1208.404,1448.333,939.056,33.806,0.725
24.11.2021 20:54:41,31.504,1218.048,1207.336,1446.533,937.713,33.820,0.699
24.11.2021 20:54:42,31.587,1217.987,1206.817,1445.495,936.462,33.867,0.730
24.11.2021 20:54:43,31.687,1216.247,1204.894,1443.389,933.990,33.957,0.743
24.11.2021 20:54:44,31.793,1215.301,1204.345,1442.810,933.197,33.990,0.717
24.11.2021 20:54:45,31.891,1214.630,1203.613,1442.687,932.159,34.068,0.721
24.11.2021 20:54:46,31.989,1214.080,1203.369,1442.657,931.976,34.081,0.702
24.11.2021 20:54:47,32.089,1212.890,1203.125,1441.375,930.358,34.145,0.640
24.11.2021 20:54:48,32.190,1214.019,1202.728,1441.619,928.955,34.272,0.740
24.11.2021 20:54:49,32.288,1211.212,1200.561,1437.835,926.269,34.293,0.699
24.11.2021 20:54:50,32.388,1210.937,1199.279,1437.378,925.445,34.336,0.766
24.11.2021 20:54:51,32.491,1211.059,1200.378,1439.086,925.964,34.383,0.701
24.11.2021 20:54:52,32.589,1210.296,1199.157,1437.469,924.255,34.438,0.732
24.11.2021 20:54:53,32.690,1210.204,1197.937,1436.492,923.187,34.474,0.807
24.11.2021 20:54:54,32.793,1209.045,1197.509,1435.821,921.996,34.536,0.759
24.11.2021 20:54:55,32.891,1207.702,1196.166,1433.990,919.738,34.624,0.760
24.11.2021 20:54:56,32.991,1207.427,1195.312,1432.952,919.220,34.612,0.799
24.11.2021 20:54:57,33.089,1206.054,1194.366,1432.616,917.938,34.700,0.771
24.11.2021 20:54:58,33.187,1205.016,1193.054,1431.793,917.266,34.712,0.790
24.11.2021 20:54:59,33.290,1206.115,1195.037,1433.227,916.870,34.820,0.731
24.11.2021 20:55:00,33.393,1205.505,1193.695,1431.915,915.801,34.839,0.780
24.11.2021 20:55:01,33.489,1205.993,1192.779,1431.762,915.008,34.896,0.873
24.11.2021 20:55:02,33.587,1204.498,1191.467,1430.358,913.177,34.973,0.861
24.11.2021 20:55:03,33.687,1202.758,1190.185,1428.863,911.621,35.023,0.832
24.11.2021 20:55:05,33.790,1202.087,1189.666,1429.046,911.254,35.063,0.822
24.11.2021 20:55:06,33.888,1201.324,1189.361,1429.260,910.247,35.157,0.793
24.11.2021 20:55:07,33.991,1199.493,1187.072,1426.208,908.081,35.176,0.824
24.11.2021 20:55:08,34.087,1199.310,1186.798,1426.147,906.921,35.269,0.831
24.11.2021 20:55:09,34.190,1198.425,1186.126,1425.476,904.907,35.401,0.817
24.11.2021 20:55:10,34.288,1198.394,1185.851,1424.377,904.388,35.386,0.833
24.11.2021 20:55:11,34.388,1196.502,1183.959,1423.675,903.320,35.438,0.835
24.11.2021 20:55:12,34.494,1196.350,1183.654,1424.224,902.404,35.543,0.845
24.11.2021 20:55:13,34.587,1195.098,1183.166,1422.851,901.214,35.570,0.795
24.11.2021 20:55:14,34.690,1194.427,1181.671,1422.790,898.925,35.758,0.850
24.11.2021 20:55:15,34.790,1193.176,1181.396,1420.806,897.735,35.753,0.786
24.11.2021 20:55:16,34.888,1191.406,1178.314,1418.731,895.202,35.855,0.875
24.11.2021 20:55:17,34.989,1189.971,1177.001,1417.938,893.798,35.931,0.868
24.11.2021 20:55:18,35.087,1189.514,1176.666,1417.633,893.310,35.956,0.860
24.11.2021 20:55:19,35.192,1188.781,1175.781,1417.053,891.418,36.085,0.871
24.11.2021 20:55:20,35.290,1187.682,1175.567,1416.198,890.197,36.142,0.812
24.11.2021 20:55:21,35.393,1187.317,1174.774,1416.473,889.038,36.255,0.841
24.11.2021 20:55:22,35.489,1185.424,1173.339,1414.459,886.535,36.360,0.811
24.11.2021 20:55:23,35.589,1183.532,1171.417,1411.987,884.582,36.394,0.815
24.11.2021 20:55:24,35.687,1183.410,1170.196,1412.506,883.544,36.510,0.889
24.11.2021 20:55:25,35.788,1182.708,1170.227,1412.567,882.354,36.614,0.840
24.11.2021 20:55:26,35.891,1181.518,1169.189,1411.560,881.347,36.646,0.831
24.11.2021 20:55:27,35.994,1181.549,1169.281,1412.018,880.523,36.741,0.827
24.11.2021 20:55:28,36.087,1178.985,1167.022,1408.599,877.563,36.811,0.808
24.11.2021 20:55:29,36.190,1178.619,1165.527,1408.202,876.434,36.887,0.885
24.11.2021 20:55:30,36.290,1176.757,1164.184,1406.585,874.236,36.989,0.851
24.11.2021 20:55:31,36.393,1175.201,1162.933,1404.632,872.863,37.002,0.831
24.11.2021 20:55:33,36.504,1175.292,1162.109,1404.266,871.093,37.135,0.893
24.11.2021 20:55:34,36.589,1172.882,1160.644,1401.123,869.140,37.135,0.831
24.11.2021 20:55:35,36.690,1173.797,1160.491,1402.618,868.438,37.276,0.903
24.11.2021 20:55:36,36.788,1171.142,1158.050,1399.688,865.631,37.361,0.890
24.11.2021 20:55:37,36.888,1169.647,1156.860,1398.010,864.441,37.375,0.871
24.11.2021 20:55:38,36.989,1168.731,1155.029,1397.583,862.854,37.489,0.934
24.11.2021 20:55:39,37.087,1168.365,1155.487,1397.003,862.182,37.516,0.878
24.11.2021 20:55:40,37.187,1166.808,1153.625,1396.148,860.626,37.606,0.900
24.11.2021 20:55:41,37.288,1165.618,1152.099,1393.463,857.849,37.703,0.924
24.11.2021 20:55:42,37.391,1164.276,1150.695,1391.998,856.567,37.737,0.929
24.11.2021 20:55:43,37.489,1162.658,1149.169,1390.167,854.827,37.790,0.924
24.11.2021 20:55:44,37.589,1160.888,1147.644,1389.098,853.515,37.848,0.909
24.11.2021 20:55:45,37.692,1160.369,1147.521,1388.671,852.966,37.873,0.882
24.11.2021 20:55:46,37.790,1158.691,1145.812,1386.139,850.341,37.966,0.885
24.11.2021 20:55:47,37.891,1157.409,1144.409,1385.223,849.243,38.014,0.895
24.11.2021 20:55:48,37.989,1157.714,1144.134,1384.124,847.961,38.067,0.934
24.11.2021 20:55:49,38.087,1155.792,1140.442,1382.079,845.520,38.172,1.059
24.11.2021 20:55:50,38.190,1153.411,1139.709,1379.699,843.994,38.178,0.946
24.11.2021 20:55:51,38.290,1152.832,1139.373,1378.387,842.987,38.196,0.930
24.11.2021 20:55:52,38.391,1151.214,1138.030,1376.678,841.247,38.258,0.912
24.11.2021 20:55:53,38.489,1151.458,1137.481,1376.434,839.996,38.356,0.967
24.11.2021 20:55:54,38.587,1149.536,1135.375,1374.267,837.738,38.439,0.982
24.11.2021 20:55:55,38.687,1148.376,1134.277,1373.077,836.273,38.505,0.978
24.11.2021 20:55:56,38.793,1146.148,1131.988,1370.758,834.594,38.529,0.985
24.11.2021 20:55:57,38.888,1146.270,1131.744,1370.239,834.014,38.552,1.010
24.11.2021 20:55:58,38.989,1144.500,1131.347,1368.621,832.397,38.609,0.915
24.11.2021 20:55:59,39.087,1142.883,1128.661,1366.577,830.200,38.694,0.992
24.11.2021 20:56:00,39.192,1142.120,1128.906,1366.668,829.833,38.732,0.922
24.11.2021 20:56:01,39.290,1141.418,1127.868,1365.631,827.972,38.843,0.946
24.11.2021 20:56:02,39.388,1139.526,1125.793,1363.342,826.446,38.856,0.960
24.11.2021 20:56:03,39.494,1138.305,1124.328,1362.518,824.737,38.965,0.978
24.11.2021 20:56:04,39.589,1135.803,1123.291,1360.839,823.516,38.983,0.877
24.11.2021 20:56:05,39.692,1135.681,1121.765,1358.825,821.563,39.050,0.976
24.11.2021 20:56:06,39.788,1134.094,1120.269,1357.940,820.465,39.101,0.971
24.11.2021 20:56:07,39.891,1133.514,1119.537,1356.445,818.695,39.179,0.983
24.11.2021 20:56:08,39.996,1132.415,1118.652,1355.529,817.108,39.274,0.968
24.11.2021 20:56:09,40.089,1130.035,1116.027,1353.332,815.246,39.323,0.988
24.11.2021 20:56:10,40.192,1129.211,1114.807,1351.745,814.117,39.338,1.017
24.11.2021 20:56:11,40.288,1127.685,1113.891,1351.257,812.133,39.493,0.975
24.11.2021 20:56:12,40.393,1126.129,1112.457,1349.853,810.302,39.583,0.967
24.11.2021 20:56:13,40.489,1125.427,1111.297,1349.060,808.563,39.699,1.001
24.11.2021 20:56:14,40.597,1123.626,1109.680,1347.625,805.755,39.879,0.989
24.11.2021 20:56:15,40.692,1121.978,1107.788,1346.161,805.236,39.846,1.008
24.11.2021 20:56:16,40.793,1119.811,1106.109,1344.238,802.612,39.982,0.975
24.11.2021 20:56:17,40.891,1119.506,1106.292,1345.275,802.551,40.045,0.940
24.11.2021 20:56:18,40.994,1118.286,1104.583,1343.292,800.537,40.122,0.976
24.11.2021 20:56:19,41.099,1118.103,1103.393,1342.803,799.468,40.194,1.049
24.11.2021 20:56:20,41.192,1115.875,1102.538,1342.254,797.668,40.331,0.952
24.11.2021 20:56:21,41.295,1114.563,1100.006,1339.935,795.562,40.398,1.041
24.11.2021 20:56:22,41.396,1112.457,1098.602,1338.226,793.304,40.514,0.993
24.11.2021 20:56:23,41.499,1111.236,1097.320,1337.432,792.236,40.570,0.998
24.11.2021 20:56:24,41.592,1110.046,1095.641,1336.730,790.527,40.691,1.034
24.11.2021 20:56:25,41.692,1108.459,1094.451,1335.479,788.604,40.802,1.007
24.11.2021 20:56:26,41.798,1106.842,1093.414,1333.465,786.285,40.908,0.967
24.11.2021 20:56:27,41.891,1105.499,1091.583,1333.129,784.088,41.097,1.003
24.11.2021 20:56:28,42.004,1103.820,1089.752,1331.756,782.714,41.150,1.016
24.11.2021 20:56:29,42.092,1102.630,1088.653,1330.627,780.670,41.280,1.010
24.11.2021 20:56:30,42.192,1100.708,1086.578,1329.742,778.900,41.399,1.023
24.11.2021 20:56:31,42.288,1099.762,1085.265,1328.491,777.648,41.448,1.051
24.11.2021 20:56:32,42.388,1098.114,1083.801,1327.178,775.634,41.567,1.039
24.11.2021 20:56:33,42.491,1096.618,1081.909,1325.866,773.254,41.720,1.070
24.11.2021 20:56:34,42.594,1094.726,1080.413,1323.852,771.697,41.757,1.042
24.11.2021 20:56:35,42.690,1093.750,1078.460,1323.089,770.080,41.869,1.115
24.11.2021 20:56:36,42.793,1091.400,1076.751,1321.106,767.883,41.969,1.070
24.11.2021 20:56:37,42.893,1090.057,1075.592,1319.915,766.448,42.040,1.058
24.11.2021 20:56:38,42.994,1089.080,1074.310,1319.152,764.587,42.177,1.082
24.11.2021 20:56:39,43.092,1086.700,1072.509,1317.046,762.695,42.242,1.041
24.11.2021 20:56:40,43.187,1085.845,1070.739,1315.490,761.627,42.258,1.110
24.11.2021 20:56:41,43.288,1083.129,1069.335,1314.270,759.033,42.441,1.015
24.11.2021 20:56:42,43.396,1082.183,1068.298,1312.622,758.239,42.425,1.023
24.11.2021 20:56:43,43.496,1080.993,1066.192,1311.218,756.561,42.509,1.092
24.11.2021 20:56:44,43.592,1079.406,1065.155,1309.600,754.486,42.621,1.053
24.11.2021 20:56:45,43.690,1078.094,1063.354,1308.288,753.234,42.669,1.090
24.11.2021 20:56:46,43.788,1076.904,1061.889,1307.373,751.892,42.749,1.112
24.11.2021 20:56:47,43.893,1075.256,1060.638,1305.175,750.274,42.783,1.084
24.11.2021 20:56:48,43.991,1073.486,1058.654,1303.070,748.535,42.835,1.102
24.11.2021 20:56:50,44.089,1072.235,1057.159,1301.666,747.222,42.885,1.121
24.11.2021 20:56:51,44.192,1070.861,1055.908,1300.201,745.666,42.955,1.114
24.11.2021 20:56:52,44.293,1069.335,1053.283,1298.797,744.293,43.011,1.198
24.11.2021 20:56:53,44.388,1067.901,1052.154,1296.875,742.645,43.065,1.177
24.11.2021 20:56:54,44.489,1066.314,1050.994,1294.983,741.516,43.070,1.146
24.11.2021 20:56:55,44.594,1064.056,1048.706,1292.633,739.685,43.118,1.151
24.11.2021 20:56:56,44.687,1062.866,1047.637,1291.839,738.067,43.233,1.143
24.11.2021 20:56:57,44.795,1061.401,1046.142,1289.978,737.030,43.231,1.147
24.11.2021 20:56:58,44.891,1060.424,1044.860,1288.543,735.290,43.323,1.171
24.11.2021 20:56:59,44.989,1058.715,1043.701,1286.376,733.703,43.358,1.131
24.11.2021 20:57:00,45.087,1057.342,1041.351,1285.247,732.482,43.415,1.207
24.11.2021 20:57:01,45.195,1055.511,1039.855,1283.782,731.140,43.466,1.184
24.11.2021 20:57:02,45.288,1053.619,1038.238,1280.914,729.492,43.468,1.165
24.11.2021 20:57:03,45.393,1052.276,1036.224,1279.541,727.935,43.546,1.218
24.11.2021 20:57:04,45.496,1050.903,1034.668,1277.832,726.165,43.626,1.233
24.11.2021 20:57:05,45.589,1048.522,1033.355,1276.000,724.914,43.647,1.154
24.11.2021 20:57:06,45.690,1047.424,1031.951,1274.383,723.846,43.662,1.179
24.11.2021 20:57:07,45.788,1045.471,1029.632,1272.369,721.862,43.747,1.209
24.11.2021 20:57:08,45.888,1043.548,1028.015,1270.294,721.008,43.715,1.188
24.11.2021 20:57:09,45.999,1041.808,1026.672,1269.500,718.780,43.895,1.159
24.11.2021 20:57:10,46.092,1040.100,1024.658,1267.242,717.895,43.855,1.185
24.11.2021 20:57:11,46.190,1039.001,1022.613,1265.625,716.522,43.902,1.259
24.11.2021 20:57:12,46.288,1036.499,1020.843,1263.671,715.026,43.942,1.205
24.11.2021 20:57:13,46.388,1034.576,1019.134,1261.962,713.317,44.018,1.191
24.11.2021 20:57:14,46.489,1033.264,1017.394,1259.918,712.249,44.009,1.226
24.11.2021 20:57:15,46.587,1031.188,1015.563,1258.819,710.815,44.092,1.209
24.11.2021 20:57:16,46.690,1029.358,1014.221,1256.561,709.320,44.115,1.173
24.11.2021 20:57:17,46.803,1027.557,1011.840,1255.126,707.641,44.205,1.221
24.11.2021 20:57:18,46.891,1025.817,1009.857,1253.387,706.512,44.220,1.242
24.11.2021 20:57:19,46.994,1023.681,1008.026,1251.678,704.681,44.310,1.221
24.11.2021 20:57:20,47.087,1021.545,1005.767,1249.664,703.338,44.332,1.233
24.11.2021 20:57:21,47.187,1019.653,1003.814,1247.070,701.629,44.358,1.240
24.11.2021 20:57:22,47.290,1018.615,1002.380,1245.910,700.286,44.430,1.273
24.11.2021 20:57:23,47.393,1015.686,999.725,1243.805,698.364,44.507,1.255
24.11.2021 20:57:24,47.496,1013.549,997.344,1241.424,697.418,44.466,1.277
24.11.2021 20:57:25,47.589,1011.962,995.636,1239.654,695.190,44.595,1.288
24.11.2021 20:57:26,47.687,1010.101,993.774,1237.457,693.786,44.613,1.291
24.11.2021 20:57:27,47.790,1007.903,991.882,1235.748,693.237,44.570,1.269
24.11.2021 20:57:28,47.893,1005.950,989.257,1233.886,690.734,44.724,1.325
24.11.2021 20:57:29,47.989,1003.540,987.304,1231.750,689.056,44.775,1.292
24.11.2021 20:57:30,48.087,1002.014,985.626,1229.278,687.591,44.784,1.306
24.11.2021 20:57:31,48.187,999.542,983.673,1227.813,686.035,44.862,1.268
24.11.2021 20:57:32,48.290,997.375,980.987,1225.036,684.356,44.876,1.312
24.11.2021 20:57:33,48.388,995.635,978.973,1223.144,682.556,44.955,1.337
24.11.2021 20:57:34,48.496,993.194,977.386,1221.038,681.549,44.937,1.271
24.11.2021 20:57:35,48.589,991.699,975.311,1218.994,680.206,44.959,1.320
24.11.2021 20:57:36,48.695,989.471,973.419,1217.071,678.588,45.017,1.296
24.11.2021 20:57:37,48.790,987.365,971.618,1215.240,676.971,45.081,1.273
24.11.2021 20:57:38,48.891,985.443,969.085,1213.256,675.537,45.117,1.326
24.11.2021 20:57:39,48.991,983.032,967.407,1210.693,673.858,45.144,1.269
24.11.2021 20:57:40,49.089,981.994,965.118,1209.045,672.515,45.190,1.373
24.11.2021 20:57:41,49.187,978.790,963.287,1206.482,670.837,45.217,1.265
24.11.2021 20:57:42,49.293,977.264,960.998,1204.284,669.891,45.187,1.329
24.11.2021 20:57:43,49.388,975.189,959.381,1202.484,668.487,45.231,1.294
24.11.2021 20:57:44,49.489,973.358,957.489,1200.012,666.717,45.274,1.302
24.11.2021 20:57:45,49.587,971.191,955.200,1197.540,665.283,45.281,1.315
24.11.2021 20:57:46,49.690,969.116,953.125,1195.495,664.184,45.277,1.318
24.11.2021 20:57:47,49.790,967.407,951.599,1193.054,662.658,45.295,1.305
24.11.2021 20:57:48,49.896,965.423,949.401,1190.612,661.285,45.297,1.326
24.11.2021 20:57:49,49.991,962.921,947.845,1188.476,660.247,45.281,1.250
24.11.2021 20:57:50,50.087,960.815,944.976,1186.523,658.874,45.313,1.317
24.11.2021 20:57:51,50.187,958.343,943.298,1183.441,657.562,45.269,1.253
24.11.2021 20:57:52,50.295,956.848,940.612,1180.664,656.250,45.243,1.355
24.11.2021 20:57:53,50.401,954.650,939.208,1178.192,655.242,45.202,1.292
24.11.2021 20:57:54,50.489,953.002,937.042,1176.300,654.296,45.190,1.338
24.11.2021 20:57:55,50.592,950.592,935.272,1173.828,652.038,45.289,1.287
24.11.2021 20:57:56,50.692,948.577,932.769,1171.508,651.245,45.234,1.331
24.11.2021 20:57:57,50.790,946.014,930.633,1168.640,649.658,45.233,1.298
24.11.2021 20:57:58,50.891,944.488,929.168,1166.656,648.712,45.215,1.295
24.11.2021 20:57:59,50.994,942.596,926.879,1164.489,647.552,45.210,1.332
24.11.2021 20:58:00,51.089,940.338,924.987,1161.773,645.965,45.219,1.304
24.11.2021 20:58:01,51.190,938.293,922.759,1159.332,645.294,45.141,1.322
24.11.2021 20:58:02,51.303,935.913,920.898,1157.196,643.707,45.186,1.281
24.11.2021 20:58:03,51.401,933.807,918.853,1154.174,642.425,45.141,1.279
24.11.2021 20:58:04,51.491,931.793,916.412,1152.221,640.716,45.212,1.318
24.11.2021 20:58:05,51.594,930.114,915.191,1149.414,639.770,45.142,1.281
24.11.2021 20:58:06,51.697,927.642,912.994,1147.369,638.458,45.161,1.261
24.11.2021 20:58:07,51.798,925.720,910.644,1144.775,637.054,45.157,1.301
24.11.2021 20:58:08,51.893,923.583,908.966,1142.455,635.803,45.152,1.264
24.11.2021 20:58:09,51.989,922.027,906.799,1140.228,634.307,45.182,1.319
24.11.2021 20:58:10,52.097,919.616,904.632,1138.000,633.697,45.109,1.301
24.11.2021 20:58:11,52.190,917.388,902.008,1135.101,632.080,45.110,1.339
24.11.2021 20:58:12,52.290,915.618,900.939,1133.819,630.676,45.189,1.280
24.11.2021 20:58:13,52.388,913.513,898.498,1130.798,629.119,45.175,1.313
24.11.2021 20:58:14,52.489,910.888,895.935,1128.723,627.960,45.176,1.311
24.11.2021 20:58:15,52.592,908.691,894.348,1125.549,626.434,45.148,1.260
24.11.2021 20:58:16,52.687,907.348,892.456,1123.565,625.122,45.172,1.311
24.11.2021 20:58:17,52.790,904.937,890.228,1121.063,623.931,45.148,1.298
24.11.2021 20:58:18,52.888,903.137,887.786,1118.408,622.100,45.190,1.358
24.11.2021 20:58:19,52.991,900.512,885.864,1116.577,620.727,45.231,1.299
24.11.2021 20:58:20,53.089,898.559,883.819,1114.166,619.445,45.224,1.310
24.11.2021 20:58:21,53.187,896.850,881.835,1111.999,618.682,45.173,1.337
24.11.2021 20:58:22,53.290,894.287,880.126,1110.076,617.309,45.208,1.264
24.11.2021 20:58:23,53.391,892.639,877.502,1107.544,615.509,45.255,1.355
24.11.2021 20:58:24,53.489,890.838,876.159,1105.041,613.830,45.289,1.316
24.11.2021 20:58:25,53.589,888.671,874.420,1102.569,612.762,45.253,1.281
24.11.2021 20:58:26,53.687,886.657,871.917,1100.280,610.931,45.319,1.328
24.11.2021 20:58:27,53.788,884.613,870.513,1098.388,609.802,45.328,1.273
24.11.2021 20:58:28,53.891,882.995,868.194,1095.642,608.154,45.343,1.339
24.11.2021 20:58:29,53.996,880.767,866.393,1093.475,607.147,45.320,1.303
24.11.2021 20:58:30,54.089,879.180,864.227,1091.339,605.438,45.383,1.359
24.11.2021 20:58:31,54.190,877.105,863.433,1088.806,604.064,45.379,1.244
24.11.2021 20:58:32,54.290,874.908,861.175,1086.791,602.203,45.469,1.253
24.11.2021 20:58:33,54.388,873.626,859.252,1084.533,600.921,45.472,1.314
24.11.2021 20:58:35,54.491,871.368,857.391,1082.061,599.639,45.462,1.281
24.11.2021 20:58:36,54.592,869.903,855.682,1079.833,597.839,45.530,1.306
24.11.2021 20:58:37,54.692,867.828,853.698,1077.453,596.008,45.593,1.300
24.11.2021 20:58:38,54.788,865.661,851.684,1075.714,594.665,45.639,1.289
24.11.2021 20:58:39,54.893,863.952,850.006,1072.723,592.681,45.680,1.289
24.11.2021 20:58:40,54.991,862.243,848.083,1070.220,591.094,45.705,1.312
24.11.2021 20:58:41,55.087,860.992,845.977,1068.603,589.416,45.802,1.393
24.11.2021 20:58:42,55.190,858.337,844.299,1066.406,587.829,45.848,1.306
24.11.2021 20:58:43,55.290,856.872,842.468,1063.690,586.395,45.840,1.343
24.11.2021 20:58:44,55.393,855.010,840.789,1061.126,584.442,45.907,1.329
24.11.2021 20:58:45,55.489,853.485,839.080,1059.112,583.282,45.913,1.348
24.11.2021 20:58:46,55.587,851.684,837.097,1057.312,581.665,45.992,1.368
24.11.2021 20:58:47,55.692,849.243,835.144,1053.985,580.017,45.969,1.326
24.11.2021 20:58:48,55.788,847.900,833.190,1051.361,578.247,46.010,1.386
24.11.2021 20:58:49,55.891,845.703,831.756,1049.438,576.416,46.107,1.317
24.11.2021 20:58:50,55.991,843.688,829.376,1047.088,575.073,46.113,1.355
24.11.2021 20:58:51,56.092,841.918,827.575,1044.586,573.547,46.133,1.361
24.11.2021 20:58:52,56.187,839.904,825.744,1042.266,571.868,46.184,1.347
24.11.2021 20:58:53,56.288,838.287,823.882,1038.970,570.343,46.148,1.373
24.11.2021 20:58:54,56.391,836.395,822.174,1036.621,569.061,46.147,1.358
24.11.2021 20:58:55,56.491,834.503,819.976,1033.996,567.321,46.185,1.391
24.11.2021 20:58:56,56.589,832.183,818.420,1031.524,566.040,46.176,1.321
24.11.2021 20:58:57,56.695,830.688,816.833,1028.411,564.300,46.180,1.332
24.11.2021 20:58:58,56.790,829.223,814.453,1026.153,563.049,46.181,1.424
24.11.2021 20:58:59,56.903,826.538,812.652,1023.376,561.401,46.197,1.342
24.11.2021 20:59:00,56.989,824.981,810.455,1021.179,560.424,46.168,1.407
24.11.2021 20:59:01,57.092,822.692,808.410,1018.188,558.532,46.200,1.387
24.11.2021 20:59:02,57.202,820.770,806.610,1015.838,556.854,46.251,1.378
24.11.2021 20:59:03,57.293,819.091,804.504,1013.122,555.023,46.296,1.423
24.11.2021 20:59:04,57.388,816.894,802.673,1010.192,553.283,46.313,1.391
24.11.2021 20:59:05,57.499,814.392,800.048,1007.018,551.483,46.321,1.407
24.11.2021 20:59:06,57.587,812.957,798.889,1004.608,550.018,46.340,1.383
24.11.2021 20:59:07,57.692,811.096,796.386,1001.342,548.950,46.245,1.450
24.11.2021 20:59:08,57.793,808.776,794.799,998.962,547.149,46.311,1.381
24.11.2021 20:59:09,57.896,807.067,792.358,996.337,545.532,46.335,1.457
24.11.2021 20:59:10,57.994,804.443,790.466,993.225,543.579,46.368,1.388
24.11.2021 20:59:11,58.087,802.703,788.909,990.844,542.541,46.333,1.373
24.11.2021 20:59:12,58.192,800.842,786.712,987.975,540.130,46.445,1.410
24.11.2021 20:59:13,58.295,799.041,784.973,985.076,538.726,46.421,1.407
24.11.2021 20:59:14,58.391,796.905,782.684,983.001,537.384,46.449,1.426
24.11.2021 20:59:15,58.496,795.196,780.731,979.583,535.614,46.435,1.454
24.11.2021 20:59:16,58.587,793.457,779.022,977.172,534.149,46.455,1.454
24.11.2021 20:59:17,58.692,790.618,777.008,974.334,532.165,46.514,1.375
24.11.2021 20:59:18,58.788,789.215,774.871,971.557,530.426,46.545,1.453
24.11.2021 20:59:19,58.891,787.017,772.949,968.963,528.717,46.585,1.429
24.11.2021 20:59:20,58.989,785.003,770.996,966.400,527.099,46.615,1.426
24.11.2021 20:59:21,59.092,783.355,769.470,963.897,525.299,46.675,1.417
24.11.2021 20:59:22,59.187,781.555,767.425,960.723,523.864,46.634,1.445
24.11.2021 20:59:23,59.288,779.510,765.045,958.465,521.820,46.747,1.484
24.11.2021 20:59:24,59.393,777.893,763.671,955.749,520.111,46.779,1.461
24.11.2021 20:59:25,59.491,776.306,761.840,953.094,519.073,46.722,1.490
24.11.2021 20:59:26,59.589,773.773,759.826,950.866,517.272,46.804,1.441
24.11.2021 20:59:27,59.687,771.514,757.598,947.723,515.472,46.817,1.442
24.11.2021 20:59:28,59.795,770.019,755.676,945.373,513.732,46.881,1.489
24.11.2021 20:59:29,59.891,768.096,754.119,942.291,511.901,46.904,1.455
24.11.2021 20:59:30,59.996,766.540,751.708,939.910,510.009,46.988,1.548
