# Sensor: ADPD2140, Rotationstage: ELL18M
Datetime,Stage Angle,xL,xR,yL,yR,X,Y
24.11.2021 22:26:37,-60.004,759.307,754.730,452.514,832.153,-46.832,0.479
24.11.2021 22:26:38,-59.899,762.390,757.141,454.467,834.136,-46.693,0.547
24.11.2021 22:26:39,-59.793,763.977,759.246,455.474,836.517,-46.739,0.492
24.11.2021 22:26:40,-59.700,765.808,760.498,456.359,838.195,-46.744,0.551
24.11.2021 22:26:41,-59.602,767.517,763.122,457.702,840.118,-46.697,0.454
24.11.2021 22:26:42,-59.502,768.493,763.763,458.343,841.339,-46.701,0.489
24.11.2021 22:26:43,-59.401,770.843,766.143,460.388,844.055,-46.612,0.484
24.11.2021 22:26:44,-59.303,771.667,768.218,461.059,846.466,-46.713,0.354
24.11.2021 22:26:45,-59.200,773.834,769.226,462.249,847.595,-46.623,0.473
24.11.2021 22:26:46,-59.095,774.932,770.507,463.500,849.700,-46.607,0.453
24.11.2021 22:26:47,-58.997,776.519,772.338,464.660,852.172,-46.636,0.427
24.11.2021 22:26:48,-58.894,778.045,774.536,465.881,854.583,-46.651,0.358
24.11.2021 22:26:49,-58.806,778.991,774.780,466.613,855.804,-46.640,0.429
24.11.2021 22:26:50,-58.698,781.250,776.641,468.231,857.818,-46.560,0.468
24.11.2021 22:26:51,-58.600,783.020,778.198,469.329,859.649,-46.544,0.489
24.11.2021 22:26:52,-58.497,784.667,780.395,470.245,861.999,-46.601,0.432
24.11.2021 22:26:53,-58.396,785.156,779.907,470.825,863.220,-46.614,0.531
24.11.2021 22:26:54,-58.298,786.437,781.890,472.045,864.593,-46.542,0.459
24.11.2021 22:26:55,-58.200,787.933,783.386,473.052,866.729,-46.566,0.458
24.11.2021 22:26:56,-58.100,790.496,785.552,474.548,869.171,-46.541,0.497
24.11.2021 22:26:57,-58.002,792.907,788.726,476.104,872.100,-46.548,0.418
24.11.2021 22:26:58,-57.904,794.525,788.970,477.050,873.291,-46.503,0.555
24.11.2021 22:26:59,-57.801,795.623,791.290,478.210,875.091,-46.476,0.432
24.11.2021 22:27:00,-57.705,797.912,793.579,479.187,877.319,-46.513,0.431
24.11.2021 22:27:01,-57.605,799.621,795.257,480.438,878.967,-46.460,0.433
24.11.2021 22:27:02,-57.499,801.422,797.241,481.964,880.889,-46.388,0.414
24.11.2021 22:27:03,-57.404,803.497,798.217,482.543,882.659,-46.447,0.522
24.11.2021 22:27:04,-57.303,805.450,800.598,483.856,884.338,-46.388,0.478
24.11.2021 22:27:05,-57.203,807.312,802.398,484.436,885.772,-46.418,0.483
24.11.2021 22:27:06,-57.102,809.722,804.412,485.748,888.427,-46.439,0.521
24.11.2021 22:27:07,-57.007,810.913,806.304,486.907,889.495,-46.353,0.451
24.11.2021 22:27:08,-56.904,814.666,809.173,488.586,893.066,-46.394,0.536
24.11.2021 22:27:09,-56.806,816.955,812.316,489.654,894.805,-46.377,0.451
24.11.2021 22:27:10,-56.705,819.305,814.422,491.302,896.453,-46.267,0.473
24.11.2021 22:27:11,-56.607,821.319,816.925,491.546,897.277,-46.297,0.425
24.11.2021 22:27:12,-56.504,824.676,819.061,492.919,899.963,-46.312,0.541
24.11.2021 22:27:13,-56.401,825.256,820.129,493.621,900.329,-46.238,0.493
24.11.2021 22:27:14,-56.303,828.521,823.272,495.239,903.411,-46.249,0.503
24.11.2021 22:27:15,-56.205,831.573,825.958,496.948,905.670,-46.180,0.536
24.11.2021 22:27:16,-56.107,833.312,828.460,497.589,907.226,-46.211,0.462
24.11.2021 22:27:18,-55.992,837.310,832.336,499.359,909.637,-46.146,0.472
24.11.2021 22:27:19,-55.906,839.325,833.312,500.030,911.315,-46.182,0.569
24.11.2021 22:27:21,-55.803,841.094,836.242,501.892,913.452,-46.083,0.458
24.11.2021 22:27:22,-55.705,844.360,839.141,502.746,916.259,-46.182,0.491
24.11.2021 22:27:23,-55.602,847.595,841.522,504.455,918.914,-46.146,0.569
24.11.2021 22:27:24,-55.507,850.280,844.970,505.645,920.867,-46.129,0.496
24.11.2021 22:27:25,-55.401,854.492,848.052,507.324,923.553,-46.099,0.599
24.11.2021 22:27:26,-55.303,856.231,850.097,508.087,924.652,-46.077,0.569
24.11.2021 22:27:27,-55.205,859.069,852.447,508.880,927.368,-46.176,0.613
24.11.2021 22:27:28,-55.105,860.351,854.370,510.375,929.046,-46.095,0.552
24.11.2021 22:27:29,-54.999,864.410,858.703,511.505,932.434,-46.198,0.524
24.11.2021 22:27:30,-54.904,867.309,860.961,513.519,935.119,-46.122,0.582
24.11.2021 22:27:31,-54.806,869.995,863.464,514.923,937.377,-46.099,0.597
24.11.2021 22:27:32,-54.703,871.887,864.959,515.289,938.812,-46.158,0.632
24.11.2021 22:27:33,-54.600,873.840,867.645,516.540,939.971,-46.072,0.563
24.11.2021 22:27:34,-54.502,876.281,869.354,517.364,943.664,-46.240,0.628
24.11.2021 22:27:35,-54.399,877.563,871.063,518.768,944.702,-46.124,0.589
24.11.2021 22:27:36,-54.303,881.011,874.359,520.172,948.822,-46.243,0.600
24.11.2021 22:27:37,-54.203,883.789,876.953,521.881,951.538,-46.213,0.615
24.11.2021 22:27:38,-54.100,885.467,878.662,522.491,952.850,-46.228,0.611
24.11.2021 22:27:39,-53.997,886.901,879.669,523.284,954.284,-46.227,0.648
24.11.2021 22:27:40,-53.901,889.556,882.354,524.902,957.336,-46.235,0.644
24.11.2021 22:27:41,-53.801,890.899,883.941,525.726,959.350,-46.273,0.621
24.11.2021 22:27:42,-53.703,893.341,886.321,527.465,961.761,-46.216,0.625
24.11.2021 22:27:43,-53.605,895.202,888.854,528.930,964.202,-46.199,0.563
24.11.2021 22:27:44,-53.499,897.338,890.472,529.998,966.278,-46.208,0.608
24.11.2021 22:27:45,-53.399,898.956,891.937,530.639,968.414,-46.281,0.621
24.11.2021 22:27:46,-53.301,901.184,893.341,531.890,969.726,-46.208,0.692
24.11.2021 22:27:47,-53.203,901.794,894.561,532.257,971.313,-46.277,0.638
24.11.2021 22:27:48,-53.097,904.510,897.186,534.179,974.975,-46.288,0.644
24.11.2021 22:27:49,-53.002,905.853,898.773,535.614,975.982,-46.169,0.621
24.11.2021 22:27:50,-52.896,908.843,902.404,537.292,980.346,-46.265,0.563
24.11.2021 22:27:51,-52.803,911.041,904.235,538.360,982.299,-46.265,0.594
24.11.2021 22:27:52,-52.703,913.116,905.731,539.947,984.375,-46.205,0.643
24.11.2021 22:27:53,-52.602,914.459,906.585,540.832,986.480,-46.241,0.685
24.11.2021 22:27:54,-52.499,916.290,909.820,542.297,988.891,-46.222,0.561
24.11.2021 22:27:55,-52.401,918.670,911.315,543.914,991.699,-46.212,0.636
24.11.2021 22:27:56,-52.298,920.837,913.818,545.593,994.293,-46.178,0.606
24.11.2021 22:27:57,-52.205,923.400,916.046,546.783,997.222,-46.233,0.633
24.11.2021 22:27:58,-52.107,925.323,918.731,548.736,999.725,-46.156,0.566
24.11.2021 22:27:59,-51.994,927.032,919.799,549.346,1001.098,-46.175,0.620
24.11.2021 22:28:00,-51.906,928.497,920.532,550.170,1002.593,-46.175,0.682
24.11.2021 22:28:01,-51.803,930.664,923.065,551.788,1004.791,-46.121,0.649
24.11.2021 22:28:02,-51.703,931.854,923.248,552.246,1005.615,-46.120,0.735
24.11.2021 22:28:03,-51.597,934.997,927.520,554.443,1009.887,-46.139,0.636
24.11.2021 22:28:04,-51.497,937.957,930.389,556.152,1013.031,-46.142,0.641
24.11.2021 22:28:05,-51.406,939.910,931.854,557.739,1014.129,-46.014,0.682
24.11.2021 22:28:06,-51.301,940.734,932.983,558.258,1015.747,-46.062,0.655
24.11.2021 22:28:09,-51.195,943.023,936.035,560.058,1019.256,-46.078,0.589
24.11.2021 22:28:10,-51.095,945.098,937.622,561.859,1021.179,-45.982,0.629
24.11.2021 22:28:13,-50.999,947.906,939.941,563.201,1023.376,-45.965,0.668
24.11.2021 22:28:15,-50.896,949.066,941.436,564.453,1025.115,-45.927,0.639
24.11.2021 22:28:17,-50.793,952.484,945.190,566.467,1029.724,-45.994,0.609
24.11.2021 22:28:19,-50.700,954.070,945.526,567.413,1029.998,-45.892,0.712
24.11.2021 22:28:21,-50.600,955.749,948.150,568.817,1033.447,-45.956,0.632
24.11.2021 22:28:23,-50.492,957.977,950.653,570.159,1034.698,-45.872,0.608
24.11.2021 22:28:24,-50.396,960.876,953.430,572.357,1038.208,-45.839,0.616
24.11.2021 22:28:25,-50.301,962.676,954.467,573.028,1038.787,-45.794,0.678
24.11.2021 22:28:26,-50.200,963.867,956.207,574.218,1041.137,-45.808,0.632
24.11.2021 22:28:27,-50.100,966.552,958.221,576.324,1044.677,-45.788,0.685
24.11.2021 22:28:28,-50.002,968.719,961.181,578.521,1047.637,-45.718,0.618
24.11.2021 22:28:29,-49.896,970.672,962.982,579.376,1049.285,-45.725,0.630
24.11.2021 22:28:30,-49.801,973.663,965.057,581.878,1052.551,-45.637,0.703
24.11.2021 22:28:31,-49.700,974.426,967.041,583.068,1054.199,-45.602,0.602
24.11.2021 22:28:32,-49.600,976.226,968.658,583.740,1056.152,-45.653,0.616
24.11.2021 22:28:33,-49.499,978.057,970.214,586.090,1059.722,-45.607,0.637
24.11.2021 22:28:34,-49.401,978.393,971.130,586.914,1061.096,-45.599,0.590
24.11.2021 22:28:35,-49.301,981.231,973.480,589.080,1063.507,-45.496,0.628
24.11.2021 22:28:36,-49.200,982.879,975.128,590.301,1066.833,-45.572,0.627
24.11.2021 22:28:37,-49.100,984.283,976.928,592.498,1068.542,-45.418,0.594
24.11.2021 22:28:38,-48.997,986.419,978.607,592.956,1070.587,-45.501,0.630
24.11.2021 22:28:39,-48.896,987.335,979.156,595.001,1073.058,-45.419,0.659
24.11.2021 22:28:40,-48.798,988.860,981.536,596.923,1076.171,-45.395,0.589
24.11.2021 22:28:41,-48.700,990.508,982.818,598.388,1078.369,-45.365,0.617
24.11.2021 22:28:42,-48.600,992.340,984.771,600.555,1080.871,-45.270,0.606
24.11.2021 22:28:43,-48.499,994.018,986.938,602.233,1084.716,-45.326,0.566
24.11.2021 22:28:44,-48.401,995.452,988.220,603.668,1086.212,-45.253,0.577
24.11.2021 22:28:45,-48.303,996.429,989.441,605.072,1088.104,-45.211,0.557
24.11.2021 22:28:46,-48.203,997.711,990.600,606.445,1091.217,-45.253,0.566
24.11.2021 22:28:47,-48.102,999.206,991.516,608.245,1092.987,-45.156,0.612
24.11.2021 22:28:48,-47.999,1000.457,993.133,609.649,1096.801,-45.241,0.582
24.11.2021 22:28:49,-47.904,1001.831,995.147,611.907,1099.182,-45.130,0.530
24.11.2021 22:28:50,-47.803,1002.593,995.880,613.189,1101.531,-45.133,0.532
24.11.2021 22:28:51,-47.705,1004.516,998.169,615.417,1104.217,-45.046,0.502
24.11.2021 22:28:52,-47.605,1004.638,997.466,615.692,1104.095,-45.006,0.567
24.11.2021 22:28:53,-47.502,1005.798,999.298,617.523,1107.360,-45.005,0.513
24.11.2021 22:28:54,-47.404,1007.232,1000.366,618.927,1110.320,-45.034,0.542
24.11.2021 22:28:55,-47.306,1009.063,1002.563,621.429,1112.731,-44.898,0.512
24.11.2021 22:28:56,-47.203,1010.131,1003.692,623.199,1115.142,-44.848,0.506
24.11.2021 22:28:57,-47.105,1011.444,1005.249,624.938,1117.767,-44.816,0.486
24.11.2021 22:28:58,-47.004,1011.138,1004.791,625.427,1117.797,-44.761,0.499
24.11.2021 22:28:59,-46.901,1013.824,1007.263,627.624,1121.734,-44.762,0.514
24.11.2021 22:29:00,-46.806,1013.214,1007.202,629.058,1123.534,-44.713,0.471
24.11.2021 22:29:01,-46.703,1015.319,1009.704,630.798,1126.373,-44.695,0.439
24.11.2021 22:29:02,-46.605,1015.991,1009.552,631.561,1127.532,-44.682,0.503
24.11.2021 22:29:03,-46.504,1016.387,1010.650,633.392,1129.272,-44.583,0.448
24.11.2021 22:29:04,-46.401,1017.761,1011.749,634.613,1130.645,-44.532,0.469
24.11.2021 22:29:06,-46.303,1018.524,1012.908,636.627,1133.880,-44.509,0.438
24.11.2021 22:29:07,-46.203,1018.402,1012.725,637.664,1134.399,-44.423,0.442
24.11.2021 22:29:08,-46.105,1020.660,1014.678,640.258,1138.458,-44.388,0.465
24.11.2021 22:29:09,-46.007,1021.087,1014.831,641.052,1139.098,-44.338,0.486
24.11.2021 22:29:10,-45.904,1021.453,1016.082,643.371,1141.235,-44.211,0.417
24.11.2021 22:29:11,-45.808,1023.529,1018.493,645.385,1144.378,-44.184,0.390
24.11.2021 22:29:12,-45.703,1023.895,1018.524,646.148,1145.843,-44.191,0.416
24.11.2021 22:29:13,-45.605,1025.085,1019.592,648.773,1148.376,-44.056,0.425
24.11.2021 22:29:15,-45.497,1025.634,1020.172,649.902,1149.749,-44.016,0.423
24.11.2021 22:29:16,-45.406,1026.062,1020.996,652.130,1151.824,-43.898,0.392
24.11.2021 22:29:17,-45.308,1026.916,1021.667,653.625,1154.174,-43.880,0.406
24.11.2021 22:29:18,-45.208,1028.167,1022.247,655.120,1155.212,-43.778,0.457
24.11.2021 22:29:19,-45.107,1028.564,1022.979,656.738,1157.714,-43.756,0.431
24.11.2021 22:29:20,-45.004,1028.747,1023.651,658.966,1160.064,-43.656,0.393
24.11.2021 22:29:21,-44.901,1029.144,1023.742,660.461,1161.712,-43.594,0.416
24.11.2021 22:29:22,-44.806,1030.456,1025.787,662.750,1164.703,-43.529,0.359
24.11.2021 22:29:23,-44.708,1031.524,1026.916,664.459,1167.297,-43.504,0.354
24.11.2021 22:29:24,-44.607,1032.073,1027.618,666.656,1168.151,-43.315,0.342
24.11.2021 22:29:25,-44.502,1032.775,1028.198,668.090,1170.410,-43.299,0.351
24.11.2021 22:29:26,-44.406,1032.806,1028.228,669.433,1171.386,-43.213,0.351
24.11.2021 22:29:27,-44.308,1033.172,1028.564,670.867,1172.760,-43.142,0.354
24.11.2021 22:29:28,-44.208,1032.958,1028.869,672.393,1174.987,-43.115,0.314
24.11.2021 22:29:29,-44.105,1035.034,1030.609,675.170,1177.795,-42.987,0.339
24.11.2021 22:29:30,-44.002,1035.095,1030.273,676.544,1178.253,-42.867,0.369
24.11.2021 22:29:31,-43.906,1035.583,1032.196,678.192,1180.877,-42.852,0.259
24.11.2021 22:29:32,-43.806,1037.567,1032.165,679.840,1181.579,-42.717,0.413
24.11.2021 22:29:33,-43.708,1036.437,1033.233,681.762,1183.074,-42.602,0.245
24.11.2021 22:29:34,-43.605,1036.804,1032.928,683.074,1185.180,-42.592,0.296
24.11.2021 22:29:35,-43.507,1037.719,1032.623,683.990,1186.614,-42.582,0.390
24.11.2021 22:29:36,-43.404,1037.933,1033.996,685.699,1187.408,-42.448,0.301
24.11.2021 22:29:37,-43.308,1039.398,1035.461,687.255,1189.178,-42.391,0.300
24.11.2021 22:29:38,-43.208,1039.459,1035.491,688.690,1189.788,-42.275,0.303
24.11.2021 22:29:39,-43.102,1039.794,1035.766,689.697,1192.077,-42.309,0.307
24.11.2021 22:29:40,-43.004,1041.229,1037.628,691.986,1194.366,-42.206,0.274
24.11.2021 22:29:41,-42.904,1041.931,1037.994,694.427,1195.312,-42.005,0.299
24.11.2021 22:29:42,-42.808,1043.029,1039.520,696.289,1198.425,-41.999,0.267
24.11.2021 22:29:43,-42.708,1043.884,1039.855,697.906,1200.500,-41.956,0.306
24.11.2021 22:29:44,-42.607,1044.372,1040.619,699.279,1200.469,-41.809,0.285
24.11.2021 22:29:45,-42.507,1044.097,1040.191,700.103,1201.263,-41.771,0.297
24.11.2021 22:29:46,-42.406,1044.433,1041.015,701.599,1204.620,-41.820,0.259
24.11.2021 22:29:47,-42.308,1044.952,1041.168,703.430,1205.444,-41.678,0.287
24.11.2021 22:29:48,-42.208,1043.762,1041.107,703.979,1205.779,-41.641,0.201
24.11.2021 22:29:49,-42.107,1046.081,1042.510,706.115,1207.458,-41.520,0.270
24.11.2021 22:29:50,-42.004,1046.844,1042.572,707.183,1209.960,-41.561,0.324
24.11.2021 22:29:51,-41.904,1046.783,1043.487,708.374,1211.151,-41.509,0.249
24.11.2021 22:29:52,-41.803,1046.966,1042.999,709.411,1211.517,-41.424,0.300
24.11.2021 22:29:53,-41.700,1047.729,1043.853,711.029,1213.134,-41.354,0.293
24.11.2021 22:29:54,-41.602,1049.591,1045.104,713.256,1215.454,-41.264,0.339
24.11.2021 22:29:55,-41.499,1048.950,1045.501,714.660,1216.980,-41.212,0.260
24.11.2021 22:29:56,-41.404,1049.926,1046.661,716.369,1219.635,-41.196,0.246
24.11.2021 22:29:57,-41.303,1050.781,1046.905,716.979,1219.635,-41.133,0.292
24.11.2021 22:29:58,-41.208,1050.384,1046.569,718.414,1220.580,-41.043,0.288
24.11.2021 22:29:59,-41.102,1050.232,1046.722,719.451,1222.167,-41.032,0.265
24.11.2021 22:30:00,-41.007,1052.154,1047.882,721.527,1225.158,-41.000,0.322
24.11.2021 22:30:02,-40.891,1052.520,1049.316,722.656,1226.165,-40.945,0.241
24.11.2021 22:30:03,-40.803,1053.527,1048.706,724.426,1226.745,-40.799,0.363
24.11.2021 22:30:05,-40.693,1053.161,1049.774,725.250,1228.820,-40.840,0.255
24.11.2021 22:30:06,-40.607,1054.779,1050.354,727.416,1230.682,-40.731,0.333
24.11.2021 22:30:08,-40.494,1054.412,1051.360,728.393,1231.353,-40.672,0.229
24.11.2021 22:30:09,-40.399,1055.511,1051.971,730.285,1233.428,-40.605,0.266
24.11.2021 22:30:10,-40.296,1056.396,1052.612,731.689,1234.588,-40.532,0.284
24.11.2021 22:30:11,-40.203,1056.884,1052.947,733.184,1236.267,-40.482,0.295
24.11.2021 22:30:12,-40.100,1056.793,1054.199,734.802,1237.457,-40.390,0.194
24.11.2021 22:30:13,-39.999,1057.952,1054.870,735.809,1239.654,-40.420,0.231
24.11.2021 22:30:14,-39.894,1058.197,1054.840,737.609,1240.814,-40.308,0.251
24.11.2021 22:30:15,-39.798,1059.417,1055.816,739.227,1241.668,-40.197,0.269
24.11.2021 22:30:16,-39.705,1060.729,1057.556,741.088,1244.140,-40.158,0.237
24.11.2021 22:30:17,-39.607,1061.370,1056.976,741.760,1244.812,-40.130,0.328
24.11.2021 22:30:18,-39.504,1061.370,1057.830,743.682,1247.039,-40.071,0.264
24.11.2021 22:30:19,-39.404,1062.194,1058.868,745.056,1248.138,-39.999,0.248
24.11.2021 22:30:20,-39.306,1063.568,1059.661,747.375,1250.213,-39.892,0.291
24.11.2021 22:30:21,-39.208,1064.178,1060.974,749.114,1252.014,-39.826,0.238
24.11.2021 22:30:22,-39.107,1063.018,1059.997,748.626,1250.854,-39.806,0.225
24.11.2021 22:30:23,-39.004,1064.819,1060.852,750.915,1252.899,-39.701,0.295
24.11.2021 22:30:24,-38.904,1064.880,1061.614,751.983,1253.478,-39.629,0.243
24.11.2021 22:30:25,-38.806,1065.643,1062.957,753.021,1256.134,-39.684,0.199
24.11.2021 22:30:26,-38.703,1066.314,1062.591,754.608,1256.591,-39.555,0.277
24.11.2021 22:30:27,-38.607,1067.077,1064.605,756.591,1257.629,-39.421,0.183
24.11.2021 22:30:28,-38.504,1068.512,1065.429,758.117,1259.246,-39.367,0.228
24.11.2021 22:30:29,-38.406,1068.389,1065.887,759.216,1259.643,-39.283,0.185
24.11.2021 22:30:30,-38.306,1068.572,1065.917,760.101,1260.223,-39.230,0.197
24.11.2021 22:30:31,-38.205,1069.213,1065.551,761.169,1261.108,-39.178,0.271
24.11.2021 22:30:32,-38.105,1070.312,1065.734,762.939,1262.908,-39.111,0.339
24.11.2021 22:30:33,-38.004,1069.122,1066.284,763.305,1262.390,-39.045,0.210
24.11.2021 22:30:34,-37.904,1070.465,1067.077,764.556,1263.305,-38.977,0.251
24.11.2021 22:30:35,-37.803,1072.174,1069.152,766.906,1264.953,-38.846,0.223
24.11.2021 22:30:36,-37.703,1071.167,1068.115,766.662,1263.916,-38.808,0.226
24.11.2021 22:30:37,-37.602,1072.784,1069.366,768.524,1265.502,-38.721,0.252
24.11.2021 22:30:38,-37.502,1071.594,1069.396,769.287,1264.678,-38.598,0.162
24.11.2021 22:30:39,-37.401,1071.746,1069.671,770.294,1265.380,-38.542,0.153
24.11.2021 22:30:40,-37.306,1073.791,1070.831,772.399,1267.150,-38.443,0.218
24.11.2021 22:30:41,-37.205,1075.103,1071.777,774.475,1268.493,-38.322,0.245
24.11.2021 22:30:42,-37.102,1074.981,1072.784,774.627,1267.730,-38.262,0.162
24.11.2021 22:30:43,-37.002,1075.958,1072.479,775.238,1267.150,-38.169,0.256
24.11.2021 22:30:44,-36.901,1075.683,1072.937,776.367,1268.035,-38.113,0.202
24.11.2021 22:30:45,-36.806,1075.958,1072.815,777.435,1267.181,-37.960,0.231
24.11.2021 22:30:46,-36.703,1077.148,1074.340,779.083,1269.073,-37.913,0.206
24.11.2021 22:30:47,-36.605,1076.843,1074.707,779.937,1269.104,-37.833,0.157
24.11.2021 22:30:48,-36.504,1077.758,1075.103,781.188,1268.859,-37.699,0.195
24.11.2021 22:30:49,-36.404,1078.369,1074.890,781.890,1268.707,-37.623,0.256
24.11.2021 22:30:51,-36.306,1078.338,1075.653,782.684,1268.890,-37.558,0.197
24.11.2021 22:30:52,-36.205,1078.979,1076.202,783.996,1269.897,-37.492,0.204
24.11.2021 22:30:53,-36.102,1080.291,1077.819,785.461,1271.301,-37.435,0.181
24.11.2021 22:30:54,-36.004,1081.207,1078.826,787.353,1271.087,-37.242,0.174
24.11.2021 22:30:55,-35.904,1080.688,1078.094,787.506,1269.500,-37.134,0.190
24.11.2021 22:30:56,-35.803,1083.038,1080.535,789.367,1271.545,-37.078,0.183
24.11.2021 22:30:57,-35.703,1083.129,1080.505,789.978,1271.636,-37.025,0.192
24.11.2021 22:30:58,-35.605,1083.251,1081.146,791.168,1272.064,-36.938,0.154
24.11.2021 22:31:00,-35.497,1083.770,1081.939,791.961,1272.979,-36.916,0.133
24.11.2021 22:31:01,-35.404,1084.472,1082.214,792.999,1272.308,-36.779,0.165
24.11.2021 22:31:02,-35.308,1084.442,1082.061,793.365,1272.369,-36.748,0.174
24.11.2021 22:31:03,-35.203,1085.998,1082.824,794.372,1272.247,-36.645,0.231
24.11.2021 22:31:04,-35.107,1086.639,1083.374,795.349,1273.101,-36.604,0.238
24.11.2021 22:31:05,-34.994,1086.914,1084.259,796.966,1273.193,-36.456,0.193
24.11.2021 22:31:06,-34.906,1086.517,1084.686,797.393,1273.468,-36.432,0.133
24.11.2021 22:31:07,-34.808,1087.890,1085.754,798.553,1273.528,-36.327,0.155
24.11.2021 22:31:08,-34.708,1088.775,1085.571,798.583,1273.468,-36.320,0.233
24.11.2021 22:31:09,-34.607,1088.714,1085.815,799.652,1272.918,-36.188,0.211
24.11.2021 22:31:10,-34.504,1089.447,1087.127,800.506,1273.162,-36.122,0.168
24.11.2021 22:31:11,-34.406,1089.202,1087.371,801.025,1274.078,-36.127,0.133
24.11.2021 22:31:12,-34.308,1089.965,1088.073,803.100,1274.719,-35.971,0.137
24.11.2021 22:31:13,-34.208,1089.935,1088.165,803.771,1274.474,-35.893,0.128
24.11.2021 22:31:14,-34.107,1092.071,1089.599,804.656,1276.275,-35.917,0.179
24.11.2021 22:31:15,-34.007,1092.987,1090.789,806.732,1276.763,-35.752,0.159
24.11.2021 22:31:16,-33.906,1093.444,1091.827,807.006,1276.550,-35.714,0.117
24.11.2021 22:31:17,-33.803,1093.231,1090.545,807.403,1275.421,-35.610,0.194
24.11.2021 22:31:18,-33.708,1093.994,1091.278,809.448,1277.465,-35.540,0.196
24.11.2021 22:31:19,-33.607,1094.146,1092.803,809.417,1277.496,-35.545,0.097
24.11.2021 22:31:20,-33.504,1095.520,1093.414,811.248,1278.198,-35.416,0.152
24.11.2021 22:31:21,-33.406,1095.825,1094.116,812.744,1278.320,-35.285,0.123
24.11.2021 22:31:22,-33.306,1097.534,1095.520,813.476,1279.052,-35.260,0.145
24.11.2021 22:31:23,-33.208,1097.656,1095.184,814.178,1278.778,-35.179,0.178
24.11.2021 22:31:24,-33.105,1097.045,1095.153,815.246,1278.961,-35.091,0.136
24.11.2021 22:31:25,-33.004,1097.778,1095.306,816.345,1279.296,-35.009,0.178
24.11.2021 22:31:26,-32.906,1098.266,1096.221,817.779,1280.120,-34.925,0.147
24.11.2021 22:31:27,-32.806,1098.052,1095.672,818.359,1279.113,-34.813,0.171
24.11.2021 22:31:28,-32.705,1098.114,1095.947,818.511,1278.747,-34.777,0.156
24.11.2021 22:31:29,-32.605,1099.121,1097.076,819.702,1279.052,-34.685,0.147
24.11.2021 22:31:30,-32.507,1098.541,1096.679,819.610,1279.235,-34.705,0.134
24.11.2021 22:31:31,-32.404,1098.236,1096.740,820.648,1277.984,-34.535,0.107
24.11.2021 22:31:32,-32.306,1099.304,1098.175,822.723,1279.235,-34.419,0.081
24.11.2021 22:31:33,-32.205,1100.250,1098.632,823.791,1280.364,-34.387,0.116
24.11.2021 22:31:34,-32.102,1099.639,1098.205,824.279,1278.747,-34.247,0.103
24.11.2021 22:31:35,-32.002,1099.975,1098.052,825.317,1278.503,-34.138,0.138
24.11.2021 22:31:36,-31.904,1100.982,1098.907,826.202,1278.564,-34.060,0.149
24.11.2021 22:31:37,-31.803,1101.287,1099.487,827.758,1279.754,-33.988,0.129
24.11.2021 22:31:38,-31.703,1101.501,1099.426,829.071,1280.120,-33.890,0.149
24.11.2021 22:31:39,-31.605,1102.203,1101.348,830.444,1281.341,-33.837,0.061
24.11.2021 22:31:40,-31.507,1101.898,1100.219,830.780,1279.510,-33.698,0.120
24.11.2021 22:31:41,-31.401,1103.179,1101.562,833.343,1280.822,-33.543,0.116
24.11.2021 22:31:42,-31.306,1102.447,1100.769,832.367,1278.198,-33.476,0.120
24.11.2021 22:31:43,-31.200,1102.264,1100.097,833.709,1279.022,-33.403,0.155
24.11.2021 22:31:44,-31.097,1101.898,1099.945,834.960,1277.099,-33.175,0.140
24.11.2021 22:31:45,-30.999,1101.898,1100.860,835.876,1278.228,-33.159,0.074
24.11.2021 22:31:46,-30.894,1103.881,1101.898,838.500,1279.846,-33.018,0.142
24.11.2021 22:31:47,-30.803,1102.661,1101.592,839.263,1277.008,-32.780,0.076
24.11.2021 22:31:48,-30.705,1103.576,1102.142,839.325,1277.801,-32.822,0.103
24.11.2021 22:31:50,-30.597,1103.118,1101.531,840.393,1277.282,-32.695,0.114
24.11.2021 22:31:51,-30.507,1103.607,1102.996,841.918,1278.381,-32.622,0.043
24.11.2021 22:31:53,-30.396,1104.644,1103.179,843.414,1278.656,-32.504,0.105
24.11.2021 22:31:54,-30.306,1104.217,1103.088,844.787,1278.777,-32.388,0.081
24.11.2021 22:31:56,-30.193,1104.156,1101.623,845.611,1277.008,-32.208,0.181
24.11.2021 22:31:57,-30.105,1104.522,1102.630,846.466,1278.076,-32.195,0.135
24.11.2021 22:31:58,-29.997,1103.881,1102.722,846.954,1277.252,-32.102,0.083
24.11.2021 22:31:59,-29.901,1105.224,1103.912,848.876,1276.702,-31.897,0.094
24.11.2021 22:32:00,-29.793,1105.377,1103.820,850.830,1277.160,-31.750,0.111
24.11.2021 22:32:01,-29.703,1105.712,1103.607,851.196,1276.824,-31.697,0.151
24.11.2021 22:32:02,-29.600,1105.041,1103.607,851.745,1276.153,-31.608,0.102
24.11.2021 22:32:03,-29.502,1105.285,1104.125,853.485,1276.733,-31.487,0.083
24.11.2021 22:32:04,-29.399,1105.163,1103.820,854.980,1276.947,-31.367,0.096
24.11.2021 22:32:05,-29.303,1104.888,1103.912,855.529,1275.970,-31.260,0.070
24.11.2021 22:32:06,-29.200,1107.269,1105.773,858.154,1278.198,-31.159,0.107
24.11.2021 22:32:07,-29.102,1104.919,1103.973,858.001,1276.031,-31.043,0.067
24.11.2021 22:32:08,-28.997,1105.895,1104.156,858.154,1275.146,-30.977,0.124
24.11.2021 22:32:09,-28.901,1105.499,1102.813,859.222,1275.116,-30.880,0.192
24.11.2021 22:32:10,-28.801,1105.377,1104.736,860.931,1276.153,-30.791,0.045
24.11.2021 22:32:11,-28.698,1106.201,1105.163,862.426,1276.336,-30.669,0.074
24.11.2021 22:32:12,-28.602,1106.414,1104.980,863.342,1276.580,-30.603,0.102
24.11.2021 22:32:13,-28.499,1106.811,1105.621,864.440,1276.183,-30.482,0.085
24.11.2021 22:32:14,-28.399,1107.482,1105.560,865.539,1276.550,-30.407,0.137
24.11.2021 22:32:15,-28.301,1106.719,1105.194,866.607,1275.817,-30.269,0.109
24.11.2021 22:32:16,-28.200,1107.269,1105.682,867.767,1276.764,-30.224,0.113
24.11.2021 22:32:17,-28.095,1105.774,1105.224,868.103,1275.878,-30.141,0.039
24.11.2021 22:32:18,-28.002,1106.567,1105.743,870.025,1276.916,-30.035,0.059
24.11.2021 22:32:19,-27.899,1108.123,1107.055,872.375,1278.625,-29.931,0.076
24.11.2021 22:32:20,-27.798,1107.421,1105.987,872.619,1276.825,-29.802,0.102
24.11.2021 22:32:21,-27.698,1108.123,1106.506,873.474,1276.550,-29.710,0.115
24.11.2021 22:32:22,-27.600,1106.719,1105.438,874.725,1276.123,-29.575,0.091
24.11.2021 22:32:23,-27.499,1106.903,1105.407,875.610,1276.275,-29.507,0.107
24.11.2021 22:32:24,-27.399,1106.842,1105.285,877.319,1276.367,-29.363,0.111
24.11.2021 22:32:25,-27.301,1107.360,1106.078,878.814,1277.771,-29.317,0.091
24.11.2021 22:32:26,-27.200,1107.360,1106.079,880.157,1277.832,-29.204,0.091
24.11.2021 22:32:27,-27.097,1107.971,1107.360,881.805,1277.953,-29.068,0.043
24.11.2021 22:32:28,-27.002,1107.818,1105.926,881.866,1277.374,-29.028,0.135
24.11.2021 22:32:29,-26.899,1108.367,1106.140,884.460,1278.472,-28.869,0.159
24.11.2021 22:32:30,-26.796,1106.811,1105.163,884.216,1276.733,-28.786,0.118
24.11.2021 22:32:31,-26.700,1108.032,1106.902,886.169,1278.503,-28.723,0.080
24.11.2021 22:32:32,-26.602,1109.405,1107.299,888.977,1278.991,-28.510,0.150
24.11.2021 22:32:33,-26.497,1107.788,1106.689,889.556,1277.465,-28.368,0.078
24.11.2021 22:32:35,-26.396,1108.276,1106.689,890.472,1277.160,-28.271,0.113
24.11.2021 22:32:36,-26.298,1107.604,1105.926,891.540,1277.374,-28.192,0.120
24.11.2021 22:32:37,-26.195,1107.666,1106.628,893.798,1278.564,-28.069,0.074
24.11.2021 22:32:38,-26.095,1109.222,1107.482,895.507,1278.991,-27.948,0.124
24.11.2021 22:32:39,-25.994,1107.421,1105.926,896.087,1277.862,-27.830,0.107
24.11.2021 22:32:40,-25.891,1108.093,1106.994,897.674,1278.808,-27.751,0.078
24.11.2021 22:32:41,-25.798,1109.313,1107.086,899.993,1278.991,-27.564,0.159
24.11.2021 22:32:42,-25.698,1108.795,1107.421,899.871,1277.801,-27.503,0.098
24.11.2021 22:32:43,-25.595,1108.337,1107.177,901.184,1278.137,-27.411,0.082
24.11.2021 22:32:44,-25.497,1108.123,1106.323,902.862,1277.343,-27.220,0.128
24.11.2021 22:32:45,-25.396,1107.818,1106.323,904.541,1276.886,-27.050,0.107
24.11.2021 22:32:46,-25.301,1108.917,1107.910,906.494,1277.984,-26.950,0.071
24.11.2021 22:32:47,-25.200,1107.452,1106.323,906.829,1276.428,-26.828,0.080
24.11.2021 22:32:48,-25.097,1107.177,1105.529,908.233,1275.634,-26.661,0.118
24.11.2021 22:32:49,-24.997,1107.940,1106.689,910.461,1276.794,-26.542,0.089
24.11.2021 22:32:50,-24.899,1108.032,1106.231,912.383,1275.909,-26.326,0.128
24.11.2021 22:32:51,-24.801,1109.069,1108.123,914.154,1278.106,-26.310,0.067
24.11.2021 22:32:52,-24.700,1109.436,1108.459,917.205,1278.289,-26.064,0.069
24.11.2021 22:32:53,-24.597,1109.130,1108.123,918.212,1277.252,-25.917,0.071
24.11.2021 22:32:54,-24.494,1109.191,1108.215,920.074,1276.885,-25.738,0.069
24.11.2021 22:32:55,-24.399,1108.581,1106.567,920.471,1275.146,-25.600,0.144
24.11.2021 22:32:56,-24.301,1107.482,1106.231,921.325,1275.268,-25.536,0.089
24.11.2021 22:32:57,-24.203,1109.130,1107.177,923.675,1275.268,-25.339,0.139
24.11.2021 22:32:58,-24.095,1108.947,1108.001,926.361,1275.848,-25.150,0.067
24.11.2021 22:32:59,-23.994,1108.764,1107.330,927.764,1275.512,-25.013,0.102
24.11.2021 22:33:00,-23.896,1108.215,1106.781,929.046,1274.963,-24.873,0.102
24.11.2021 22:33:01,-23.798,1109.588,1107.483,930.572,1274.688,-24.729,0.150
24.11.2021 22:33:02,-23.698,1108.612,1107.116,931.518,1274.108,-24.615,0.106
24.11.2021 22:33:03,-23.597,1108.551,1107.391,933.807,1275.207,-24.492,0.082
24.11.2021 22:33:04,-23.494,1107.910,1106.842,935.028,1273.742,-24.302,0.076
24.11.2021 22:33:05,-23.394,1108.001,1107.299,936.675,1273.986,-24.181,0.050
24.11.2021 22:33:06,-23.298,1108.947,1108.001,938.659,1275.055,-24.082,0.067
24.11.2021 22:33:07,-23.198,1109.100,1106.903,940.216,1274.658,-23.929,0.157
24.11.2021 22:33:08,-23.097,1109.191,1107.910,940.765,1273.986,-23.843,0.091
24.11.2021 22:33:09,-22.997,1108.428,1106.323,941.955,1273.498,-23.716,0.150
24.11.2021 22:33:10,-22.896,1108.306,1107.330,943.756,1272.613,-23.514,0.069
24.11.2021 22:33:11,-22.803,1108.398,1107.299,944.427,1272.674,-23.463,0.078
24.11.2021 22:33:12,-22.698,1108.703,1107.360,946.502,1273.254,-23.328,0.096
24.11.2021 22:33:13,-22.597,1108.276,1107.543,947.753,1272.003,-23.149,0.052
24.11.2021 22:33:14,-22.497,1108.551,1107.543,948.974,1271.942,-23.046,0.072
24.11.2021 22:33:15,-22.396,1108.551,1107.269,950.073,1271.667,-22.939,0.091
24.11.2021 22:33:16,-22.296,1107.391,1106.414,950.805,1271.179,-22.849,0.069
24.11.2021 22:33:17,-22.195,1108.245,1106.658,953.094,1271.484,-22.682,0.113
24.11.2021 22:33:18,-22.097,1108.551,1107.238,955.535,1272.125,-22.522,0.093
24.11.2021 22:33:19,-21.997,1108.550,1107.666,957.122,1272.521,-22.417,0.063
24.11.2021 22:33:20,-21.896,1108.520,1107.696,958.862,1272.643,-22.284,0.058
24.11.2021 22:33:21,-21.796,1108.459,1108.001,959.258,1271.392,-22.175,0.032
24.11.2021 22:33:22,-21.700,1106.658,1105.834,959.655,1270.599,-22.095,0.059
24.11.2021 22:33:23,-21.595,1107.971,1106.658,961.883,1270.416,-21.903,0.093
24.11.2021 22:33:24,-21.497,1107.727,1106.475,962.737,1270.019,-21.810,0.089
24.11.2021 22:33:25,-21.396,1107.940,1106.811,964.843,1270.324,-21.659,0.080
24.11.2021 22:33:26,-21.308,1108.367,1106.933,966.339,1270.202,-21.531,0.102
24.11.2021 22:33:27,-21.208,1108.306,1107.025,967.742,1269.317,-21.364,0.091
24.11.2021 22:33:28,-21.102,1107.086,1106.811,968.689,1269.531,-21.301,0.019
24.11.2021 22:33:29,-21.007,1106.597,1105.926,969.879,1268.493,-21.142,0.048
24.11.2021 22:33:30,-20.896,1107.666,1106.628,973.358,1269.744,-20.940,0.074
24.11.2021 22:33:31,-20.798,1107.452,1106.658,974.212,1269.042,-20.828,0.056
24.11.2021 22:33:32,-20.698,1106.811,1106.079,974.914,1268.798,-20.757,0.052
24.11.2021 22:33:33,-20.605,1107.116,1106.567,976.959,1268.737,-20.590,0.039
24.11.2021 22:33:34,-20.497,1106.536,1105.560,977.691,1267.730,-20.470,0.069
24.11.2021 22:33:35,-20.396,1105.834,1105.163,979.064,1267.700,-20.359,0.048
24.11.2021 22:33:37,-20.293,1107.025,1106.140,981.964,1267.639,-20.125,0.063
24.11.2021 22:33:38,-20.198,1107.879,1106.750,984.161,1268.585,-20.008,0.080
24.11.2021 22:33:40,-20.092,1105.865,1105.407,984.069,1266.662,-19.897,0.032
24.11.2021 22:33:42,-19.992,1105.072,1105.072,985.351,1266.601,-19.792,0.000
24.11.2021 22:33:43,-19.901,1105.224,1104.217,986.602,1265.411,-19.620,0.072
24.11.2021 22:33:44,-19.803,1105.072,1105.010,988.769,1266.601,-19.522,0.004
24.11.2021 22:33:45,-19.698,1105.133,1104.461,989.563,1265.808,-19.410,0.048
24.11.2021 22:33:46,-19.597,1104.095,1103.057,990.570,1263.793,-19.207,0.074
24.11.2021 22:33:47,-19.504,1104.888,1104.125,992.370,1263.855,-19.069,0.054
24.11.2021 22:33:48,-19.391,1104.248,1103.881,993.652,1264.038,-18.979,0.026
24.11.2021 22:33:49,-19.296,1103.576,1102.661,995.513,1262.512,-18.739,0.065
24.11.2021 22:33:50,-19.200,1104.217,1103.485,997.131,1261.688,-18.561,0.052
24.11.2021 22:33:51,-19.095,1103.668,1102.874,998.657,1261.322,-18.419,0.056
24.11.2021 22:33:52,-18.999,1103.607,1102.996,999.572,1260.497,-18.296,0.043
24.11.2021 22:33:53,-18.896,1104.034,1103.607,1002.014,1260.009,-18.075,0.030
24.11.2021 22:33:54,-18.801,1102.722,1102.386,1002.960,1258.514,-17.908,0.024
24.11.2021 22:33:55,-18.698,1103.210,1102.844,1005.523,1259.216,-17.752,0.026
24.11.2021 22:33:56,-18.600,1104.400,1104.583,1007.842,1260.040,-17.623,-0.013
24.11.2021 22:33:57,-18.502,1103.179,1102.813,1008.544,1258.026,-17.443,0.026
24.11.2021 22:33:58,-18.396,1102.935,1102.599,1009.918,1257.324,-17.293,0.024
24.11.2021 22:33:59,-18.293,1101.989,1102.874,1010.925,1255.493,-17.101,-0.063
24.11.2021 22:34:00,-18.195,1101.593,1101.226,1011.352,1253.875,-16.967,0.026
24.11.2021 22:34:01,-18.092,1101.196,1101.043,1013.275,1254.333,-16.847,0.010
24.11.2021 22:34:02,-17.992,1100.921,1100.830,1014.465,1253.387,-16.695,0.006
24.11.2021 22:34:03,-17.899,1101.562,1100.799,1015.167,1252.472,-16.584,0.054
24.11.2021 22:34:04,-17.796,1101.531,1100.677,1017.089,1251.648,-16.384,0.061
24.11.2021 22:34:05,-17.693,1100.341,1100.250,1016.967,1250.732,-16.336,0.006
24.11.2021 22:34:06,-17.592,1101.653,1100.524,1019.134,1250.091,-16.129,0.081
24.11.2021 22:34:07,-17.504,1100.769,1100.006,1019.744,1249.603,-16.052,0.054
24.11.2021 22:34:08,-17.396,1099.822,1100.128,1020.843,1249.145,-15.938,-0.021
24.11.2021 22:34:09,-17.296,1099.884,1099.426,1022.064,1248.870,-15.827,0.032
24.11.2021 22:34:10,-17.193,1099.914,1099.548,1023.681,1248.718,-15.694,0.026
24.11.2021 22:34:11,-17.092,1098.846,1099.090,1024.474,1247.863,-15.579,-0.017
24.11.2021 22:34:12,-16.992,1100.219,1099.914,1026.397,1246.734,-15.361,0.021
24.11.2021 22:34:13,-16.899,1098.785,1097.747,1026.000,1245.727,-15.328,0.074
24.11.2021 22:34:14,-16.798,1098.205,1098.724,1026.824,1245.941,-15.278,-0.037
24.11.2021 22:34:15,-16.698,1097.869,1096.862,1027.465,1245.025,-15.172,0.072
24.11.2021 22:34:16,-16.595,1098.449,1097.167,1028.656,1244.567,-15.052,0.092
24.11.2021 22:34:17,-16.497,1098.541,1098.266,1030.456,1244.995,-14.942,0.019
24.11.2021 22:34:18,-16.394,1097.717,1097.717,1030.212,1244.171,-14.908,0.000
24.11.2021 22:34:20,-16.296,1097.900,1096.893,1031.402,1241.577,-14.653,0.072
24.11.2021 22:34:21,-16.198,1096.466,1096.374,1031.677,1241.333,-14.617,0.006
24.11.2021 22:34:22,-16.095,1096.710,1096.405,1033.355,1241.455,-14.497,0.022
24.11.2021 22:34:23,-15.999,1096.801,1096.832,1035.064,1241.516,-14.371,-0.002
24.11.2021 22:34:24,-15.896,1097.198,1096.618,1035.797,1240.722,-14.265,0.041
24.11.2021 22:34:25,-15.793,1097.595,1097.320,1037.231,1241.241,-14.189,0.019
24.11.2021 22:34:26,-15.698,1097.534,1096.557,1037.994,1240.447,-14.081,0.070
24.11.2021 22:34:27,-15.595,1096.862,1096.191,1038.848,1239.196,-13.937,0.048
24.11.2021 22:34:28,-15.499,1095.855,1095.642,1039.581,1237.792,-13.793,0.015
24.11.2021 22:34:29,-15.396,1095.123,1094.421,1040.405,1237.487,-13.711,0.050
24.11.2021 22:34:30,-15.296,1094.055,1095.153,1041.046,1236.328,-13.589,-0.079
24.11.2021 22:34:31,-15.200,1095.489,1094.360,1042.480,1236.297,-13.479,0.081
24.11.2021 22:34:32,-15.097,1096.435,1094.421,1044.067,1235.992,-13.339,0.145
24.11.2021 22:34:33,-14.997,1094.329,1093.017,1042.999,1233.520,-13.263,0.095
24.11.2021 22:34:34,-14.896,1094.055,1092.559,1043.731,1233.337,-13.196,0.108
24.11.2021 22:34:35,-14.798,1092.987,1092.285,1044.708,1231.842,-13.027,0.050
24.11.2021 22:34:36,-14.695,1093.322,1092.742,1046.325,1230.743,-12.835,0.042
24.11.2021 22:34:37,-14.595,1093.627,1092.559,1047.363,1231.262,-12.790,0.077
24.11.2021 22:34:38,-14.497,1091.827,1091.583,1047.546,1230.072,-12.700,0.017
24.11.2021 22:34:39,-14.399,1093.719,1092.926,1050.506,1230.468,-12.503,0.057
24.11.2021 22:34:40,-14.301,1092.254,1091.461,1049.957,1229.400,-12.476,0.057
24.11.2021 22:34:41,-14.198,1091.735,1090.850,1050.476,1228.424,-12.374,0.064
24.11.2021 22:34:42,-14.100,1091.613,1091.064,1052.459,1228.485,-12.230,0.039
24.11.2021 22:34:43,-13.997,1090.118,1090.332,1052.337,1226.806,-12.131,-0.015
24.11.2021 22:34:44,-13.896,1090.118,1089.385,1053.344,1225.677,-11.983,0.053
24.11.2021 22:34:45,-13.796,1089.691,1089.569,1053.558,1225.036,-11.926,0.008
24.11.2021 22:34:46,-13.700,1088.623,1088.134,1053.283,1222.442,-11.780,0.035
24.11.2021 22:34:47,-13.595,1089.630,1088.195,1055.389,1223.877,-11.715,0.104
24.11.2021 22:34:48,-13.499,1089.294,1089.416,1056.671,1222.991,-11.562,-0.008
24.11.2021 22:34:49,-13.399,1089.416,1089.172,1057.220,1223.968,-11.584,0.017
24.11.2021 22:34:50,-13.301,1088.623,1087.524,1057.739,1220.916,-11.348,0.079
24.11.2021 22:34:51,-13.198,1087.554,1087.249,1058.807,1219.421,-11.172,0.022
24.11.2021 22:34:52,-13.095,1087.768,1086.364,1059.203,1219.299,-11.135,0.102
24.11.2021 22:34:53,-12.994,1087.707,1086.639,1060.790,1217.773,-10.918,0.077
24.11.2021 22:34:54,-12.896,1086.609,1086.547,1061.187,1217.101,-10.845,0.004
24.11.2021 22:34:55,-12.798,1086.334,1085.845,1061.828,1216.552,-10.762,0.035
24.11.2021 22:34:56,-12.695,1086.486,1086.029,1063.140,1215.423,-10.591,0.033
24.11.2021 22:34:57,-12.595,1086.181,1085.815,1064.056,1215.118,-10.503,0.026
24.11.2021 22:34:58,-12.494,1085.327,1084.777,1063.751,1213.531,-10.423,0.040
24.11.2021 22:34:59,-12.399,1086.212,1085.357,1065.429,1213.104,-10.271,0.062
24.11.2021 22:35:00,-12.298,1084.014,1084.289,1065.551,1211.181,-10.136,-0.020
24.11.2021 22:35:01,-12.198,1084.381,1083.892,1065.795,1210.815,-10.095,0.035
24.11.2021 22:35:02,-12.095,1083.953,1083.953,1067.840,1210.296,-9.909,0.000
24.11.2021 22:35:03,-11.999,1083.679,1083.679,1067.291,1209.106,-9.872,0.000
24.11.2021 22:35:04,-11.901,1085.143,1083.862,1069.549,1208.770,-9.684,0.093
24.11.2021 22:35:05,-11.798,1083.129,1082.458,1068.511,1206.451,-9.609,0.049
24.11.2021 22:35:06,-11.698,1082.183,1081.817,1068.023,1205.352,-9.573,0.026
24.11.2021 22:35:07,-11.597,1081.085,1081.298,1068.939,1204.010,-9.417,-0.015
24.11.2021 22:35:08,-11.497,1081.909,1081.146,1070.098,1203.430,-9.293,0.055
24.11.2021 22:35:09,-11.396,1081.329,1080.993,1069.976,1202.392,-9.234,0.024
24.11.2021 22:35:10,-11.296,1079.498,1079.681,1070.007,1200.256,-9.092,-0.013
24.11.2021 22:35:11,-11.203,1080.901,1080.688,1071.228,1201.049,-9.054,0.015
24.11.2021 22:35:12,-11.102,1079.955,1079.498,1071.594,1199.249,-8.908,0.033
24.11.2021 22:35:13,-10.999,1079.589,1079.406,1071.716,1198.791,-8.869,0.013
24.11.2021 22:35:14,-10.896,1079.925,1079.437,1073.303,1199.371,-8.790,0.035
24.11.2021 22:35:15,-10.801,1077.850,1077.697,1072.265,1196.960,-8.708,0.011
24.11.2021 22:35:16,-10.708,1078.033,1077.667,1073.303,1196.838,-8.623,0.026
24.11.2021 22:35:17,-10.597,1078.064,1077.758,1073.883,1196.990,-8.591,0.022
24.11.2021 22:35:18,-10.497,1078.521,1077.606,1073.699,1195.465,-8.504,0.067
24.11.2021 22:35:19,-10.401,1076.232,1075.622,1073.058,1194.213,-8.468,0.044
24.11.2021 22:35:20,-10.301,1076.568,1076.538,1074.096,1193.817,-8.365,0.002
24.11.2021 22:35:21,-10.208,1076.690,1075.622,1074.493,1193.756,-8.332,0.078
24.11.2021 22:35:22,-10.097,1075.836,1075.073,1074.554,1192.352,-8.235,0.056
24.11.2021 22:35:24,-9.997,1077.423,1076.416,1076.568,1192.596,-8.103,0.074
24.11.2021 22:35:25,-9.896,1076.507,1075.927,1076.477,1191.863,-8.061,0.042
24.11.2021 22:35:27,-9.796,1075.286,1074.615,1076.385,1191.162,-8.021,0.049
24.11.2021 22:35:29,-9.695,1074.981,1074.188,1076.660,1190.154,-7.934,0.058
24.11.2021 22:35:31,-9.592,1075.286,1074.523,1077.972,1189.636,-7.803,0.056
24.11.2021 22:35:32,-9.499,1074.706,1074.005,1078.369,1188.842,-7.722,0.051
24.11.2021 22:35:33,-9.391,1073.242,1072.815,1078.582,1187.286,-7.602,0.031
24.11.2021 22:35:34,-9.303,1073.455,1073.516,1079.376,1187.591,-7.565,-0.004
24.11.2021 22:35:35,-9.193,1073.638,1072.540,1080.139,1186.096,-7.409,0.081
24.11.2021 22:35:36,-9.100,1073.547,1073.120,1080.841,1185.638,-7.327,0.031
24.11.2021 22:35:37,-8.999,1072.906,1072.174,1080.657,1183.776,-7.216,0.054
24.11.2021 22:35:38,-8.899,1074.157,1074.005,1084.320,1185.424,-7.059,0.011
24.11.2021 22:35:39,-8.796,1072.418,1071.868,1083.313,1183.349,-6.994,0.040
24.11.2021 22:35:40,-8.698,1072.845,1071.502,1083.312,1182.800,-6.957,0.099
24.11.2021 22:35:41,-8.600,1070.495,1070.953,1083.953,1181.671,-6.835,-0.033
24.11.2021 22:35:42,-8.497,1071.746,1071.441,1084.533,1181.427,-6.776,0.022
24.11.2021 22:35:43,-8.399,1070.678,1069.885,1084.503,1180.053,-6.686,0.058
24.11.2021 22:35:44,-8.301,1070.648,1070.037,1084.320,1178.436,-6.591,0.045
24.11.2021 22:35:45,-8.195,1070.159,1069.671,1084.900,1178.314,-6.541,0.036
24.11.2021 22:35:46,-8.097,1068.847,1069.213,1085.357,1176.544,-6.388,-0.027
24.11.2021 22:35:47,-7.992,1068.572,1068.756,1085.113,1176.239,-6.386,-0.013
24.11.2021 22:35:48,-7.894,1068.603,1068.389,1085.479,1175.232,-6.291,0.015
24.11.2021 22:35:49,-7.798,1069.366,1068.847,1086.608,1174.957,-6.190,0.038
24.11.2021 22:35:50,-7.700,1069.458,1069.061,1087.066,1174.743,-6.143,0.029
24.11.2021 22:35:51,-7.597,1069.244,1068.511,1088.104,1173.797,-6.004,0.054
24.11.2021 22:35:52,-7.497,1069.000,1067.901,1088.348,1173.522,-5.967,0.081
24.11.2021 22:35:53,-7.394,1067.474,1067.474,1088.592,1173.065,-5.919,-0.000
24.11.2021 22:35:54,-7.298,1067.108,1066.680,1088.195,1171.813,-5.863,0.031
24.11.2021 22:35:55,-7.200,1067.321,1066.802,1089.416,1171.051,-5.723,0.038
24.11.2021 22:35:56,-7.095,1068.389,1068.481,1091.247,1172.424,-5.683,-0.006
24.11.2021 22:35:57,-6.994,1068.206,1067.901,1090.698,1171.142,-5.636,0.022
24.11.2021 22:35:58,-6.894,1066.772,1065.887,1090.209,1169.219,-5.541,0.065
24.11.2021 22:35:59,-6.793,1066.070,1065.765,1090.759,1169.036,-5.489,0.022
24.11.2021 22:36:00,-6.698,1066.894,1066.009,1092.254,1168.792,-5.364,0.065
24.11.2021 22:36:01,-6.595,1065.978,1065.979,1092.376,1167.388,-5.260,-0.000
24.11.2021 22:36:02,-6.497,1066.436,1066.589,1093.841,1167.999,-5.195,-0.011
24.11.2021 22:36:03,-6.394,1066.314,1065.673,1094.085,1166.564,-5.081,0.047
24.11.2021 22:36:05,-6.296,1065.307,1063.903,1092.681,1164.489,-5.041,0.104
24.11.2021 22:36:06,-6.193,1064.392,1064.758,1093.902,1164.917,-4.982,-0.027
24.11.2021 22:36:07,-6.095,1064.758,1064.147,1094.970,1163.909,-4.836,0.045
24.11.2021 22:36:08,-5.992,1064.788,1064.025,1095.458,1163.635,-4.782,0.056
24.11.2021 22:36:09,-5.894,1064.971,1065.277,1096.984,1162.841,-4.618,-0.022
24.11.2021 22:36:10,-5.798,1065.917,1065.216,1098.052,1162.567,-4.522,0.052
24.11.2021 22:36:11,-5.695,1064.117,1064.086,1097.595,1160.919,-4.443,0.002
24.11.2021 22:36:12,-5.597,1064.697,1063.537,1097.931,1160.675,-4.402,0.086
24.11.2021 22:36:13,-5.497,1064.300,1063.323,1098.419,1159.942,-4.317,0.072
24.11.2021 22:36:14,-5.394,1064.819,1063.903,1099.243,1159.820,-4.249,0.068
24.11.2021 22:36:15,-5.296,1065.032,1064.575,1099.517,1159.149,-4.184,0.034
24.11.2021 22:36:16,-5.195,1063.232,1062.469,1098.876,1156.738,-4.065,0.056
24.11.2021 22:36:17,-5.097,1064.147,1063.507,1100.463,1155.700,-3.879,0.047
24.11.2021 22:36:18,-4.994,1064.026,1063.262,1100.860,1155.456,-3.834,0.056
24.11.2021 22:36:19,-4.894,1063.201,1062.896,1100.524,1154.815,-3.814,0.022
24.11.2021 22:36:20,-4.798,1063.903,1063.201,1101.196,1154.663,-3.756,0.052
24.11.2021 22:36:21,-4.693,1064.178,1062.744,1102.081,1153.808,-3.633,0.106
24.11.2021 22:36:22,-4.597,1064.575,1064.209,1103.515,1154.571,-3.583,0.027
24.11.2021 22:36:23,-4.494,1064.086,1063.262,1103.179,1153.411,-3.527,0.061
24.11.2021 22:36:24,-4.396,1063.323,1062.927,1103.485,1151.916,-3.403,0.029
24.11.2021 22:36:25,-4.296,1063.110,1062.713,1102.966,1151.947,-3.442,0.029
24.11.2021 22:36:26,-4.198,1060.485,1060.424,1102.447,1150.390,-3.372,0.004
24.11.2021 22:36:27,-4.095,1061.706,1061.004,1103.271,1149.474,-3.250,0.052
24.11.2021 22:36:28,-3.999,1062.194,1062.133,1104.125,1149.627,-3.199,0.004
24.11.2021 22:36:29,-3.899,1062.805,1061.614,1104.888,1149.597,-3.142,0.088
24.11.2021 22:36:30,-3.801,1062.713,1061.187,1105.041,1148.406,-3.049,0.113
24.11.2021 22:36:31,-3.703,1061.431,1061.065,1104.248,1146.942,-3.005,0.027
24.11.2021 22:36:32,-3.600,1060.943,1060.180,1104.949,1146.820,-2.946,0.057
24.11.2021 22:36:33,-3.494,1061.370,1060.729,1106.414,1145.843,-2.774,0.047
24.11.2021 22:36:34,-3.399,1062.225,1061.340,1106.109,1146.087,-2.813,0.066
24.11.2021 22:36:35,-3.298,1062.591,1061.676,1108.062,1145.660,-2.643,0.068
24.11.2021 22:36:36,-3.203,1062.286,1061.279,1109.435,1145.111,-2.507,0.075
24.11.2021 22:36:37,-3.097,1062.622,1061.218,1109.374,1144.165,-2.446,0.104
24.11.2021 22:36:38,-2.994,1062.164,1061.523,1110.259,1143.554,-2.341,0.047
24.11.2021 22:36:39,-2.899,1063.018,1061.981,1110.931,1144.164,-2.335,0.077
24.11.2021 22:36:40,-2.798,1061.889,1061.340,1111.480,1143.463,-2.247,0.041
24.11.2021 22:36:41,-2.690,1062.805,1061.614,1112.579,1142.456,-2.099,0.088
24.11.2021 22:36:42,-2.595,1062.042,1061.798,1113.006,1142.120,-2.045,0.018
24.11.2021 22:36:43,-2.494,1062.164,1060.882,1112.731,1139.709,-1.898,0.095
24.11.2021 22:36:44,-2.396,1061.035,1060.333,1112.945,1138.946,-1.829,0.052
24.11.2021 22:36:45,-2.293,1062.408,1061.706,1114.654,1139.801,-1.767,0.052
24.11.2021 22:36:46,-2.195,1062.164,1061.584,1115.478,1139.587,-1.694,0.043
24.11.2021 22:36:47,-2.092,1061.401,1060.485,1115.417,1138.122,-1.596,0.068
24.11.2021 22:36:48,-1.992,1062.042,1061.370,1116.363,1137.237,-1.467,0.050
24.11.2021 22:36:49,-1.894,1062.835,1060.028,1116.943,1137.176,-1.422,0.209
24.11.2021 22:36:50,-1.796,1062.408,1060.852,1116.485,1135.284,-1.323,0.116
24.11.2021 22:36:51,-1.698,1062.194,1060.821,1116.668,1135.314,-1.312,0.102
24.11.2021 22:36:52,-1.597,1060.424,1059.722,1117.004,1133.972,-1.194,0.052
24.11.2021 22:36:53,-1.494,1061.248,1060.302,1117.340,1134.552,-1.211,0.070
24.11.2021 22:36:54,-1.406,1062.164,1060.638,1118.591,1134.002,-1.084,0.113
24.11.2021 22:36:55,-1.298,1062.438,1060.790,1119.110,1132.812,-0.964,0.123
24.11.2021 22:36:56,-1.198,1062.500,1061.614,1119.750,1132.659,-0.908,0.066
24.11.2021 22:36:57,-1.100,1063.507,1061.218,1119.933,1132.232,-0.865,0.170
24.11.2021 22:36:58,-0.997,1062.622,1061.340,1120.147,1131.836,-0.822,0.095
24.11.2021 22:36:59,-0.896,1061.065,1059.539,1120.025,1130.462,-0.734,0.114
24.11.2021 22:37:00,-0.801,1062.286,1061.401,1121.887,1131.317,-0.663,0.066
24.11.2021 22:37:01,-0.695,1061.401,1060.791,1121.887,1130.432,-0.601,0.045
24.11.2021 22:37:02,-0.597,1061.828,1060.608,1122.314,1129.150,-0.481,0.091
24.11.2021 22:37:03,-0.499,1061.035,1060.333,1122.192,1127.899,-0.401,0.052
24.11.2021 22:37:04,-0.391,1062.286,1062.072,1123.718,1128.875,-0.362,0.015
24.11.2021 22:37:05,-0.308,1062.042,1059.906,1123.199,1127.502,-0.302,0.159
24.11.2021 22:37:06,-0.205,1062.317,1061.981,1125.305,1128.356,-0.214,0.025
24.11.2021 22:37:07,-0.102,1063.140,1062.347,1126.647,1128.570,-0.135,0.059
24.11.2021 22:37:08,-0.002,1062.194,1061.859,1127.166,1126.922,0.017,0.025
24.11.2021 22:37:09,0.101,1063.262,1062.744,1128.326,1127.258,0.075,0.038
24.11.2021 22:37:10,0.199,1062.133,1061.584,1127.349,1125.274,0.145,0.040
24.11.2021 22:37:12,0.307,1061.676,1061.126,1127.441,1125.061,0.167,0.041
24.11.2021 22:37:13,0.403,1062.713,1060.821,1128.570,1124.267,0.302,0.141
24.11.2021 22:37:15,0.508,1062.530,1061.126,1129.150,1123.626,0.388,0.104
24.11.2021 22:37:16,0.601,1063.964,1061.889,1130.462,1123.718,0.474,0.154
24.11.2021 22:37:18,0.699,1062.225,1061.431,1130.066,1122.863,0.506,0.059
24.11.2021 22:37:20,0.800,1063.354,1062.500,1131.256,1123.138,0.570,0.063
24.11.2021 22:37:21,0.898,1063.781,1062.591,1132.904,1122.802,0.709,0.088
24.11.2021 22:37:22,1.008,1064.910,1063.873,1134.552,1122.131,0.872,0.077
24.11.2021 22:37:23,1.104,1064.269,1063.201,1133.056,1121.673,0.800,0.079
24.11.2021 22:37:24,1.207,1063.262,1061.767,1133.026,1119.384,0.959,0.111
24.11.2021 22:37:25,1.300,1064.330,1063.262,1134.796,1120.666,0.992,0.079
24.11.2021 22:37:26,1.405,1064.025,1063.293,1135.345,1120.544,1.039,0.054
24.11.2021 22:37:27,1.503,1064.636,1063.720,1136.688,1120.361,1.146,0.068
24.11.2021 22:37:28,1.604,1063.751,1063.018,1136.383,1118.682,1.243,0.054
24.11.2021 22:37:29,1.702,1063.446,1062.774,1135.803,1117.553,1.283,0.050
24.11.2021 22:37:30,1.805,1063.049,1062.194,1135.589,1116.271,1.359,0.063
24.11.2021 22:37:31,1.905,1063.598,1062.377,1136.566,1116.699,1.397,0.090
24.11.2021 22:37:32,2.003,1064.331,1062.988,1137.969,1116.455,1.512,0.100
24.11.2021 22:37:33,2.104,1064.025,1062.957,1138.885,1117.004,1.537,0.079
24.11.2021 22:37:34,2.204,1064.819,1063.049,1139.282,1117.004,1.564,0.131
24.11.2021 22:37:35,2.302,1065.399,1063.995,1141.113,1116.821,1.705,0.104
24.11.2021 22:37:36,2.403,1064.514,1062.957,1140.319,1115.051,1.775,0.115
24.11.2021 22:37:37,2.506,1064.422,1063.873,1142.089,1115.814,1.844,0.040
24.11.2021 22:37:38,2.609,1065.063,1063.598,1143.188,1115.936,1.911,0.109
24.11.2021 22:37:39,2.704,1065.002,1064.514,1143.890,1115.478,1.992,0.036
24.11.2021 22:37:40,2.807,1065.124,1063.781,1144.042,1114.380,2.081,0.099
24.11.2021 22:37:41,2.908,1065.399,1064.636,1145.324,1114.562,2.157,0.056
24.11.2021 22:37:42,3.001,1066.070,1063.293,1145.263,1113.098,2.257,0.206
24.11.2021 22:37:43,3.109,1064.819,1063.934,1145.812,1112.427,2.342,0.065
24.11.2021 22:37:44,3.204,1065.704,1063.964,1147.247,1112.792,2.416,0.129
24.11.2021 22:37:45,3.305,1065.917,1065.185,1149.291,1113.708,2.491,0.054
24.11.2021 22:37:46,3.408,1066.436,1064.239,1148.376,1111.083,2.615,0.163
24.11.2021 22:37:47,3.506,1067.291,1065.582,1151.000,1111.755,2.748,0.126
24.11.2021 22:37:48,3.604,1066.802,1065.338,1151.092,1110.260,2.861,0.108
24.11.2021 22:37:50,3.704,1067.016,1064.300,1151.062,1108.764,2.966,0.201
24.11.2021 22:37:51,3.802,1066.467,1064.086,1151.092,1108.093,3.016,0.177
24.11.2021 22:37:52,3.903,1067.443,1064.788,1153.656,1108.764,3.144,0.197
24.11.2021 22:37:53,4.003,1068.206,1066.284,1154.693,1107.910,3.276,0.142
24.11.2021 22:37:54,4.094,1068.695,1066.009,1156.250,1107.940,3.381,0.199
24.11.2021 22:37:55,4.204,1069.091,1066.619,1157.134,1107.360,3.483,0.183
24.11.2021 22:37:56,4.305,1068.725,1066.986,1157.043,1105.804,3.588,0.129
24.11.2021 22:37:57,4.400,1068.878,1066.375,1157.562,1105.224,3.665,0.185
24.11.2021 22:37:58,4.503,1069.580,1066.833,1158.813,1105.102,3.759,0.203
24.11.2021 22:37:59,4.604,1069.793,1067.016,1159.423,1103.912,3.886,0.205
24.11.2021 22:38:00,4.702,1070.312,1068.054,1160.888,1104.125,3.971,0.167
24.11.2021 22:38:01,4.802,1071.045,1068.267,1161.590,1103.637,4.054,0.205
24.11.2021 22:38:02,4.903,1070.068,1067.169,1161.621,1101.837,4.185,0.214
24.11.2021 22:38:03,5.003,1070.281,1067.840,1162.231,1101.379,4.260,0.180
24.11.2021 22:38:04,5.106,1070.068,1068.023,1162.017,1100.433,4.313,0.151
24.11.2021 22:38:05,5.202,1070.434,1068.237,1163.513,1100.494,4.411,0.162
24.11.2021 22:38:06,5.305,1071.563,1069.732,1164.855,1101.654,4.419,0.135
24.11.2021 22:38:07,5.403,1072.204,1069.335,1165.649,1100.768,4.536,0.212
24.11.2021 22:38:08,5.506,1072.143,1069.763,1165.954,1100.067,4.607,0.176
24.11.2021 22:38:09,5.599,1071.990,1069.580,1166.442,1099.029,4.715,0.178
24.11.2021 22:38:10,5.704,1072.143,1068.969,1165.588,1097.351,4.778,0.234
24.11.2021 22:38:11,5.802,1072.143,1070.007,1167.480,1098.052,4.856,0.158
24.11.2021 22:38:12,5.905,1072.601,1070.465,1168.609,1098.144,4.926,0.157
24.11.2021 22:38:13,6.001,1071.777,1069.549,1168.792,1097.320,4.998,0.164
24.11.2021 22:38:14,6.104,1073.211,1070.770,1169.525,1096.954,5.074,0.180
24.11.2021 22:38:15,6.202,1073.669,1071.807,1170.898,1097.351,5.138,0.137
24.11.2021 22:38:16,6.297,1074.584,1071.563,1171.234,1096.221,5.242,0.223
24.11.2021 22:38:17,6.405,1074.157,1072.204,1172.668,1096.496,5.319,0.144
24.11.2021 22:38:18,6.506,1075.317,1072.021,1173.187,1096.130,5.381,0.243
24.11.2021 22:38:19,6.606,1074.340,1072.631,1174.835,1095.489,5.538,0.126
24.11.2021 22:38:20,6.704,1075.225,1072.570,1174.713,1094.940,5.570,0.195
24.11.2021 22:38:21,6.805,1075.500,1072.235,1175.689,1093.933,5.708,0.240
24.11.2021 22:38:22,6.905,1076.233,1072.937,1176.483,1092.773,5.846,0.243
24.11.2021 22:38:23,7.006,1076.843,1072.387,1176.574,1092.651,5.861,0.328
24.11.2021 22:38:24,7.104,1076.965,1072.967,1177.856,1092.102,5.986,0.294
24.11.2021 22:38:25,7.207,1077.270,1073.516,1178.802,1091.857,6.068,0.276
24.11.2021 22:38:26,7.307,1076.965,1073.150,1179.077,1090.911,6.155,0.281
24.11.2021 22:38:27,7.405,1078.033,1073.883,1180.541,1091.064,6.242,0.305
24.11.2021 22:38:28,7.506,1077.667,1074.401,1180.847,1089.660,6.364,0.240
24.11.2021 22:38:29,7.606,1077.606,1074.035,1179.870,1088.683,6.370,0.262
24.11.2021 22:38:30,7.704,1077.362,1073.150,1180.023,1087.310,6.480,0.310
24.11.2021 22:38:31,7.805,1077.972,1074.432,1181.793,1087.890,6.556,0.260
24.11.2021 22:38:32,7.908,1079.589,1075.286,1184.448,1088.378,6.698,0.316
24.11.2021 22:38:33,8.008,1077.636,1074.157,1182.861,1084.960,6.841,0.256
24.11.2021 22:38:34,8.109,1079.773,1075.622,1185.180,1087.188,6.834,0.305
24.11.2021 22:38:35,8.207,1080.871,1075.866,1186.309,1085.113,7.060,0.367
24.11.2021 22:38:36,8.307,1080.017,1076.477,1186.187,1084.838,7.072,0.260
24.11.2021 22:38:37,8.405,1080.688,1076.019,1186.889,1084.014,7.179,0.343
24.11.2021 22:38:38,8.506,1080.322,1075.439,1187.347,1082.794,7.298,0.358
24.11.2021 22:38:39,8.609,1080.749,1076.629,1188.598,1082.977,7.368,0.302
24.11.2021 22:38:40,8.704,1081.665,1077.575,1189.941,1083.251,7.438,0.300
24.11.2021 22:38:41,8.807,1081.817,1077.270,1190.643,1081.420,7.618,0.333
24.11.2021 22:38:42,8.903,1081.573,1077.178,1190.277,1081.542,7.585,0.322
24.11.2021 22:38:43,9.006,1081.512,1076.233,1190.887,1079.681,7.761,0.387
24.11.2021 22:38:44,9.106,1082.031,1077.636,1193.176,1080.932,7.822,0.322
24.11.2021 22:38:45,9.202,1081.207,1076.629,1192.962,1078.338,7.997,0.336
24.11.2021 22:38:46,9.302,1082.092,1076.660,1192.993,1077.026,8.096,0.398
24.11.2021 22:38:47,9.403,1083.068,1078.094,1195.434,1077.697,8.208,0.364
24.11.2021 22:38:48,9.496,1084.197,1078.826,1196.227,1077.148,8.301,0.393
24.11.2021 22:38:49,9.594,1083.434,1078.521,1197.509,1075.836,8.482,0.360
24.11.2021 22:38:50,9.697,1084.472,1079.559,1199.127,1076.568,8.534,0.359
24.11.2021 22:38:51,9.800,1084.747,1079.956,1200.775,1075.408,8.728,0.350
24.11.2021 22:38:52,9.895,1084.686,1080.078,1200.805,1074.737,8.779,0.337
24.11.2021 22:38:53,9.993,1084.930,1079.467,1201.293,1074.096,8.859,0.399
24.11.2021 22:38:54,10.096,1085.601,1080.444,1202.880,1072.662,9.068,0.377
24.11.2021 22:38:55,10.202,1085.754,1080.780,1203.765,1071.716,9.196,0.363
24.11.2021 22:38:56,10.305,1086.090,1080.505,1203.704,1070.648,9.271,0.408
24.11.2021 22:38:57,10.393,1085.144,1079.803,1203.887,1068.878,9.414,0.390
24.11.2021 22:38:58,10.506,1086.425,1081.786,1206.451,1070.037,9.496,0.339
24.11.2021 22:39:00,10.609,1087.554,1082.397,1208.312,1069.091,9.688,0.376
24.11.2021 22:39:01,10.704,1087.768,1081.634,1208.007,1067.108,9.814,0.448
24.11.2021 22:39:03,10.802,1086.486,1081.115,1207.519,1066.375,9.836,0.392
24.11.2021 22:39:05,10.908,1087.982,1082.977,1210.571,1066.406,10.033,0.365
24.11.2021 22:39:06,11.001,1088.104,1082.550,1210.571,1064.727,10.158,0.405
24.11.2021 22:39:08,11.101,1089.050,1083.496,1211.852,1064.544,10.255,0.405
24.11.2021 22:39:09,11.207,1088.256,1082.763,1211.395,1062.255,10.395,0.400
24.11.2021 22:39:10,11.305,1088.409,1083.282,1212.341,1061.584,10.506,0.374
24.11.2021 22:39:11,11.400,1089.080,1083.618,1213.440,1061.065,10.616,0.398
24.11.2021 22:39:12,11.506,1089.385,1084.625,1214.904,1061.309,10.693,0.347
24.11.2021 22:39:13,11.604,1090.057,1083.587,1214.782,1058.349,10.906,0.471
24.11.2021 22:39:14,11.704,1089.385,1085.235,1215.637,1057.861,10.998,0.302
24.11.2021 22:39:15,11.805,1089.385,1085.174,1215.759,1056.671,11.094,0.306
24.11.2021 22:39:16,11.908,1090.698,1085.845,1218.048,1056.732,11.238,0.353
24.11.2021 22:39:17,12.008,1089.019,1085.235,1217.529,1054.473,11.373,0.275
24.11.2021 22:39:18,12.109,1090.148,1085.510,1218.688,1054.687,11.432,0.337
24.11.2021 22:39:19,12.204,1092.224,1086.609,1220.184,1053.619,11.609,0.408
24.11.2021 22:39:20,12.305,1091.858,1087.585,1220.153,1052.642,11.680,0.310
24.11.2021 22:39:21,12.405,1091.461,1087.097,1220.214,1050.903,11.814,0.317
24.11.2021 22:39:22,12.506,1092.529,1086.669,1221.832,1050.781,11.928,0.426
24.11.2021 22:39:23,12.606,1092.498,1086.700,1221.862,1049.896,11.996,0.421
24.11.2021 22:39:24,12.704,1092.803,1087.463,1222.930,1049.591,12.088,0.388
24.11.2021 22:39:25,12.802,1092.559,1087.188,1222.808,1047.119,12.266,0.390
24.11.2021 22:39:26,12.903,1093.048,1088.409,1225.769,1047.973,12.392,0.336
24.11.2021 22:39:27,13.006,1094.573,1088.379,1225.677,1046.539,12.494,0.449
24.11.2021 22:39:28,13.109,1093.109,1087.982,1225.372,1044.555,12.624,0.372
24.11.2021 22:39:29,13.202,1092.651,1087.249,1224.761,1043.823,12.639,0.392
24.11.2021 22:39:30,13.307,1092.742,1087.554,1226.593,1042.480,12.858,0.377
24.11.2021 22:39:31,13.400,1093.749,1087.951,1228.454,1042.572,12.971,0.421
24.11.2021 22:39:32,13.506,1093.627,1088.592,1228.240,1041.931,13.006,0.365
24.11.2021 22:39:34,13.606,1094.726,1089.385,1228.698,1040.313,13.157,0.387
24.11.2021 22:39:35,13.709,1094.329,1088.165,1229.187,1038.024,13.362,0.447
24.11.2021 22:39:36,13.807,1094.085,1088.653,1229.522,1037.750,13.404,0.394
24.11.2021 22:39:37,13.893,1093.994,1088.409,1230.316,1037.353,13.485,0.405
24.11.2021 22:39:38,14.008,1095.520,1089.599,1232.360,1036.590,13.673,0.429
24.11.2021 22:39:39,14.109,1096.405,1090.179,1233.093,1036.102,13.757,0.451
24.11.2021 22:39:40,14.204,1095.916,1090.057,1234.314,1034.820,13.932,0.424
24.11.2021 22:39:41,14.307,1095.275,1089.752,1233.551,1032.592,14.053,0.400
24.11.2021 22:39:42,14.403,1096.038,1089.721,1233.123,1031.402,14.117,0.458
24.11.2021 22:39:43,14.506,1095.459,1088.806,1234.832,1031.036,14.253,0.482
24.11.2021 22:39:44,14.604,1096.465,1090.454,1235.717,1030.731,14.333,0.435
24.11.2021 22:39:45,14.702,1097.625,1090.698,1237.152,1029.541,14.515,0.501
24.11.2021 22:39:46,14.800,1096.282,1090.179,1236.572,1027.496,14.634,0.442
24.11.2021 22:39:47,14.903,1096.374,1090.026,1237.518,1026.580,14.764,0.460
24.11.2021 22:39:48,14.998,1097.747,1091.339,1238.372,1024.963,14.942,0.463
24.11.2021 22:39:49,15.104,1097.808,1089.965,1239.318,1024.414,15.044,0.568
24.11.2021 22:39:50,15.199,1096.923,1090.820,1239.837,1022.735,15.206,0.442
24.11.2021 22:39:51,15.302,1097.961,1090.667,1240.966,1022.125,15.324,0.528
24.11.2021 22:39:52,15.403,1097.534,1091.094,1241.271,1020.324,15.482,0.466
24.11.2021 22:39:53,15.501,1097.839,1090.759,1242.187,1019.348,15.615,0.512
24.11.2021 22:39:54,15.604,1098.236,1091.857,1243.255,1018.432,15.753,0.461
24.11.2021 22:39:55,15.702,1098.083,1090.392,1243.316,1016.662,15.893,0.556
24.11.2021 22:39:56,15.800,1097.900,1091.278,1243.286,1015.350,15.993,0.479
24.11.2021 22:39:57,15.903,1098.327,1091.125,1245.025,1014.404,16.176,0.521
24.11.2021 22:39:58,16.006,1098.266,1091.949,1246.093,1013.488,16.314,0.457
24.11.2021 22:39:59,16.101,1098.968,1091.522,1247.131,1011.840,16.506,0.538
24.11.2021 22:40:00,16.199,1099.273,1092.346,1247.619,1010.040,16.677,0.500
24.11.2021 22:40:01,16.300,1099.975,1091.308,1248.352,1008.728,16.824,0.626
24.11.2021 22:40:02,16.403,1099.426,1092.437,1249.572,1007.842,16.970,0.505
24.11.2021 22:40:03,16.498,1098.663,1090.789,1249.206,1005.493,17.130,0.569
24.11.2021 22:40:04,16.596,1099.548,1092.193,1250.610,1004.638,17.284,0.531
24.11.2021 22:40:05,16.699,1098.876,1090.911,1250.885,1002.960,17.432,0.576
24.11.2021 22:40:06,16.797,1100.067,1093.078,1252.716,1002.960,17.547,0.504
24.11.2021 22:40:07,16.898,1100.555,1091.918,1252.929,1000.396,17.760,0.624
24.11.2021 22:40:08,16.996,1098.205,1090.911,1250.427,997.436,17.836,0.528
24.11.2021 22:40:09,17.099,1098.541,1091.430,1253.051,997.467,17.997,0.514
24.11.2021 22:40:10,17.197,1098.266,1091.156,1254.211,995.330,18.237,0.514
24.11.2021 22:40:11,17.297,1099.212,1092.559,1253.600,994.720,18.247,0.481
24.11.2021 22:40:12,17.398,1100.219,1092.590,1255.188,993.103,18.473,0.551
24.11.2021 22:40:13,17.498,1098.144,1090.515,1254.364,989.776,18.684,0.552
24.11.2021 22:40:14,17.601,1099.334,1091.766,1255.157,989.196,18.780,0.547
24.11.2021 22:40:15,17.699,1098.297,1090.820,1255.584,986.572,19.014,0.541
24.11.2021 22:40:16,17.795,1098.632,1091.857,1256.195,986.328,19.071,0.490
24.11.2021 22:40:17,17.898,1098.297,1091.339,1255.493,984.497,19.172,0.503
24.11.2021 22:40:18,17.996,1099.517,1091.613,1256.744,983.276,19.347,0.571
24.11.2021 22:40:19,18.101,1098.175,1091.278,1256.347,980.987,19.504,0.499
24.11.2021 22:40:20,18.199,1099.151,1091.217,1256.988,979.248,19.683,0.574
24.11.2021 22:40:21,18.302,1098.907,1091.674,1257.659,977.691,19.848,0.523
24.11.2021 22:40:22,18.400,1097.869,1090.301,1256.927,976.379,19.908,0.548
24.11.2021 22:40:23,18.498,1098.968,1091.217,1258.880,975.891,20.068,0.560
24.11.2021 22:40:24,18.599,1097.961,1090.423,1258.239,973.754,20.199,0.545
24.11.2021 22:40:25,18.699,1099.304,1091.461,1258.911,972.564,20.336,0.567
24.11.2021 22:40:26,18.802,1098.052,1091.094,1259.490,970.794,20.514,0.503
24.11.2021 22:40:27,18.900,1097.961,1089.630,1257.690,967.895,20.635,0.603
24.11.2021 22:40:28,19.001,1098.510,1089.599,1258.697,967.620,20.720,0.645
24.11.2021 22:40:29,19.099,1098.358,1089.935,1259.094,966.217,20.857,0.610
24.11.2021 22:40:30,19.197,1098.144,1089.660,1259.246,965.148,20.953,0.614
24.11.2021 22:40:31,19.292,1098.632,1089.996,1259.674,963.592,21.105,0.625
24.11.2021 22:40:32,19.398,1098.266,1090.332,1260.284,962.463,21.234,0.574
24.11.2021 22:40:33,19.496,1099.334,1091.217,1261.077,960.601,21.433,0.587
24.11.2021 22:40:34,19.601,1098.724,1090.484,1260.284,958.953,21.518,0.596
24.11.2021 22:40:35,19.692,1097.625,1089.630,1260.406,957.580,21.637,0.579
24.11.2021 22:40:36,19.800,1098.754,1091.094,1261.718,956.787,21.782,0.554
24.11.2021 22:40:37,19.900,1098.052,1089.721,1261.169,955.200,21.877,0.603
24.11.2021 22:40:38,19.993,1098.297,1089.599,1261.566,953.674,22.026,0.629
24.11.2021 22:40:39,20.099,1098.724,1090.209,1262.237,953.064,22.117,0.616
24.11.2021 22:40:40,20.192,1097.717,1089.538,1261.352,950.073,22.307,0.592
24.11.2021 22:40:41,20.302,1096.893,1088.500,1260.559,948.700,22.370,0.608
24.11.2021 22:40:42,20.403,1096.862,1088.470,1261.932,947.967,22.515,0.608
24.11.2021 22:40:43,20.501,1096.801,1089.050,1262.267,946.960,22.618,0.562
24.11.2021 22:40:44,20.599,1098.052,1088.531,1262.664,946.441,22.685,0.690
24.11.2021 22:40:45,20.702,1095.916,1087.432,1261.505,943.023,22.894,0.615
24.11.2021 22:40:46,20.795,1095.916,1087.921,1261.596,942.413,22.950,0.580
24.11.2021 22:40:48,20.905,1095.947,1087.554,1262.817,940.917,23.148,0.609
24.11.2021 22:40:50,21.008,1096.710,1088.623,1263.855,940.460,23.250,0.586
24.11.2021 22:40:52,21.106,1094.970,1087.280,1262.970,937.744,23.420,0.558
24.11.2021 22:40:54,21.202,1094.665,1086.181,1262.023,935.943,23.511,0.616
24.11.2021 22:40:55,21.307,1094.665,1085.906,1263.244,934.875,23.674,0.636
24.11.2021 22:40:57,21.405,1095.062,1086.547,1263.763,932.983,23.863,0.618
24.11.2021 22:40:59,21.503,1093.627,1084.350,1262.695,930.419,24.010,0.675
24.11.2021 22:41:03,21.604,1093.322,1085.083,1263.214,929.992,24.078,0.599
24.11.2021 22:41:04,21.707,1093.902,1084.167,1263.580,928.649,24.212,0.708
24.11.2021 22:41:05,21.800,1093.932,1085.906,1264.343,928.008,24.312,0.583
24.11.2021 22:41:06,21.903,1095.153,1085.540,1265.930,925.415,24.626,0.698
24.11.2021 22:41:07,22.006,1093.200,1083.831,1265.991,922.454,24.877,0.682
24.11.2021 22:41:08,22.109,1093.200,1083.831,1265.167,920.898,24.957,0.682
24.11.2021 22:41:09,22.202,1094.543,1084.381,1267.120,921.783,25.002,0.739
24.11.2021 22:41:10,22.307,1091.949,1083.007,1265.777,919.708,25.094,0.651
24.11.2021 22:41:11,22.398,1093.170,1083.221,1266.510,918.701,25.224,0.724
24.11.2021 22:41:12,22.501,1092.864,1082.702,1266.296,916.442,25.401,0.740
24.11.2021 22:41:13,22.601,1092.407,1083.343,1266.143,915.374,25.481,0.660
24.11.2021 22:41:14,22.699,1091.583,1081.512,1266.113,913.421,25.644,0.734
24.11.2021 22:41:15,22.802,1090.789,1081.604,1265.381,911.743,25.742,0.670
24.11.2021 22:41:16,22.900,1092.895,1083.465,1268.371,911.926,25.908,0.686
24.11.2021 22:41:17,23.003,1091.400,1081.756,1267.669,909.301,26.088,0.703
24.11.2021 22:41:19,23.099,1091.858,1082.702,1268.432,908.172,26.230,0.667
24.11.2021 22:41:20,23.199,1091.339,1082.183,1267.425,906.250,26.332,0.667
24.11.2021 22:41:21,23.300,1090.637,1081.237,1266.967,904.602,26.445,0.685
24.11.2021 22:41:22,23.400,1089.813,1081.298,1267.425,903.289,26.584,0.621
24.11.2021 22:41:23,23.501,1088.958,1079.528,1266.387,901.611,26.664,0.689
24.11.2021 22:41:24,23.601,1088.836,1079.009,1266.326,899.932,26.804,0.718
24.11.2021 22:41:25,23.697,1088.562,1079.986,1267.425,899.230,26.931,0.626
24.11.2021 22:41:26,23.792,1090.026,1080.963,1268.707,899.047,27.024,0.661
24.11.2021 22:41:27,23.895,1088.653,1079.406,1268.035,897.033,27.156,0.675
24.11.2021 22:41:28,23.996,1087.493,1077.728,1266.448,895.355,27.204,0.714
24.11.2021 22:41:29,24.096,1086.547,1077.636,1266.876,893.524,27.387,0.652
24.11.2021 22:41:30,24.197,1087.493,1078.003,1267.028,892.761,27.462,0.694
24.11.2021 22:41:31,24.297,1089.111,1078.491,1268.524,892.578,27.568,0.776
24.11.2021 22:41:32,24.398,1087.158,1077.667,1267.578,890.167,27.719,0.694
24.11.2021 22:41:33,24.498,1087.097,1077.362,1267.059,888.671,27.817,0.712
24.11.2021 22:41:34,24.601,1085.632,1076.507,1266.479,886.138,28.001,0.668
24.11.2021 22:41:35,24.694,1086.151,1076.446,1266.387,885.558,28.045,0.711
24.11.2021 22:41:36,24.800,1085.479,1075.744,1267.089,884.735,28.159,0.713
24.11.2021 22:41:37,24.900,1086.151,1075.988,1267.578,883.666,28.282,0.744
24.11.2021 22:41:38,24.996,1085.113,1075.256,1267.242,882.385,28.373,0.723
24.11.2021 22:41:39,25.096,1084.533,1075.225,1265.991,880.096,28.496,0.683
24.11.2021 22:41:40,25.199,1085.357,1075.012,1265.747,879.486,28.534,0.758
24.11.2021 22:41:41,25.297,1084.533,1074.310,1266.143,878.845,28.614,0.750
24.11.2021 22:41:42,25.400,1084.655,1074.951,1267.150,878.295,28.723,0.712
24.11.2021 22:41:43,25.501,1083.465,1074.188,1265.777,876.312,28.813,0.681
24.11.2021 22:41:44,25.601,1083.709,1074.127,1266.326,875.549,28.913,0.703
24.11.2021 22:41:45,25.699,1084.197,1074.096,1266.601,874.298,29.039,0.741
24.11.2021 22:41:46,25.800,1083.709,1073.760,1266.510,873.260,29.125,0.730
24.11.2021 22:41:47,25.898,1082.855,1072.662,1265.563,872.741,29.113,0.749
24.11.2021 22:41:48,25.996,1081.115,1071.777,1264.740,871.368,29.184,0.687
24.11.2021 22:41:49,26.099,1081.390,1071.349,1264.343,870.483,29.238,0.739
24.11.2021 22:41:50,26.199,1081.115,1070.800,1264.068,869.018,29.350,0.759
24.11.2021 22:41:52,26.300,1080.505,1070.983,1263.519,867.492,29.451,0.701
24.11.2021 22:41:53,26.398,1080.657,1070.648,1263.275,866.699,29.506,0.737
24.11.2021 22:41:55,26.493,1080.596,1070.617,1264.098,867.065,29.524,0.735
24.11.2021 22:41:57,26.599,1080.963,1071.502,1264.770,866.241,29.637,0.696
24.11.2021 22:41:58,26.694,1080.322,1070.739,1264.251,865.203,29.697,0.705
24.11.2021 22:41:59,26.792,1080.474,1070.404,1264.343,863.708,29.835,0.742
24.11.2021 22:42:00,26.890,1080.017,1069.732,1264.099,863.311,29.856,0.758
24.11.2021 22:42:01,26.993,1078.491,1068.695,1262.908,861.968,29.903,0.723
24.11.2021 22:42:02,27.094,1078.186,1068.145,1262.786,861.297,29.955,0.741
24.11.2021 22:42:03,27.189,1077.972,1068.145,1263.549,860.382,30.082,0.725
24.11.2021 22:42:04,27.290,1077.697,1067.535,1263.519,859.069,30.197,0.750
24.11.2021 22:42:05,27.395,1077.056,1067.504,1263.854,858.306,30.285,0.705
24.11.2021 22:42:06,27.491,1076.538,1066.772,1263.244,856.903,30.373,0.722
24.11.2021 22:42:07,27.596,1075.805,1066.314,1264.312,856.903,30.438,0.702
24.11.2021 22:42:08,27.694,1075.164,1065.917,1263.854,855.529,30.532,0.684
24.11.2021 22:42:09,27.790,1075.500,1064.514,1263.977,854.431,30.638,0.813
24.11.2021 22:42:10,27.900,1075.286,1065.063,1264.557,853.515,30.754,0.756
24.11.2021 22:42:11,27.998,1076.324,1065.185,1265.411,853.210,30.833,0.824
24.11.2021 22:42:12,28.099,1075.012,1064.636,1264.434,851.104,30.963,0.768
24.11.2021 22:42:13,28.194,1074.859,1064.422,1264.190,850.250,31.025,0.773
24.11.2021 22:42:14,28.300,1073.883,1063.873,1264.984,849.365,31.152,0.742
24.11.2021 22:42:15,28.395,1074.066,1063.781,1266.754,848.236,31.360,0.762
24.11.2021 22:42:16,28.496,1074.737,1064.025,1267.089,847.595,31.437,0.793
24.11.2021 22:42:17,28.601,1072.875,1063.140,1266.174,846.069,31.519,0.722
24.11.2021 22:42:18,28.697,1072.204,1062.377,1265.991,844.940,31.610,0.729
24.11.2021 22:42:19,28.795,1073.211,1062.591,1266.113,843.536,31.744,0.788
24.11.2021 22:42:20,28.900,1072.112,1061.309,1266.479,842.681,31.843,0.802
24.11.2021 22:42:21,28.998,1071.380,1061.096,1266.540,841.796,31.926,0.764
24.11.2021 22:42:22,29.104,1071.411,1061.126,1266.113,840.850,31.986,0.764
24.11.2021 22:42:23,29.194,1070.983,1060.363,1267.150,839.507,32.170,0.789
24.11.2021 22:42:24,29.290,1070.556,1059.417,1266.265,838.470,32.211,0.828
24.11.2021 22:42:25,29.395,1070.220,1059.570,1265.899,837.280,32.297,0.792
24.11.2021 22:42:26,29.498,1069.335,1058.319,1265.319,835.937,32.384,0.820
24.11.2021 22:42:27,29.594,1068.328,1057.952,1265.533,834.625,32.516,0.773
24.11.2021 22:42:28,29.694,1067.871,1056.976,1265.014,833.892,32.551,0.812
24.11.2021 22:42:29,29.790,1069.183,1058.349,1266.845,834.014,32.650,0.806
24.11.2021 22:42:30,29.890,1067.718,1057.922,1266.021,832.458,32.742,0.730
24.11.2021 22:42:31,29.991,1067.871,1057.098,1266.509,831.481,32.861,0.803
24.11.2021 22:42:32,30.091,1066.650,1055.786,1264.923,829.559,32.941,0.811
24.11.2021 22:42:33,30.187,1066.894,1056.030,1265.045,829.498,32.954,0.811
24.11.2021 22:42:34,30.300,1065.002,1054.901,1265.289,828.155,33.092,0.755
24.11.2021 22:42:35,30.388,1065.399,1054.504,1264.129,826.629,33.162,0.814
24.11.2021 22:42:36,30.493,1065.399,1055.267,1264.984,826.446,33.230,0.757
24.11.2021 22:42:37,30.591,1066.101,1054.962,1264.709,825.714,33.280,0.832
24.11.2021 22:42:38,30.702,1063.079,1052.642,1261.749,822.937,33.358,0.781
24.11.2021 22:42:39,30.792,1064.056,1052.429,1262.298,822.021,33.475,0.870
24.11.2021 22:42:40,30.893,1061.645,1051.544,1261.962,821.258,33.526,0.757
24.11.2021 22:42:41,31.001,1061.584,1050.567,1260.131,819.000,33.624,0.826
24.11.2021 22:42:42,31.089,1061.340,1050.292,1261.230,818.878,33.701,0.829
24.11.2021 22:42:44,31.194,1061.431,1050.628,1260.314,817.962,33.731,0.810
24.11.2021 22:42:47,31.292,1060.089,1048.614,1258.056,816.284,33.751,0.862
24.11.2021 22:42:49,31.403,1059.783,1048.339,1258.270,815.063,33.877,0.860
24.11.2021 22:42:51,31.498,1058.441,1047.485,1256.530,813.171,33.948,0.824
24.11.2021 22:42:53,31.601,1059.143,1046.935,1256.011,814.025,33.837,0.918
24.11.2021 22:42:57,31.697,1058.166,1046.997,1256.317,812.011,34.043,0.840
24.11.2021 22:42:59,31.795,1057.067,1044.525,1254.058,810.272,34.069,0.945
24.11.2021 22:43:01,31.903,1056.091,1043.823,1253.387,809.448,34.105,0.925
24.11.2021 22:43:02,32.003,1056.549,1044.097,1253.997,808.380,34.242,0.939
24.11.2021 22:43:04,32.104,1056.335,1044.860,1253.174,808.380,34.192,0.865
24.11.2021 22:43:05,32.187,1055.633,1043.090,1252.746,807.373,34.261,0.947
24.11.2021 22:43:06,32.287,1054.138,1041.564,1250.182,805.206,34.309,0.950
24.11.2021 22:43:07,32.388,1052.917,1040.496,1249.389,804.718,34.307,0.940
24.11.2021 22:43:08,32.488,1052.123,1039.856,1248.992,802.490,34.492,0.929
24.11.2021 22:43:09,32.589,1052.032,1039.459,1248.229,802.581,34.437,0.952
24.11.2021 22:43:10,32.687,1050.415,1038.208,1245.910,800.567,34.487,0.926
24.11.2021 22:43:11,32.787,1051.360,1038.482,1247.131,800.537,34.564,0.976
24.11.2021 22:43:12,32.888,1049.713,1037.322,1244.628,799.316,34.527,0.940
24.11.2021 22:43:13,32.991,1048.736,1035.400,1244.110,798.278,34.594,1.014
24.11.2021 22:43:14,33.089,1047.454,1035.308,1242.950,796.569,34.685,0.924
24.11.2021 22:43:15,33.187,1047.485,1035.369,1243.225,796.447,34.713,0.921
24.11.2021 22:43:16,33.287,1048.217,1035.491,1243.774,795.837,34.804,0.967
24.11.2021 22:43:17,33.388,1045.959,1032.928,1241.333,794.311,34.801,0.993
24.11.2021 22:43:18,33.488,1045.867,1033.111,1241.455,793.121,34.921,0.972
24.11.2021 22:43:19,33.589,1045.684,1031.768,1239.868,791.931,34.938,1.061
24.11.2021 22:43:20,33.687,1043.304,1030.395,1238.281,790.802,34.949,0.986
24.11.2021 22:43:21,33.790,1043.182,1029.876,1238.403,790.252,35.009,1.017
24.11.2021 22:43:22,33.888,1043.090,1029.663,1239.135,789.611,35.115,1.026
24.11.2021 22:43:23,33.988,1042.205,1029.174,1238.311,788.787,35.143,0.996
24.11.2021 22:43:24,34.094,1042.266,1028.808,1238.403,787.506,35.271,1.029
24.11.2021 22:43:25,34.194,1041.351,1027.557,1236.175,785.797,35.299,1.056
24.11.2021 22:43:26,34.292,1040.527,1027.465,1237.152,785.339,35.403,1.000
24.11.2021 22:43:27,34.388,1038.360,1025.054,1234.130,783.355,35.409,1.021
24.11.2021 22:43:28,34.493,1039.032,1025.695,1235.809,782.897,35.555,1.023
24.11.2021 22:43:29,34.594,1038.208,1025.573,1234.558,782.135,35.552,0.970
24.11.2021 22:43:30,34.692,1037.017,1023.284,1233.947,780.639,35.659,1.056
24.11.2021 22:43:31,34.787,1035.919,1022.735,1232.177,778.381,35.769,1.014
24.11.2021 22:43:32,34.888,1035.217,1021.484,1232.269,777.618,35.848,1.058
24.11.2021 22:43:33,34.988,1032.989,1020.568,1230.316,775.848,35.901,0.958
24.11.2021 22:43:34,35.089,1032.989,1020.324,1231.018,775.238,36.003,0.977
24.11.2021 22:43:35,35.187,1031.982,1019.103,1229.187,773.803,36.030,0.995
24.11.2021 22:43:36,35.290,1031.219,1018.341,1229.248,771.972,36.212,0.995
24.11.2021 22:43:37,35.388,1030.395,1017.547,1227.752,771.423,36.174,0.994
24.11.2021 22:43:38,35.488,1029.785,1016.357,1227.874,769.287,36.389,1.040
24.11.2021 22:43:39,35.594,1028.625,1015.991,1226.196,768.432,36.370,0.979
24.11.2021 22:43:40,35.687,1027.709,1014.343,1225.494,766.662,36.500,1.037
24.11.2021 22:43:41,35.787,1025.085,1012.267,1223.907,764.617,36.603,0.997
24.11.2021 22:43:42,35.890,1025.390,1012.542,1224.334,763.549,36.734,0.999
24.11.2021 22:43:43,35.993,1024.810,1011.596,1223.968,762.390,36.826,1.028
24.11.2021 22:43:44,36.091,1024.170,1011.413,1222.839,761.199,36.874,0.993
24.11.2021 22:43:45,36.187,1022.125,1008.636,1221.069,760.040,36.879,1.052
24.11.2021 22:43:46,36.287,1021.392,1007.385,1219.879,757.751,37.032,1.094
24.11.2021 22:43:47,36.388,1019.165,1006.103,1218.231,755.645,37.140,1.022
24.11.2021 22:43:49,36.501,1020.385,1005.920,1218.475,755.584,37.161,1.131
24.11.2021 22:43:50,36.591,1019.287,1006.469,1218.139,754.089,37.288,1.002
24.11.2021 22:43:52,36.694,1017.578,1004.119,1215.728,752.227,37.325,1.054
24.11.2021 22:43:53,36.787,1017.211,1003.296,1215.393,751.464,37.380,1.091
24.11.2021 22:43:54,36.890,1015.991,1002.319,1214.324,750.213,37.439,1.073
24.11.2021 22:43:55,36.996,1014.251,1000.824,1212.615,748.443,37.511,1.056
24.11.2021 22:43:56,37.089,1013.885,1000.061,1211.395,746.551,37.625,1.087
24.11.2021 22:43:57,37.189,1013.427,999.053,1210.723,745.117,37.727,1.131
24.11.2021 22:43:58,37.287,1011.962,998.687,1208.984,744.262,37.705,1.046
24.11.2021 22:43:59,37.390,1009.429,995.605,1206.695,742.462,37.745,1.092
24.11.2021 22:44:00,37.488,1008.239,993.713,1204.712,740.112,37.859,1.149
24.11.2021 22:44:01,37.591,1007.263,993.224,1204.010,739.166,37.911,1.112
24.11.2021 22:44:02,37.689,1006.805,992.553,1203.308,738.098,37.975,1.129
24.11.2021 22:44:03,37.790,1006.103,991.882,1201.690,736.785,38.007,1.128
24.11.2021 22:44:04,37.888,1004.363,990.386,1199.035,734.893,38.034,1.110
24.11.2021 22:44:05,37.993,1003.692,989.227,1198.547,733.337,38.162,1.150
24.11.2021 22:44:06,38.096,1002.197,988.403,1197.265,732.421,38.176,1.098
24.11.2021 22:44:07,38.192,1001.617,987.426,1197.662,731.872,38.256,1.130
24.11.2021 22:44:08,38.287,1001.007,987.304,1195.007,729.949,38.287,1.092
24.11.2021 22:44:09,38.388,999.053,984.253,1192.809,728.576,38.290,1.182
24.11.2021 22:44:10,38.491,998.321,984.527,1192.443,726.959,38.433,1.102
24.11.2021 22:44:11,38.591,996.856,982.604,1190.185,725.463,38.445,1.141
24.11.2021 22:44:12,38.692,995.910,981.231,1189.269,724.822,38.454,1.176
24.11.2021 22:44:13,38.790,994.323,980.590,1188.781,724.029,38.505,1.101
24.11.2021 22:44:14,38.890,993.682,978.973,1186.553,722.106,38.563,1.181
24.11.2021 22:44:15,38.991,992.736,978.149,1186.492,720.794,38.695,1.172
24.11.2021 22:44:16,39.091,992.065,977.600,1184.417,719.757,38.672,1.163
24.11.2021 22:44:17,39.187,992.126,976.165,1184.448,718.597,38.794,1.285
24.11.2021 22:44:18,39.292,990.600,976.287,1182.403,717.376,38.792,1.153
24.11.2021 22:44:19,39.388,988.922,973.144,1181.518,715.972,38.882,1.274
24.11.2021 22:44:20,39.488,986.877,972.992,1179.046,714.019,38.929,1.122
24.11.2021 22:44:21,39.589,986.572,972.259,1178.955,713.409,38.987,1.157
24.11.2021 22:44:22,39.687,986.450,971.984,1179.077,712.646,39.075,1.170
24.11.2021 22:44:23,39.787,984.252,970.306,1176.483,710.662,39.118,1.130
24.11.2021 22:44:24,39.893,982.849,968.505,1175.201,709.106,39.200,1.164
24.11.2021 22:44:25,39.993,982.055,968.048,1173.919,708.251,39.209,1.138
24.11.2021 22:44:26,40.089,980.255,966.216,1173.034,706.756,39.310,1.142
24.11.2021 22:44:27,40.187,978.942,964.904,1171.020,705.047,39.362,1.144
24.11.2021 22:44:28,40.297,978.546,964.691,1171.081,704.223,39.453,1.129
24.11.2021 22:44:29,40.390,977.661,963.836,1171.112,702.270,39.661,1.128
24.11.2021 22:44:30,40.491,976.318,962.738,1169.311,700.897,39.692,1.109
24.11.2021 22:44:31,40.591,975.036,960.449,1168.640,698.974,39.854,1.194
24.11.2021 22:44:32,40.689,973.235,959.198,1166.534,697.845,39.840,1.151
24.11.2021 22:44:33,40.792,972.259,958.099,1166.259,696.319,39.985,1.162
24.11.2021 22:44:34,40.888,971.313,956.878,1165.222,695.648,39.990,1.186
24.11.2021 22:44:35,40.996,970.581,956.787,1165.832,694.793,40.120,1.134
24.11.2021 22:44:36,41.094,970.214,955.963,1165.496,693.695,40.216,1.172
24.11.2021 22:44:37,41.187,968.200,953.765,1162.445,690.917,40.319,1.190
24.11.2021 22:44:38,41.295,966.278,951.965,1161.285,689.056,40.445,1.182
24.11.2021 22:44:39,41.393,965.301,951.354,1161.224,688.293,40.523,1.153
24.11.2021 22:44:41,41.498,964.752,950.378,1160.522,686.950,40.623,1.189
24.11.2021 22:44:43,41.599,963.195,948.974,1159.515,685.302,40.737,1.178
24.11.2021 22:44:44,41.692,962.585,948.120,1158.447,683.105,40.906,1.199
24.11.2021 22:44:46,41.802,955.810,941.741,1151.977,678.680,40.972,1.174
24.11.2021 22:44:49,41.895,950.042,935.851,1145.751,673.706,41.116,1.192
24.11.2021 22:44:51,42.003,949.645,935.760,1145.874,672.576,41.248,1.167
24.11.2021 22:44:52,42.101,950.042,935.699,1145.996,672.210,41.296,1.205
24.11.2021 22:44:54,42.202,948.425,934.295,1144.958,670.867,41.376,1.189
24.11.2021 22:44:55,42.300,946.655,932.433,1143.157,669.250,41.438,1.199
24.11.2021 22:44:56,42.400,946.227,932.159,1143.493,667.785,41.622,1.186
24.11.2021 22:44:57,42.488,945.617,931.610,1142.791,666.748,41.691,1.182
24.11.2021 22:44:58,42.591,943.267,928.405,1139.404,664.154,41.760,1.258
24.11.2021 22:44:59,42.687,942.047,927.520,1138.946,662.841,41.876,1.231
24.11.2021 22:45:00,42.787,940.155,926.452,1137.939,661.193,41.994,1.163
24.11.2021 22:45:01,42.890,940.429,925.445,1138.000,660.827,42.039,1.272
24.11.2021 22:45:02,42.993,938.751,924.530,1136.535,658.935,42.155,1.209
24.11.2021 22:45:03,43.094,937.805,923.706,1136.169,658.142,42.220,1.200
24.11.2021 22:45:04,43.187,936.736,922.302,1134.552,656.127,42.341,1.230
24.11.2021 22:45:05,43.295,935.668,920.837,1132.751,654.296,42.430,1.266
24.11.2021 22:45:06,43.395,933.410,918.548,1130.889,653.045,42.450,1.271
24.11.2021 22:45:07,43.493,931.609,918.060,1130.340,651.977,42.534,1.160
24.11.2021 22:45:08,43.594,930.847,916.320,1128.723,650.909,42.549,1.246
24.11.2021 22:45:09,43.687,928.619,915.435,1127.532,648.895,42.700,1.132
24.11.2021 22:45:10,43.792,927.948,913.452,1125.060,647.552,42.691,1.247
24.11.2021 22:45:11,43.895,926.513,912.475,1124.053,645.935,42.809,1.209
24.11.2021 22:45:12,43.996,925.598,910.736,1122.405,644.714,42.840,1.282
24.11.2021 22:45:13,44.091,923.370,909.423,1121.338,643.859,42.867,1.205
24.11.2021 22:45:14,44.194,923.339,908.508,1120.117,642.944,42.892,1.283
24.11.2021 22:45:15,44.292,922.271,907.440,1119.811,641.906,42.990,1.284
24.11.2021 22:45:16,44.395,921.142,906.189,1117.706,640.380,43.027,1.296
24.11.2021 22:45:17,44.496,920.410,905.151,1118.072,640.289,43.061,1.324
24.11.2021 22:45:18,44.596,918.579,903.045,1114.593,637.664,43.134,1.351
24.11.2021 22:45:19,44.694,916.809,900.512,1112.243,636.657,43.095,1.421
24.11.2021 22:45:20,44.795,915.801,901.123,1112.274,636.413,43.125,1.280
24.11.2021 22:45:21,44.898,914.428,898.773,1110.260,634.460,43.218,1.368
24.11.2021 22:45:22,44.996,912.872,897.735,1108.520,633.331,43.234,1.324
24.11.2021 22:45:23,45.094,911.682,895.965,1108.184,631.988,43.367,1.377
24.11.2021 22:45:24,45.194,911.010,895.965,1106.323,631.011,43.357,1.319
24.11.2021 22:45:25,45.295,908.660,893.249,1104.461,629.547,43.404,1.355
24.11.2021 22:45:26,45.395,907.440,891.967,1102.386,628.601,43.376,1.362
24.11.2021 22:45:27,45.496,905.761,891.021,1101.318,627.624,43.419,1.300
24.11.2021 22:45:28,45.596,905.090,890.289,1100.585,626.495,43.502,1.306
24.11.2021 22:45:29,45.697,903.320,887.847,1098.114,624.938,43.520,1.368
24.11.2021 22:45:30,45.795,902.038,886.352,1097.137,623.535,43.620,1.390
24.11.2021 22:45:31,45.888,900.573,885.589,1095.336,622.924,43.571,1.329
24.11.2021 22:45:32,45.988,898.406,882.598,1093.750,621.093,43.680,1.406
24.11.2021 22:45:33,46.096,896.942,882.293,1091.918,620.483,43.630,1.304
24.11.2021 22:45:34,46.194,895.874,880.462,1091.094,619.476,43.693,1.374
24.11.2021 22:45:35,46.295,894.622,878.570,1090.148,617.950,43.810,1.434
24.11.2021 22:45:36,46.395,893.432,878.051,1088.348,617.156,43.783,1.375
24.11.2021 22:45:37,46.496,891.082,875.762,1086.242,614.929,43.906,1.374
24.11.2021 22:45:38,46.594,890.075,874.267,1084.625,614.044,43.903,1.419
24.11.2021 22:45:39,46.689,888.214,872.528,1083.679,612.457,44.028,1.411
24.11.2021 22:45:40,46.792,886.901,871.612,1082.366,611.694,44.031,1.377
24.11.2021 22:45:41,46.895,886.138,870.757,1081.848,611.328,44.039,1.387
24.11.2021 22:45:43,47.003,884.368,868.621,1079.406,609.436,44.101,1.423
24.11.2021 22:45:44,47.091,882.995,867.706,1078.338,608.703,44.116,1.384
24.11.2021 22:45:46,47.199,880.615,865.081,1076.568,607.177,44.180,1.410
24.11.2021 22:45:47,47.292,879.058,863.799,1075.073,605.926,44.229,1.387
24.11.2021 22:45:48,47.400,876.770,861.846,1073.242,604.492,44.278,1.360
24.11.2021 22:45:49,47.493,876.556,860.534,1072.387,603.607,44.326,1.461
24.11.2021 22:45:50,47.594,874.420,859.405,1070.617,602.264,44.368,1.372
24.11.2021 22:45:51,47.692,872.589,857.086,1067.657,600.219,44.415,1.420
24.11.2021 22:45:52,47.792,870.330,855.041,1066.284,599.243,44.439,1.404
24.11.2021 22:45:53,47.895,868.225,853.912,1065.155,598.663,44.433,1.317
24.11.2021 22:45:54,47.991,866.577,851.806,1063.476,596.527,44.579,1.362
24.11.2021 22:45:55,48.094,865.020,849.670,1061.096,595.550,44.535,1.418
24.11.2021 22:45:56,48.192,863.861,848.327,1059.997,594.482,44.590,1.437
24.11.2021 22:45:57,48.295,861.511,846.374,1057.678,592.254,44.704,1.404
24.11.2021 22:45:58,48.393,859.985,844.512,1054.809,591.186,44.638,1.438
24.11.2021 22:45:59,48.491,858.673,843.231,1054.656,590.484,44.714,1.437
24.11.2021 22:46:00,48.594,855.651,841.247,1052.551,589.080,44.742,1.345
24.11.2021 22:46:01,48.692,854.950,839.416,1050.842,587.554,44.812,1.452
24.11.2021 22:46:02,48.795,853.424,838.409,1049.774,586.639,44.852,1.406
24.11.2021 22:46:03,48.888,851.898,836.578,1047.729,585.205,44.888,1.437
24.11.2021 22:46:04,48.988,850.402,834.320,1045.867,583.831,44.930,1.512
24.11.2021 22:46:05,49.094,847.930,832.641,1043.182,582.550,44.903,1.441
24.11.2021 22:46:06,49.192,847.076,830.841,1042.053,581.298,44.980,1.533
24.11.2021 22:46:07,49.290,844.360,829.772,1040.191,580.291,44.976,1.380
24.11.2021 22:46:08,49.390,843.383,828.308,1037.628,579.284,44.923,1.429
24.11.2021 22:46:09,49.493,841.064,826.446,1036.285,577.911,45.002,1.389
24.11.2021 22:46:10,49.594,840.301,825.500,1034.911,576.568,45.075,1.408
24.11.2021 22:46:11,49.692,837.585,821.899,1031.372,574.371,45.103,1.497
24.11.2021 22:46:12,49.792,835.754,821.411,1030.212,574.035,45.064,1.371
24.11.2021 22:46:13,49.895,834.472,819.061,1028.686,572.906,45.099,1.477
24.11.2021 22:46:14,49.996,832.397,817.932,1026.306,571.838,45.066,1.389
24.11.2021 22:46:15,50.094,831.726,815.887,1024.932,571.258,45.043,1.523
24.11.2021 22:46:16,50.192,830.078,814.971,1023.498,570.587,45.026,1.455
24.11.2021 22:46:17,50.290,827.850,813.507,1021.453,568.695,45.123,1.384
24.11.2021 22:46:18,50.393,825.805,811.309,1018.463,567.443,45.070,1.403
24.11.2021 22:46:19,50.488,824.432,809.783,1017.639,567.138,45.050,1.420
24.11.2021 22:46:20,50.594,822.143,807.403,1014.465,565.643,45.015,1.433
24.11.2021 22:46:21,50.694,820.648,806.365,1013.427,564.819,45.046,1.391
24.11.2021 22:46:22,50.795,818.847,804.290,1010.223,563.629,44.969,1.421
24.11.2021 22:46:23,50.890,817.504,801.818,1008.453,562.042,45.047,1.535
24.11.2021 22:46:24,50.991,815.490,800.415,1005.645,561.096,44.966,1.478
24.11.2021 22:46:25,51.091,813.659,797.851,1003.753,559.997,44.972,1.554
24.11.2021 22:46:26,51.194,811.035,796.417,1001.098,558.349,44.994,1.441
24.11.2021 22:46:27,51.292,809.936,795.593,999.817,557.922,44.956,1.415
24.11.2021 22:46:28,51.390,808.837,794.067,997.833,556.732,44.967,1.460
24.11.2021 22:46:29,51.496,807.403,792.388,995.361,555.603,44.934,1.487
24.11.2021 22:46:30,51.591,805.267,790.283,994.018,554.199,45.020,1.488
24.11.2021 22:46:33,51.699,803.833,788.940,992.126,553.558,44.966,1.481
24.11.2021 22:46:36,51.802,801.605,787.322,990.600,552.429,45.002,1.424
24.11.2021 22:46:37,51.888,801.086,785.888,989.105,551.910,44.961,1.517
24.11.2021 22:46:39,52.003,797.241,783.020,984.741,549.652,44.937,1.426
24.11.2021 22:46:42,52.101,797.210,782.928,984.802,549.957,44.901,1.432
24.11.2021 22:46:44,52.197,795.318,781.188,982.543,548.583,44.916,1.420
24.11.2021 22:46:45,52.302,793.182,779.541,980.071,546.752,44.976,1.374
24.11.2021 22:46:46,52.393,791.870,777.526,978.027,546.112,44.910,1.448
24.11.2021 22:46:47,52.496,789.428,775.207,976.165,544.616,44.971,1.440
24.11.2021 22:46:48,52.604,786.926,773.712,974.365,543.701,44.959,1.341
24.11.2021 22:46:49,52.687,787.261,772.674,973.266,542.724,45.007,1.481
24.11.2021 22:46:50,52.795,785.461,771.453,971.771,542.083,44.982,1.425
24.11.2021 22:46:51,52.888,783.996,769.958,970.123,541.290,44.965,1.431
24.11.2021 22:46:52,52.991,782.592,768.127,967.925,539.672,45.017,1.478
24.11.2021 22:46:53,53.091,780.517,766.235,966.400,538.696,45.034,1.463
24.11.2021 22:46:54,53.189,777.984,764.862,964.080,537.384,45.037,1.347
24.11.2021 22:46:55,53.290,777.526,763.305,962.616,536.254,45.080,1.462
24.11.2021 22:46:56,53.388,775.604,761.474,960.113,535.247,45.027,1.456
24.11.2021 22:46:57,53.491,774.047,760.070,958.923,534.057,45.099,1.443
24.11.2021 22:46:58,53.591,772.186,758.239,956.298,532.592,45.099,1.444
24.11.2021 22:46:59,53.687,770.721,757.019,954.101,531.280,45.111,1.421
24.11.2021 22:47:00,53.790,767.669,753.753,951.507,529.785,45.118,1.449
24.11.2021 22:47:01,53.890,766.265,752.624,950.042,528.961,45.119,1.423
24.11.2021 22:47:02,53.988,765.014,750.976,948.150,527.465,45.180,1.467
24.11.2021 22:47:03,54.091,764.221,750.762,947.051,527.038,45.155,1.407
24.11.2021 22:47:04,54.189,762.695,748.779,945.342,525.634,45.218,1.459
24.11.2021 22:47:05,54.292,760.192,746.917,942.809,523.559,45.310,1.395
24.11.2021 22:47:06,54.390,759.216,744.995,940.734,522.613,45.281,1.498
24.11.2021 22:47:07,54.491,756.835,743.103,939.422,521.423,45.346,1.450
24.11.2021 22:47:08,54.594,756.225,742.797,937.530,520.690,45.301,1.419
24.11.2021 22:47:09,54.692,754.730,741.363,936.584,519.256,45.429,1.415
24.11.2021 22:47:10,54.792,753.417,739.593,933.899,517.608,45.451,1.467
24.11.2021 22:47:11,54.895,752.014,738.555,932.220,516.418,45.488,1.430
24.11.2021 22:47:12,54.988,749.145,735.717,928.955,513.824,45.599,1.433
24.11.2021 22:47:13,55.094,747.375,733.978,927.795,513.122,45.607,1.433
24.11.2021 22:47:14,55.192,747.070,733.337,926.727,511.718,45.722,1.470
24.11.2021 22:47:15,55.287,745.086,731.750,924.469,510.589,45.706,1.431
24.11.2021 22:47:16,55.390,744.110,729.919,922.882,509.307,45.763,1.525
24.11.2021 22:47:17,55.488,742.187,729.003,920.990,508.178,45.776,1.420
24.11.2021 22:47:18,55.589,741.058,727.172,918.884,506.469,45.854,1.498
24.11.2021 22:47:19,55.687,738.769,724.975,916.625,505.279,45.846,1.493
24.11.2021 22:47:20,55.787,737.762,723.541,914.825,504.180,45.861,1.542
24.11.2021 22:47:21,55.888,735.839,722.320,912.811,502.746,45.908,1.469
24.11.2021 22:47:22,55.991,734.100,720.397,910.491,501.190,45.949,1.492
24.11.2021 22:47:23,56.091,732.421,718.933,908.416,499.542,46.022,1.472
24.11.2021 22:47:24,56.189,731.353,717.346,906.616,498.382,46.047,1.532
24.11.2021 22:47:25,56.297,729.705,715.423,904.052,496.673,46.090,1.566
24.11.2021 22:47:26,56.390,727.844,714.172,901.580,495.635,46.044,1.502
24.11.2021 22:47:27,56.488,726.226,712.127,899.230,494.262,46.056,1.553
24.11.2021 22:47:28,56.596,723.846,710.754,896.850,492.828,46.074,1.446
24.11.2021 22:47:29,56.689,723.114,708.831,895.172,491.760,46.096,1.580
24.11.2021 22:47:30,56.790,721.710,707.824,892.761,490.661,46.062,1.539
24.11.2021 22:47:31,56.893,720.367,706.542,890.960,489.166,46.137,1.535
24.11.2021 22:47:33,57.001,717.864,704.772,887.970,487.792,46.097,1.458
24.11.2021 22:47:34,57.089,716.949,703.765,885.986,486.358,46.149,1.470
24.11.2021 22:47:35,57.187,715.332,701.751,882.751,485.168,46.061,1.518
24.11.2021 22:47:37,57.302,713.928,700.531,881.500,484.252,46.095,1.501
24.11.2021 22:47:38,57.388,712.677,698.822,879.516,482.513,46.193,1.555
24.11.2021 22:47:39,57.501,710.083,696.777,876.739,480.529,46.262,1.498
24.11.2021 22:47:40,57.591,708.312,695.159,874.237,479.583,46.198,1.485
24.11.2021 22:47:41,57.689,707.122,693.176,872.192,477.905,46.282,1.578
24.11.2021 22:47:42,57.790,705.200,691.925,869.873,476.654,46.279,1.505
24.11.2021 22:47:43,57.888,703.979,690.765,867.431,475.219,46.294,1.501
24.11.2021 22:47:44,57.991,703.186,689.392,866.027,474.182,46.335,1.569
24.11.2021 22:47:45,58.091,701.232,687.316,863.311,472.747,46.327,1.588
24.11.2021 22:47:46,58.189,699.218,685.333,860.870,471.649,46.290,1.589
24.11.2021 22:47:47,58.290,697.509,683.532,858.978,470.306,46.337,1.603
24.11.2021 22:47:48,58.390,695.434,682.556,855.957,468.353,46.384,1.481
24.11.2021 22:47:49,58.488,694.000,681.182,854.766,467.468,46.420,1.477
24.11.2021 22:47:50,58.591,692.199,678.497,850.921,465.332,46.425,1.584
24.11.2021 22:47:51,58.689,690.887,676.818,849.121,463.836,46.505,1.630
24.11.2021 22:47:52,58.790,689.086,675.018,846.588,462.615,46.479,1.634
24.11.2021 22:47:53,58.893,686.828,673.187,844.024,460.754,46.552,1.589
24.11.2021 22:47:54,58.993,685.028,671.936,840.911,459.381,46.500,1.529
24.11.2021 22:47:55,59.094,683.868,670.074,838.958,458.038,46.544,1.614
24.11.2021 22:47:56,59.189,682.037,668.548,837.005,457.092,46.525,1.582
24.11.2021 22:47:57,59.295,680.633,666.900,834.289,455.261,46.580,1.615
24.11.2021 22:47:58,59.393,678.314,664.825,831.481,453.308,46.647,1.591
24.11.2021 22:47:59,59.493,678.070,664.337,830.169,452.453,46.669,1.621
24.11.2021 22:48:00,59.594,674.926,661.193,826.690,450.378,46.698,1.628
24.11.2021 22:48:01,59.694,673.431,660.644,825.134,449.584,46.689,1.518
24.11.2021 22:48:02,59.790,672.241,658.721,822.814,448.150,46.717,1.609
24.11.2021 22:48:03,59.893,670.623,657.104,820.709,446.777,46.754,1.613
24.11.2021 22:48:04,59.993,669.281,655.731,818.725,445.129,46.846,1.620
