# Sensor: ADPD2140, Rotationstage: ELL18M
Datetime,Stage Angle,xL,xR,yL,yR,X,Y
24.11.2021 21:15:43,-59.997,641.204,637.115,383.636,704.528,-46.734,0.506
24.11.2021 21:15:44,-59.899,642.456,638.519,384.521,705.627,-46.680,0.487
24.11.2021 21:15:45,-59.796,644.317,640.411,385.864,708.251,-46.696,0.481
24.11.2021 21:15:46,-59.693,645.446,641.784,386.627,709.747,-46.706,0.450
24.11.2021 21:15:47,-59.595,646.850,643.493,387.756,711.517,-46.675,0.412
24.11.2021 21:15:48,-59.500,649.230,645.385,388.854,714.141,-46.737,0.470
24.11.2021 21:15:49,-59.399,650.909,647.125,390.747,715.484,-46.521,0.462
24.11.2021 21:15:50,-59.304,651.916,648.376,390.960,716.827,-46.618,0.431
24.11.2021 21:15:51,-59.201,653.625,649.139,392.578,718.902,-46.528,0.545
24.11.2021 21:15:52,-59.097,653.778,650.360,392.822,720.214,-46.615,0.415
24.11.2021 21:15:53,-59.000,654.998,651.214,393.859,722.290,-46.632,0.459
24.11.2021 21:15:54,-58.899,657.043,653.228,395.202,724.365,-46.594,0.461
24.11.2021 21:15:55,-58.804,658.782,654.815,396.453,726.531,-46.581,0.478
24.11.2021 21:15:56,-58.701,658.935,655.609,397.064,726.684,-46.485,0.401
24.11.2021 21:15:57,-58.605,659.942,655.914,397.613,729.187,-46.634,0.485
24.11.2021 21:15:58,-58.500,661.071,657.379,398.498,730.163,-46.570,0.443
24.11.2021 21:15:59,-58.391,662.536,658.843,399.963,732.299,-46.515,0.442
24.11.2021 21:16:00,-58.301,663.024,659.515,399.902,733.612,-46.656,0.420
24.11.2021 21:16:01,-58.203,664.276,661.407,401.153,734.802,-46.547,0.342
24.11.2021 21:16:02,-58.095,665.954,662.628,402.496,737.091,-46.530,0.396
24.11.2021 21:16:03,-57.994,667.358,663.818,403.167,737.976,-46.497,0.421
24.11.2021 21:16:04,-57.896,668.121,664.947,404.205,739.440,-46.454,0.377
24.11.2021 21:16:05,-57.799,669.921,666.107,404.876,740.997,-46.486,0.452
24.11.2021 21:16:06,-57.695,671.844,668.670,406.341,743.438,-46.463,0.375
24.11.2021 21:16:07,-57.600,673.614,670.532,407.531,745.208,-46.423,0.363
24.11.2021 21:16:08,-57.502,675.689,672.485,408.233,747.253,-46.497,0.376
24.11.2021 21:16:09,-57.394,677.581,674.438,409.698,748.321,-46.341,0.368
24.11.2021 21:16:10,-57.293,679.199,675.872,410.369,750.122,-46.397,0.389
24.11.2021 21:16:11,-57.198,681.152,677.459,411.560,751.617,-46.331,0.430
24.11.2021 21:16:12,-57.103,682.678,678.710,411.926,753.173,-46.416,0.461
24.11.2021 21:16:13,-57.007,683.837,681.396,412.811,755.126,-46.449,0.283
24.11.2021 21:16:14,-56.896,687.194,683.929,414.489,757.476,-46.380,0.377
24.11.2021 21:16:15,-56.799,688.079,684.814,414.794,758.178,-46.394,0.376
24.11.2021 21:16:16,-56.703,690.704,687.286,415.954,759.918,-46.357,0.393
24.11.2021 21:16:17,-56.603,692.443,688.812,416.656,761.199,-46.357,0.416
24.11.2021 21:16:18,-56.505,695.098,691.467,418.060,763.244,-46.308,0.415
24.11.2021 21:16:19,-56.402,697.662,694.335,419.342,765.472,-46.297,0.378
24.11.2021 21:16:20,-56.306,700.378,696.472,420.379,768.249,-46.381,0.443
24.11.2021 21:16:21,-56.206,702.911,698.547,421.325,769.348,-46.321,0.493
24.11.2021 21:16:23,-56.103,705.108,701.049,422.576,770.935,-46.256,0.457
24.11.2021 21:16:24,-55.997,707.855,704.223,423.767,772.766,-46.224,0.407
24.11.2021 21:16:25,-55.894,709.350,705.505,424.652,774.017,-46.190,0.430
24.11.2021 21:16:26,-55.806,710.632,706.726,424.652,775.482,-46.327,0.436
24.11.2021 21:16:28,-55.695,713.714,710.021,425.994,777.923,-46.326,0.411
24.11.2021 21:16:29,-55.608,716.796,711.853,427.124,779.541,-46.285,0.548
24.11.2021 21:16:30,-55.494,719.055,714.904,428.466,782.104,-46.295,0.458
24.11.2021 21:16:31,-55.399,722.412,717.864,429.840,784.271,-46.264,0.500
24.11.2021 21:16:32,-55.296,724.029,720.031,430.694,786.621,-46.336,0.438
24.11.2021 21:16:33,-55.195,725.982,721.527,431.213,787.353,-46.317,0.487
24.11.2021 21:16:34,-55.105,728.576,724.670,432.525,790.252,-46.363,0.425
24.11.2021 21:16:35,-55.000,731.140,726.562,433.471,791.961,-46.361,0.497
24.11.2021 21:16:36,-54.894,733.886,729.217,435.333,794.860,-46.315,0.505
24.11.2021 21:16:37,-54.793,736.083,731.262,435.821,796.264,-46.362,0.520
24.11.2021 21:16:38,-54.698,738.159,732.879,436.614,797.912,-46.380,0.568
24.11.2021 21:16:39,-54.595,740.295,735.137,437.927,800.262,-46.376,0.553
24.11.2021 21:16:40,-54.494,742.462,737.335,438.781,801.666,-46.361,0.549
24.11.2021 21:16:41,-54.404,743.927,738.830,439.697,803.771,-46.400,0.544
24.11.2021 21:16:42,-54.299,745.605,741.333,440.643,805.633,-46.412,0.455
24.11.2021 21:16:43,-54.198,748.779,743.438,442.413,808.532,-46.382,0.567
24.11.2021 21:16:44,-54.092,750.793,745.880,443.054,810.638,-46.466,0.520
24.11.2021 21:16:45,-53.994,752.990,746.978,444.549,812.561,-46.393,0.635
24.11.2021 21:16:46,-53.894,753.540,748.687,444.763,814.453,-46.527,0.511
24.11.2021 21:16:47,-53.809,755.218,749.633,445.770,816.040,-46.504,0.588
24.11.2021 21:16:48,-53.695,757.476,752.441,446.563,818.145,-46.562,0.528
24.11.2021 21:16:49,-53.595,759.307,754.058,448.394,820.556,-46.479,0.549
24.11.2021 21:16:50,-53.492,761.535,756.225,449.615,822.387,-46.443,0.554
24.11.2021 21:16:51,-53.394,762.451,757.049,449.462,823.394,-46.556,0.563
24.11.2021 21:16:52,-53.299,763.885,758.636,450.927,825.500,-46.506,0.546
24.11.2021 21:16:53,-53.195,766.296,761.322,453.063,828.887,-46.460,0.516
24.11.2021 21:16:54,-53.103,767.913,762.268,453.613,830.596,-46.521,0.584
24.11.2021 21:16:55,-52.994,770.172,764.831,454.864,833.801,-46.601,0.551
24.11.2021 21:16:56,-52.902,771.392,766.235,456.115,834.747,-46.484,0.531
24.11.2021 21:16:57,-52.804,773.468,767.669,456.726,836.547,-46.543,0.596
24.11.2021 21:16:58,-52.693,774.230,768.920,457.519,838.165,-46.557,0.545
24.11.2021 21:16:59,-52.595,776.306,771.392,459.350,840.576,-46.476,0.503
24.11.2021 21:17:00,-52.492,778.533,772.888,460.510,842.925,-46.496,0.576
24.11.2021 21:17:01,-52.391,779.541,773.498,461.212,843.353,-46.422,0.616
24.11.2021 21:17:02,-52.299,781.616,776.641,462.890,846.984,-46.470,0.505
24.11.2021 21:17:03,-52.208,782.623,777.191,463.592,847.625,-46.415,0.551
24.11.2021 21:17:04,-52.103,785.064,779.235,465.179,850.067,-46.376,0.590
24.11.2021 21:17:05,-52.007,787.048,781.768,466.400,852.996,-46.435,0.533
24.11.2021 21:17:06,-51.894,788.574,782.836,467.224,854.492,-46.434,0.578
24.11.2021 21:17:07,-51.806,789.764,784.759,468.292,856.292,-46.421,0.503
24.11.2021 21:17:08,-51.698,791.564,786.071,469.482,857.879,-46.372,0.551
24.11.2021 21:17:09,-51.605,793.487,788.330,470.947,860.046,-46.329,0.516
24.11.2021 21:17:10,-51.494,795.227,789.886,471.740,861.236,-46.307,0.533
24.11.2021 21:17:11,-51.402,796.875,791.381,472.839,862.853,-46.274,0.548
24.11.2021 21:17:12,-51.306,799.194,793.548,473.846,865.020,-46.302,0.561
24.11.2021 21:17:13,-51.195,800.598,795.715,475.891,867.309,-46.181,0.484
24.11.2021 21:17:14,-51.100,802.093,796.630,476.135,869.171,-46.300,0.541
24.11.2021 21:17:18,-50.992,804.443,798.248,477.478,870.300,-46.190,0.612
24.11.2021 21:17:22,-50.891,806.915,800.903,479.248,873.382,-46.178,0.592
24.11.2021 21:17:23,-50.796,808.044,802.612,480.102,875.000,-46.183,0.534
24.11.2021 21:17:26,-50.693,810.058,804.107,481.262,876.525,-46.134,0.584
24.11.2021 21:17:28,-50.592,812.744,806.915,483.612,879.791,-46.050,0.570
24.11.2021 21:17:29,-50.497,815.673,809.082,485.015,882.446,-46.059,0.642
24.11.2021 21:17:31,-50.391,817.169,810.394,485.656,883.392,-46.041,0.659
24.11.2021 21:17:32,-50.293,818.023,811.523,486.816,885.345,-46.028,0.632
24.11.2021 21:17:33,-50.201,819.580,813.476,487.548,886.413,-46.006,0.592
24.11.2021 21:17:34,-50.095,821.777,815.582,489.746,888.916,-45.884,0.599
24.11.2021 21:17:35,-50.000,823.272,817.352,490.692,891.601,-45.963,0.571
24.11.2021 21:17:36,-49.896,827.331,820.617,493.408,894.744,-45.818,0.645
24.11.2021 21:17:37,-49.799,827.758,821.655,492.858,895.751,-45.981,0.586
24.11.2021 21:17:38,-49.695,828.857,822.082,494.598,896.698,-45.802,0.650
24.11.2021 21:17:39,-49.597,829.895,823.791,495.391,899.383,-45.902,0.584
24.11.2021 21:17:40,-49.502,831.695,825.073,497.161,901.153,-45.786,0.633
24.11.2021 21:17:41,-49.391,834.045,827.789,499.084,904.388,-45.766,0.596
24.11.2021 21:17:42,-49.306,835.296,829.132,500.579,905.914,-45.671,0.586
24.11.2021 21:17:43,-49.198,837.066,830.810,502.288,908.477,-45.629,0.594
24.11.2021 21:17:44,-49.092,837.860,831.420,503.356,909.637,-45.567,0.611
24.11.2021 21:17:45,-48.997,838.928,832.458,504.302,912.017,-45.621,0.613
24.11.2021 21:17:46,-48.891,840.393,834.960,506.225,914.764,-45.563,0.513
24.11.2021 21:17:47,-48.793,842.071,835.723,507.110,917.541,-45.656,0.599
24.11.2021 21:17:48,-48.708,843.505,837.097,509.033,918.426,-45.451,0.604
24.11.2021 21:17:49,-48.592,844.482,838.897,510.040,921.447,-45.546,0.525
24.11.2021 21:17:50,-48.492,846.710,840.606,512.176,923.706,-45.420,0.573
24.11.2021 21:17:51,-48.396,845.642,839.599,511.932,924.102,-45.486,0.568
24.11.2021 21:17:52,-48.293,847.747,841.735,514.617,927.673,-45.386,0.563
24.11.2021 21:17:53,-48.201,848.602,842.559,515.167,929.229,-45.430,0.566
24.11.2021 21:17:54,-48.097,850.189,843.994,517.578,931.091,-45.236,0.579
24.11.2021 21:17:55,-48.000,851.348,845.092,518.707,934.539,-45.347,0.584
24.11.2021 21:17:56,-47.899,852.630,846.649,520.507,936.645,-45.258,0.557
24.11.2021 21:17:57,-47.793,853.393,847.717,521.301,938.110,-45.261,0.528
24.11.2021 21:17:58,-47.698,854.553,848.419,523.132,940.063,-45.157,0.570
24.11.2021 21:17:59,-47.595,855.957,849.731,525.115,943.176,-45.122,0.578
24.11.2021 21:18:00,-47.500,856.658,851.135,525.939,944.640,-45.121,0.512
24.11.2021 21:18:01,-47.399,857.025,851.379,527.374,946.288,-45.050,0.523
24.11.2021 21:18:02,-47.296,857.727,852.294,528.869,947.479,-44.935,0.503
24.11.2021 21:18:03,-47.201,858.856,853.942,529.724,949.188,-44.949,0.454
24.11.2021 21:18:04,-47.097,860.046,854.278,531.646,950.988,-44.823,0.533
24.11.2021 21:18:05,-46.997,860.321,854.858,532.623,953.857,-44.909,0.504
24.11.2021 21:18:06,-46.894,862.091,856.353,534.820,956.024,-44.774,0.529
24.11.2021 21:18:08,-46.804,862.182,856.536,535.339,957.031,-44.780,0.520
24.11.2021 21:18:09,-46.695,864.441,859.344,537.628,960.021,-44.696,0.468
24.11.2021 21:18:10,-46.597,863.708,858.490,538.696,960.235,-44.568,0.480
24.11.2021 21:18:11,-46.494,865.356,860.107,540.069,963.012,-44.593,0.482
24.11.2021 21:18:12,-46.404,865.051,859.497,540.985,963.470,-44.504,0.510
24.11.2021 21:18:13,-46.299,865.692,861.053,542.755,966.186,-44.471,0.425
24.11.2021 21:18:14,-46.198,866.271,861.083,543.914,967.071,-44.382,0.475
24.11.2021 21:18:15,-46.103,867.645,863.678,545.654,970.123,-44.379,0.363
24.11.2021 21:18:16,-45.997,868.530,863.067,547.454,971.466,-44.239,0.499
24.11.2021 21:18:17,-45.902,868.957,864.379,548.187,972.992,-44.256,0.418
24.11.2021 21:18:18,-45.806,869.934,865.356,549.621,974.456,-44.175,0.418
24.11.2021 21:18:19,-45.698,870.239,865.936,551.086,976.226,-44.113,0.392
24.11.2021 21:18:20,-45.605,871.551,866.424,553.131,979.339,-44.075,0.467
24.11.2021 21:18:23,-45.492,872.680,867.981,554.687,980.743,-43.975,0.427
24.11.2021 21:18:24,-45.396,873.504,867.767,556.182,982.543,-43.912,0.522
24.11.2021 21:18:25,-45.304,873.138,869.140,557.189,983.978,-43.886,0.363
24.11.2021 21:18:26,-45.203,873.565,868.713,558.990,985.046,-43.730,0.441
24.11.2021 21:18:27,-45.105,874.237,870.330,560.333,987.762,-43.755,0.354
24.11.2021 21:18:28,-45.002,875.183,870.056,561.950,988.617,-43.608,0.465
24.11.2021 21:18:29,-44.902,875.244,871.185,563.446,990.783,-43.573,0.368
24.11.2021 21:18:30,-44.809,876.739,871.856,565.368,992.859,-43.477,0.442
24.11.2021 21:18:31,-44.706,877.410,873.229,566.497,993.926,-43.410,0.378
24.11.2021 21:18:32,-44.603,877.624,872.985,568.145,995.575,-43.318,0.419
24.11.2021 21:18:33,-44.502,877.685,874.023,569.702,997.711,-43.275,0.331
24.11.2021 21:18:34,-44.399,877.746,873.901,570.770,998.657,-43.207,0.347
24.11.2021 21:18:35,-44.306,879.241,875.457,573.089,1000.732,-43.062,0.341
24.11.2021 21:18:36,-44.208,879.455,875.579,574.279,1001.953,-42.999,0.349
24.11.2021 21:18:37,-44.105,880.279,876.373,576.324,1003.295,-42.836,0.352
24.11.2021 21:18:38,-44.002,880.249,876.464,576.934,1004.333,-42.834,0.341
24.11.2021 21:18:39,-43.899,880.401,876.617,578.094,1005.706,-42.787,0.341
24.11.2021 21:18:40,-43.806,881.286,877.441,580.261,1007.934,-42.675,0.346
24.11.2021 21:18:41,-43.703,880.798,877.685,580.963,1008.666,-42.640,0.280
24.11.2021 21:18:42,-43.605,881.286,877.868,582.305,1010.314,-42.590,0.307
24.11.2021 21:18:43,-43.502,881.958,878.997,583.923,1011.474,-42.470,0.266
24.11.2021 21:18:44,-43.404,883.300,880.126,586.029,1013.702,-42.367,0.285
24.11.2021 21:18:45,-43.306,884.002,880.096,586.975,1014.190,-42.284,0.350
24.11.2021 21:18:46,-43.208,882.080,879.150,587.646,1014.526,-42.224,0.263
24.11.2021 21:18:47,-43.103,884.277,880.645,589.752,1017.791,-42.197,0.326
24.11.2021 21:18:48,-43.005,884.094,881.866,591.186,1018.737,-42.087,0.199
24.11.2021 21:18:49,-42.904,885.101,882.140,592.163,1019.805,-42.043,0.265
24.11.2021 21:18:50,-42.806,885.803,883.239,594.329,1021.667,-41.908,0.229
24.11.2021 21:18:51,-42.701,886.566,883.972,595.214,1022.308,-41.844,0.232
24.11.2021 21:18:52,-42.605,886.749,883.789,596.984,1024.230,-41.764,0.264
24.11.2021 21:18:53,-42.507,886.779,883.483,597.442,1024.719,-41.743,0.295
24.11.2021 21:18:54,-42.399,886.749,884.551,598.968,1026.947,-41.715,0.196
24.11.2021 21:18:55,-42.306,887.695,884.582,600.219,1027.954,-41.633,0.278
24.11.2021 21:18:56,-42.208,889.007,886.444,601.959,1029.785,-41.551,0.228
24.11.2021 21:18:57,-42.108,889.312,886.657,603.179,1030.334,-41.441,0.236
24.11.2021 21:18:58,-42.002,889.892,887.023,604.095,1032.531,-41.486,0.255
24.11.2021 21:18:59,-41.907,891.540,887.603,605.712,1034.851,-41.454,0.350
24.11.2021 21:19:00,-41.801,890.350,887.390,606.842,1035.095,-41.334,0.263
24.11.2021 21:19:01,-41.701,891.601,888.763,608.123,1036.926,-41.309,0.252
24.11.2021 21:19:02,-41.597,891.479,889.129,609.436,1038.360,-41.252,0.209
24.11.2021 21:19:03,-41.502,892.333,889.526,610.931,1040.039,-41.190,0.249
24.11.2021 21:19:04,-41.404,892.303,889.740,611.633,1039.886,-41.094,0.227
24.11.2021 21:19:05,-41.301,892.425,889.068,612.731,1039.947,-40.966,0.298
24.11.2021 21:19:06,-41.208,893.249,891.021,614.410,1043.243,-40.998,0.197
24.11.2021 21:19:07,-41.108,895.233,891.937,616.607,1045.745,-40.911,0.292
24.11.2021 21:19:08,-41.007,894.775,892.639,617.492,1046.936,-40.889,0.189
24.11.2021 21:19:09,-40.896,895.751,892.883,618.621,1047.790,-40.814,0.254
24.11.2021 21:19:10,-40.804,895.843,893.615,619.964,1048.950,-40.736,0.197
24.11.2021 21:19:12,-40.693,895.690,893.035,620.574,1049.255,-40.684,0.235
24.11.2021 21:19:13,-40.597,897.247,894.500,622.161,1052.246,-40.706,0.242
24.11.2021 21:19:15,-40.494,898.193,894.958,623.687,1053.314,-40.600,0.285
24.11.2021 21:19:16,-40.402,897.949,895.446,624.603,1054.321,-40.562,0.221
24.11.2021 21:19:18,-40.299,897.979,895.294,625.793,1054.779,-40.453,0.237
24.11.2021 21:19:19,-40.201,899.261,896.057,627.105,1056.762,-40.437,0.282
24.11.2021 21:19:20,-40.092,899.536,897.277,629.028,1058.502,-40.332,0.199
24.11.2021 21:19:21,-39.994,899.993,897.644,629.577,1059.356,-40.327,0.207
24.11.2021 21:19:22,-39.891,901.123,899.017,631.652,1062.164,-40.279,0.185
24.11.2021 21:19:23,-39.799,901.000,898.986,631.927,1061.767,-40.220,0.177
24.11.2021 21:19:24,-39.706,902.069,899.414,633.605,1063.262,-40.127,0.233
24.11.2021 21:19:25,-39.600,901.825,899.444,634.582,1063.995,-40.064,0.209
24.11.2021 21:19:26,-39.502,901.245,899.505,636.230,1065.338,-39.965,0.153
24.11.2021 21:19:27,-39.407,902.221,900.146,636.596,1066.192,-39.982,0.182
24.11.2021 21:19:28,-39.306,902.679,900.726,638.244,1067.627,-39.890,0.171
24.11.2021 21:19:29,-39.201,904.388,901.367,639.678,1068.969,-39.817,0.265
24.11.2021 21:19:30,-39.105,903.778,902.160,640.258,1069.244,-39.768,0.141
24.11.2021 21:19:31,-39.005,904.327,901.428,641.113,1069.610,-39.695,0.254
24.11.2021 21:19:32,-38.907,904.449,903.167,642.608,1071.472,-39.651,0.112
24.11.2021 21:19:33,-38.806,905.609,903.259,643.981,1072.906,-39.592,0.205
24.11.2021 21:19:34,-38.703,905.670,904.296,645.294,1073.333,-39.470,0.120
24.11.2021 21:19:35,-38.605,907.806,905.853,646.820,1075.286,-39.430,0.170
24.11.2021 21:19:36,-38.505,907.623,905.700,648.101,1076.324,-39.354,0.168
24.11.2021 21:19:37,-38.404,908.660,906.280,648.773,1076.416,-39.283,0.207
24.11.2021 21:19:38,-38.304,908.081,905.517,649.719,1076.293,-39.167,0.224
24.11.2021 21:19:39,-38.206,909.332,906.555,651.031,1077.606,-39.107,0.242
24.11.2021 21:19:40,-38.108,910.003,907.684,652.709,1080.200,-39.094,0.202
24.11.2021 21:19:41,-38.002,909.698,907.623,653.533,1079.223,-38.933,0.180
24.11.2021 21:19:42,-37.904,910.339,908.508,654.083,1079.956,-38.921,0.159
24.11.2021 21:19:43,-37.796,910.583,908.691,655.059,1080.047,-38.816,0.164
24.11.2021 21:19:44,-37.703,910.400,908.386,656.036,1079.467,-38.665,0.175
24.11.2021 21:19:45,-37.603,910.003,908.081,656.494,1079.833,-38.639,0.167
24.11.2021 21:19:46,-37.497,911.285,909.759,658.447,1080.963,-38.495,0.132
24.11.2021 21:19:47,-37.404,912.323,910.858,659.667,1082.000,-38.429,0.127
24.11.2021 21:19:48,-37.306,912.536,910.613,660.736,1082.916,-38.371,0.167
24.11.2021 21:19:49,-37.195,912.689,911.224,661.376,1082.153,-38.246,0.127
24.11.2021 21:19:50,-37.105,912.536,911.743,661.956,1082.610,-38.212,0.068
24.11.2021 21:19:51,-37.007,914.154,912.261,663.024,1082.275,-38.069,0.164
24.11.2021 21:19:52,-36.902,913.909,912.628,664.581,1083.679,-37.990,0.111
24.11.2021 21:19:54,-36.806,915.130,913.635,665.161,1084.228,-37.963,0.129
24.11.2021 21:19:55,-36.708,915.191,913.299,666.687,1083.739,-37.758,0.163
24.11.2021 21:19:56,-36.603,917.419,915.405,667.816,1085.845,-37.777,0.174
24.11.2021 21:19:57,-36.500,916.931,915.130,668.975,1084.869,-37.580,0.155
24.11.2021 21:19:58,-36.407,917.938,915.924,669.555,1085.174,-37.536,0.174
24.11.2021 21:19:59,-36.306,917.602,915.985,670.104,1085.632,-37.506,0.139
24.11.2021 21:20:00,-36.206,917.602,916.381,671.386,1085.205,-37.334,0.105
24.11.2021 21:20:01,-36.095,918.640,917.297,672.058,1086.639,-37.358,0.115
24.11.2021 21:20:02,-36.005,918.792,916.931,673.278,1086.517,-37.214,0.160
24.11.2021 21:20:03,-35.904,918.457,917.388,673.645,1086.120,-37.146,0.092
24.11.2021 21:20:04,-35.801,919.860,918.426,674.591,1085.968,-37.030,0.123
24.11.2021 21:20:05,-35.708,920.532,918.701,675.292,1086.212,-36.969,0.157
24.11.2021 21:20:06,-35.605,920.593,918.670,675.384,1085.998,-36.944,0.165
24.11.2021 21:20:08,-35.492,921.112,919.799,676.788,1086.731,-36.839,0.112
24.11.2021 21:20:09,-35.402,921.264,920.623,678.039,1086.975,-36.717,0.055
24.11.2021 21:20:10,-35.296,922.119,921.386,678.680,1087.768,-36.701,0.062
24.11.2021 21:20:11,-35.198,923.065,921.356,679.595,1087.371,-36.573,0.146
24.11.2021 21:20:12,-35.103,923.126,921.173,679.656,1086.578,-36.511,0.167
24.11.2021 21:20:13,-35.002,922.393,921.997,680.114,1086.853,-36.480,0.034
24.11.2021 21:20:14,-34.904,923.950,922.576,681.060,1087.341,-36.409,0.117
24.11.2021 21:20:15,-34.793,923.797,922.424,681.701,1087.524,-36.351,0.117
24.11.2021 21:20:16,-34.703,925.018,923.614,683.258,1087.951,-36.209,0.120
24.11.2021 21:20:17,-34.605,926.116,924.591,684.326,1087.860,-36.086,0.130
24.11.2021 21:20:18,-34.507,926.055,924.255,684.082,1087.554,-36.091,0.154
24.11.2021 21:20:19,-34.407,926.178,924.560,684.631,1087.799,-36.048,0.138
24.11.2021 21:20:20,-34.306,926.330,925.598,686.065,1088.989,-35.973,0.062
24.11.2021 21:20:21,-34.206,927.520,926.391,687.591,1089.263,-35.825,0.096
24.11.2021 21:20:22,-34.105,927.459,926.086,687.225,1088.806,-35.833,0.117
24.11.2021 21:20:23,-34.005,928.924,927.246,688.690,1089.996,-35.755,0.143
24.11.2021 21:20:24,-33.904,929.992,928.558,690.155,1090.972,-35.663,0.122
24.11.2021 21:20:25,-33.806,930.236,929.138,690.917,1091.217,-35.597,0.093
24.11.2021 21:20:26,-33.706,929.931,928.771,690.979,1090.362,-35.531,0.098
24.11.2021 21:20:27,-33.608,929.534,927.856,691.558,1090.301,-35.464,0.143
24.11.2021 21:20:28,-33.502,930.694,928.710,692.321,1089.752,-35.343,0.169
24.11.2021 21:20:29,-33.407,931.274,928.833,693.481,1090.820,-35.290,0.207
24.11.2021 21:20:30,-33.309,931.335,930.023,694.335,1091.400,-35.238,0.111
24.11.2021 21:20:31,-33.208,932.861,930.328,695.709,1091.247,-35.078,0.215
24.11.2021 21:20:32,-33.108,931.701,930.999,696.075,1091.461,-35.053,0.059
24.11.2021 21:20:33,-33.000,932.067,930.541,696.472,1091.674,-35.025,0.129
24.11.2021 21:20:34,-32.904,932.403,932.128,698.242,1092.406,-34.884,0.023
24.11.2021 21:20:35,-32.806,933.105,932.250,698.272,1093.109,-34.930,0.072
24.11.2021 21:20:36,-32.708,934.234,932.373,699.798,1092.559,-34.727,0.158
24.11.2021 21:20:37,-32.608,934.905,934.509,700.531,1093.261,-34.697,0.033
24.11.2021 21:20:38,-32.500,934.600,933.319,701.385,1092.376,-34.544,0.108
24.11.2021 21:20:39,-32.399,934.783,933.410,702.270,1092.651,-34.467,0.116
24.11.2021 21:20:40,-32.309,935.577,934.265,703.247,1094.024,-34.457,0.111
24.11.2021 21:20:41,-32.206,936.523,935.028,704.223,1092.956,-34.279,0.126
24.11.2021 21:20:42,-32.105,935.852,934.417,704.071,1093.292,-34.318,0.121
24.11.2021 21:20:43,-31.994,935.852,934.600,705.535,1092.102,-34.079,0.106
24.11.2021 21:20:44,-31.904,936.981,936.218,707.061,1093.078,-33.983,0.064
24.11.2021 21:20:45,-31.804,936.370,935.974,706.878,1092.529,-33.965,0.033
24.11.2021 21:20:46,-31.701,937.561,935.882,708.587,1093.871,-33.875,0.142
24.11.2021 21:20:47,-31.595,937.561,936.950,708.770,1093.383,-33.822,0.051
24.11.2021 21:20:48,-31.502,937.744,936.554,709.655,1093.048,-33.704,0.100
24.11.2021 21:20:49,-31.399,937.805,937.347,710.662,1093.933,-33.658,0.038
24.11.2021 21:20:50,-31.309,938.995,937.988,712.219,1094.085,-33.503,0.085
24.11.2021 21:20:51,-31.206,938.262,937.469,712.585,1092.590,-33.361,0.067
24.11.2021 21:20:52,-31.103,938.568,937.591,713.409,1092.712,-33.282,0.082
24.11.2021 21:20:53,-31.000,936.981,936.431,713.378,1090.850,-33.156,0.046
24.11.2021 21:20:54,-30.896,937.286,936.981,714.874,1091.674,-33.054,0.025
24.11.2021 21:20:55,-30.809,938.354,938.415,716.033,1092.498,-32.988,-0.005
24.11.2021 21:20:56,-30.698,937.835,938.385,717.712,1092.590,-32.817,-0.046
24.11.2021 21:20:57,-30.597,939.178,938.598,718.688,1093.170,-32.754,0.048
24.11.2021 21:20:58,-30.500,940.307,938.415,719.635,1092.651,-32.619,0.159
24.11.2021 21:21:00,-30.391,939.086,937.988,719.543,1092.498,-32.618,0.092
24.11.2021 21:21:01,-30.306,939.392,938.842,721.343,1092.163,-32.405,0.046
24.11.2021 21:21:02,-30.193,938.842,938.446,722.198,1091.461,-32.266,0.033
24.11.2021 21:21:03,-30.095,939.941,939.208,723.815,1092.224,-32.149,0.061
24.11.2021 21:21:04,-29.994,939.880,939.697,724.029,1091.217,-32.057,0.015
24.11.2021 21:21:05,-29.896,940.063,939.270,724.609,1091.156,-31.991,0.066
24.11.2021 21:21:06,-29.793,939.300,939.575,725.738,1091.033,-31.865,-0.023
24.11.2021 21:21:07,-29.706,940.033,940.093,727.172,1092.071,-31.787,-0.005
24.11.2021 21:21:08,-29.597,939.971,939.788,728.363,1091.278,-31.607,0.015
24.11.2021 21:21:09,-29.497,941.284,940.704,730.255,1092.315,-31.482,0.048
24.11.2021 21:21:10,-29.404,940.185,939.544,729.400,1090.270,-31.428,0.054
24.11.2021 21:21:11,-29.299,939.788,940.338,731.018,1090.789,-31.296,-0.046
24.11.2021 21:21:12,-29.203,940.216,939.727,732.025,1091.156,-31.217,0.041
24.11.2021 21:21:13,-29.103,940.399,939.605,732.482,1090.698,-31.137,0.066
24.11.2021 21:21:14,-28.994,940.246,940.094,733.337,1091.155,-31.080,0.012
24.11.2021 21:21:15,-28.902,940.185,938.995,733.886,1090.423,-30.972,0.100
24.11.2021 21:21:16,-28.796,942.016,941.589,735.839,1091.827,-30.867,0.035
24.11.2021 21:21:17,-28.698,941.284,940.551,735.809,1090.515,-30.779,0.061
24.11.2021 21:21:18,-28.592,940.948,940.673,737.152,1090.576,-30.644,0.023
24.11.2021 21:21:19,-28.497,940.795,940.277,737.640,1090.392,-30.581,0.043
24.11.2021 21:21:20,-28.391,941.986,940.918,739.532,1091.186,-30.441,0.089
24.11.2021 21:21:21,-28.299,941.375,941.101,739.654,1090.484,-30.379,0.023
24.11.2021 21:21:22,-28.193,943.359,942.321,742.431,1093.475,-30.302,0.087
24.11.2021 21:21:23,-28.097,942.657,942.138,742.523,1092.437,-30.220,0.043
24.11.2021 21:21:24,-27.992,942.199,941.742,742.858,1091.247,-30.103,0.038
24.11.2021 21:21:25,-27.896,942.291,942.108,744.598,1092.162,-29.988,0.015
24.11.2021 21:21:26,-27.809,941.253,941.223,744.873,1091.552,-29.917,0.002
24.11.2021 21:21:27,-27.701,942.382,942.260,746.978,1093.322,-29.825,0.010
24.11.2021 21:21:28,-27.600,942.993,943.359,748.474,1094.146,-29.730,-0.030
24.11.2021 21:21:29,-27.492,942.932,942.840,748.687,1093.719,-29.678,0.007
24.11.2021 21:21:30,-27.396,942.230,942.626,750.671,1093.139,-29.435,-0.033
24.11.2021 21:21:31,-27.296,943.908,942.748,751.556,1093.414,-29.364,0.097
24.11.2021 21:21:32,-27.201,942.321,942.047,752.197,1093.536,-29.308,0.023
24.11.2021 21:21:33,-27.097,942.169,942.504,753.326,1093.444,-29.186,-0.028
24.11.2021 21:21:34,-26.997,942.871,942.382,755.157,1094.421,-29.069,0.041
24.11.2021 21:21:35,-26.896,942.108,941.650,755.096,1093.048,-28.979,0.038
24.11.2021 21:21:36,-26.799,943.359,943.450,757.171,1093.780,-28.820,-0.007
24.11.2021 21:21:37,-26.693,943.145,943.176,758.300,1092.681,-28.629,-0.002
24.11.2021 21:21:39,-26.600,942.687,942.779,758.972,1093.139,-28.593,-0.007
24.11.2021 21:21:40,-26.497,941.924,941.925,759.735,1093.078,-28.512,-0.000
24.11.2021 21:21:41,-26.394,943.786,943.634,762.054,1094.665,-28.389,0.012
24.11.2021 21:21:42,-26.296,945.068,944.030,763.977,1095.703,-28.269,0.087
24.11.2021 21:21:43,-26.195,943.847,943.512,764.831,1094.451,-28.095,0.028
24.11.2021 21:21:44,-26.100,944.640,943.725,765.625,1094.390,-28.011,0.076
24.11.2021 21:21:45,-26.000,943.664,943.084,766.326,1093.048,-27.847,0.048
24.11.2021 21:21:46,-25.896,942.901,942.565,767.364,1092.987,-27.738,0.028
24.11.2021 21:21:47,-25.793,942.810,943.115,768.524,1093.505,-27.659,-0.025
24.11.2021 21:21:48,-25.693,945.129,944.518,770.965,1094.635,-27.494,0.051
24.11.2021 21:21:49,-25.595,942.962,943.145,771.667,1093.414,-27.339,-0.015
24.11.2021 21:21:50,-25.497,943.817,943.664,772.766,1093.810,-27.257,0.012
24.11.2021 21:21:51,-25.396,944.458,944.000,774.536,1093.109,-27.032,0.038
24.11.2021 21:21:52,-25.299,943.206,943.298,774.902,1092.956,-26.985,-0.007
24.11.2021 21:21:53,-25.198,942.962,942.413,776.245,1092.071,-26.789,0.046
24.11.2021 21:21:54,-25.097,943.267,943.115,777.954,1092.590,-26.657,0.012
24.11.2021 21:21:55,-24.994,944.274,943.969,779.022,1092.437,-26.540,0.025
24.11.2021 21:21:56,-24.891,943.725,943.725,780.883,1092.376,-26.352,0.000
24.11.2021 21:21:57,-24.793,945.251,945.892,783.264,1093.322,-26.184,-0.053
24.11.2021 21:21:58,-24.701,944.763,944.671,783.630,1091.674,-26.032,0.007
24.11.2021 21:21:59,-24.595,944.152,944.335,784.454,1091.705,-25.953,-0.015
24.11.2021 21:22:00,-24.497,945.068,944.549,786.804,1092.681,-25.791,0.043
24.11.2021 21:22:01,-24.396,945.159,945.678,788.757,1092.803,-25.608,-0.043
24.11.2021 21:22:02,-24.301,944.946,945.312,789.642,1092.559,-25.505,-0.030
24.11.2021 21:22:03,-24.195,945.373,945.129,791.351,1092.620,-25.342,0.020
24.11.2021 21:22:04,-24.100,945.098,945.220,792.388,1091.705,-25.176,-0.010
24.11.2021 21:22:05,-23.994,945.098,945.220,794.067,1091.857,-25.024,-0.010
24.11.2021 21:22:06,-23.896,944.640,944.488,795.074,1091.522,-24.902,0.012
24.11.2021 21:22:07,-23.799,944.763,945.373,796.661,1091.674,-24.758,-0.051
24.11.2021 21:22:08,-23.693,945.312,945.129,797.851,1091.217,-24.611,0.015
24.11.2021 21:22:09,-23.595,945.831,945.648,799.438,1091.735,-24.494,0.015
24.11.2021 21:22:10,-23.497,947.387,947.387,801.330,1093.444,-24.432,-0.000
24.11.2021 21:22:11,-23.394,946.441,946.014,801.910,1091.308,-24.225,0.035
24.11.2021 21:22:12,-23.301,945.282,944.702,802.307,1089.508,-24.059,0.048
24.11.2021 21:22:13,-23.198,946.105,946.014,804.321,1090.637,-23.945,0.007
24.11.2021 21:22:14,-23.100,945.861,945.953,805.725,1091.552,-23.875,-0.007
24.11.2021 21:22:15,-22.994,945.587,945.587,806.915,1090.789,-23.706,-0.000
24.11.2021 21:22:16,-22.894,945.678,946.411,808.258,1090.576,-23.562,-0.061
24.11.2021 21:22:17,-22.799,945.190,945.709,808.837,1089.813,-23.452,-0.043
24.11.2021 21:22:18,-22.698,945.221,945.251,809.967,1089.111,-23.294,-0.002
24.11.2021 21:22:19,-22.600,944.702,944.976,810.760,1089.172,-23.223,-0.023
24.11.2021 21:22:20,-22.494,944.763,945.404,812.377,1089.447,-23.088,-0.053
24.11.2021 21:22:21,-22.402,946.014,945.800,813.934,1089.935,-22.974,0.017
24.11.2021 21:22:22,-22.299,946.899,946.319,815.856,1090.393,-22.823,0.048
24.11.2021 21:22:23,-22.198,945.770,945.312,815.338,1088.378,-22.729,0.038
24.11.2021 21:22:24,-22.095,946.441,946.014,817.474,1088.958,-22.568,0.035
24.11.2021 21:22:25,-21.997,946.685,946.319,818.908,1088.379,-22.390,0.030
24.11.2021 21:22:26,-21.894,945.739,945.861,820.068,1088.439,-22.285,-0.010
24.11.2021 21:22:27,-21.796,945.709,946.044,820.770,1088.378,-22.214,-0.028
24.11.2021 21:22:28,-21.695,946.014,946.044,822.937,1087.799,-21.967,-0.002
24.11.2021 21:22:29,-21.592,946.594,946.441,824.401,1088.745,-21.897,0.012
24.11.2021 21:22:30,-21.494,945.983,946.105,825.042,1087.799,-21.769,-0.010
24.11.2021 21:22:31,-21.399,946.685,947.265,827.087,1088.439,-21.622,-0.048
24.11.2021 21:22:32,-21.304,945.190,944.976,827.087,1086.853,-21.509,0.017
24.11.2021 21:22:33,-21.195,946.197,947.357,829.986,1088.104,-21.326,-0.097
24.11.2021 21:22:34,-21.092,946.624,947.174,831.542,1088.653,-21.219,-0.045
24.11.2021 21:22:35,-21.000,946.441,945.739,832.031,1087.432,-21.086,0.058
24.11.2021 21:22:36,-20.894,946.655,947.235,834.503,1087.585,-20.866,-0.048
24.11.2021 21:22:37,-20.806,946.014,946.411,834.350,1087.127,-20.848,-0.033
24.11.2021 21:22:38,-20.708,945.312,945.220,835.174,1085.327,-20.642,0.007
24.11.2021 21:22:39,-20.608,945.312,946.014,836.120,1085.296,-20.552,-0.058
24.11.2021 21:22:40,-20.492,945.037,945.892,837.951,1085.144,-20.370,-0.071
24.11.2021 21:22:41,-20.404,944.976,945.861,839.385,1084.747,-20.208,-0.074
24.11.2021 21:22:42,-20.293,945.526,946.228,841.247,1085.357,-20.080,-0.058
24.11.2021 21:22:43,-20.193,945.739,946.014,842.102,1084.197,-19.917,-0.023
24.11.2021 21:22:45,-20.095,944.458,944.854,842.834,1083.282,-19.783,-0.033
24.11.2021 21:22:46,-19.994,945.282,946.105,844.848,1084.320,-19.672,-0.069
24.11.2021 21:22:47,-19.894,945.007,946.105,846.527,1084.259,-19.512,-0.092
24.11.2021 21:22:48,-19.801,945.404,945.434,846.801,1083.770,-19.452,-0.002
24.11.2021 21:22:49,-19.693,944.396,945.220,848.480,1082.580,-19.212,-0.069
24.11.2021 21:22:50,-19.592,945.770,946.197,850.860,1083.496,-19.059,-0.035
24.11.2021 21:22:51,-19.494,944.580,944.854,850.494,1081.268,-18.932,-0.023
24.11.2021 21:22:52,-19.391,943.298,944.641,852.142,1080.718,-18.741,-0.112
24.11.2021 21:22:53,-19.296,944.640,945.068,853.363,1081.756,-18.704,-0.035
24.11.2021 21:22:54,-19.195,942.962,944.702,855.163,1080.505,-18.449,-0.146
24.11.2021 21:22:55,-19.092,943.420,944.518,856.384,1079.772,-18.284,-0.092
24.11.2021 21:22:56,-19.002,944.793,944.671,858.367,1079.467,-18.081,0.010
24.11.2021 21:22:57,-18.891,943.328,944.061,857.849,1077.270,-17.969,-0.061
24.11.2021 21:22:58,-18.801,943.603,943.450,859.405,1077.423,-17.839,0.012
24.11.2021 21:22:59,-18.698,944.030,943.725,861.694,1076.995,-17.599,0.025
24.11.2021 21:23:00,-18.600,943.725,944.519,861.694,1077.026,-17.602,-0.066
24.11.2021 21:23:01,-18.497,944.732,945.221,864.837,1076.782,-17.299,-0.040
24.11.2021 21:23:02,-18.394,943.176,943.542,864.379,1074.768,-17.194,-0.030
24.11.2021 21:23:03,-18.296,943.420,944.458,866.943,1074.920,-16.973,-0.087
24.11.2021 21:23:04,-18.198,943.084,943.054,866.577,1072.448,-16.826,0.002
24.11.2021 21:23:05,-18.095,941.497,942.779,867.492,1071.563,-16.678,-0.107
24.11.2021 21:23:06,-17.997,941.772,942.779,868.560,1071.502,-16.577,-0.084
24.11.2021 21:23:07,-17.891,941.589,942.840,869.995,1071.289,-16.432,-0.105
24.11.2021 21:23:08,-17.793,941.986,942.596,870.819,1070.922,-16.331,-0.051
24.11.2021 21:23:09,-17.693,942.077,942.809,872.283,1070.617,-16.177,-0.061
24.11.2021 21:23:10,-17.595,942.657,943.206,873.718,1070.098,-16.010,-0.046
24.11.2021 21:23:11,-17.494,942.352,942.596,874.389,1069.274,-15.890,-0.020
24.11.2021 21:23:12,-17.394,941.924,942.535,875.488,1070.098,-15.852,-0.051
24.11.2021 21:23:13,-17.293,940.704,941.864,876.403,1068.511,-15.653,-0.097
24.11.2021 21:23:14,-17.198,940.795,941.436,876.831,1068.267,-15.597,-0.053
24.11.2021 21:23:15,-17.092,939.971,941.284,877.441,1067.108,-15.457,-0.110
24.11.2021 21:23:16,-17.000,940.490,941.223,878.540,1066.802,-15.336,-0.061
24.11.2021 21:23:17,-16.899,941.253,940.978,878.814,1066.284,-15.274,0.023
24.11.2021 21:23:18,-16.796,939.758,940.307,878.936,1066.070,-15.247,-0.046
24.11.2021 21:23:19,-16.698,939.117,939.300,880.340,1064.758,-15.025,-0.015
24.11.2021 21:23:20,-16.597,939.819,940.216,881.530,1065.551,-14.978,-0.033
24.11.2021 21:23:21,-16.497,939.483,939.361,880.950,1063.537,-14.881,0.010
24.11.2021 21:23:22,-16.399,938.568,939.117,881.469,1062.957,-14.791,-0.046
24.11.2021 21:23:24,-16.299,938.995,939.361,882.598,1063.049,-14.698,-0.030
24.11.2021 21:23:25,-16.195,938.537,938.751,883.514,1061.889,-14.530,-0.018
24.11.2021 21:23:26,-16.097,938.598,938.171,884.399,1061.340,-14.411,0.036
24.11.2021 21:23:27,-15.992,937.469,937.835,884.948,1060.821,-14.324,-0.030
24.11.2021 21:23:28,-15.899,938.507,938.537,886.169,1060.302,-14.177,-0.002
24.11.2021 21:23:29,-15.793,938.324,938.812,887.390,1060.485,-14.083,-0.041
24.11.2021 21:23:30,-15.701,937.530,938.171,888.061,1059.783,-13.971,-0.054
24.11.2021 21:23:31,-15.592,938.140,939.117,889.098,1059.723,-13.875,-0.082
24.11.2021 21:23:32,-15.500,936.126,936.554,888.885,1057.647,-13.739,-0.036
24.11.2021 21:23:33,-15.391,936.615,937.133,890.197,1057.342,-13.601,-0.043
24.11.2021 21:23:34,-15.296,936.004,937.072,890.838,1057.220,-13.535,-0.090
24.11.2021 21:23:35,-15.198,936.553,937.164,893.341,1056.915,-13.292,-0.051
24.11.2021 21:23:36,-15.092,933.929,935.333,891.845,1054.351,-13.232,-0.119
24.11.2021 21:23:37,-14.992,936.370,937.255,894.592,1055.572,-13.081,-0.074
24.11.2021 21:23:38,-14.891,934.387,934.661,893.585,1052.642,-12.951,-0.023
24.11.2021 21:23:39,-14.804,934.143,934.875,894.683,1053.375,-12.909,-0.062
24.11.2021 21:23:40,-14.695,933.624,934.448,895.080,1051.849,-12.760,-0.069
24.11.2021 21:23:41,-14.597,934.051,934.783,896.392,1051.513,-12.620,-0.062
24.11.2021 21:23:42,-14.494,933.624,934.478,897.705,1051.635,-12.514,-0.072
24.11.2021 21:23:43,-14.394,933.105,934.051,898.162,1050.262,-12.371,-0.080
24.11.2021 21:23:44,-14.296,932.617,933.563,897.735,1049.072,-12.319,-0.080
24.11.2021 21:23:45,-14.201,932.098,932.556,898.834,1048.217,-12.158,-0.038
24.11.2021 21:23:46,-14.100,931.182,931.976,899.108,1047.912,-12.111,-0.067
24.11.2021 21:23:47,-13.994,931.945,932.464,900.787,1048.095,-11.978,-0.044
24.11.2021 21:23:48,-13.894,931.793,932.189,901.367,1047.058,-11.850,-0.033
24.11.2021 21:23:49,-13.793,931.366,932.281,901.825,1046.539,-11.770,-0.077
24.11.2021 21:23:50,-13.695,930.450,931.274,902.740,1044.616,-11.546,-0.070
24.11.2021 21:23:51,-13.597,930.450,932.067,903.076,1044.494,-11.507,-0.137
24.11.2021 21:23:52,-13.507,929.046,929.595,902.496,1042.480,-11.406,-0.046
24.11.2021 21:23:53,-13.394,928.955,930.206,904.632,1042.480,-11.219,-0.106
24.11.2021 21:23:54,-13.296,929.473,930.084,904.815,1042.541,-11.208,-0.052
24.11.2021 21:23:55,-13.198,928.771,929.656,905.365,1040.649,-11.017,-0.075
24.11.2021 21:23:56,-13.092,928.619,929.412,906.250,1040.100,-10.898,-0.067
24.11.2021 21:23:57,-12.992,928.008,929.016,906.951,1039.031,-10.756,-0.085
24.11.2021 21:23:58,-12.904,927.978,928.619,906.921,1038.238,-10.698,-0.054
24.11.2021 21:23:59,-12.796,927.184,928.161,908.111,1037.536,-10.542,-0.083
24.11.2021 21:24:00,-12.693,926.940,927.673,908.783,1036.956,-10.439,-0.062
24.11.2021 21:24:01,-12.597,926.452,927.215,908.752,1035.949,-10.365,-0.065
24.11.2021 21:24:02,-12.505,925.964,927.154,908.660,1035.522,-10.341,-0.101
24.11.2021 21:24:03,-12.396,926.391,927.459,910.553,1034.362,-10.088,-0.091
24.11.2021 21:24:04,-12.296,926.147,927.398,911.163,1033.905,-10.000,-0.106
24.11.2021 21:24:05,-12.193,926.788,926.879,912.139,1032.867,-9.836,-0.007
24.11.2021 21:24:06,-12.095,925.811,926.361,912.536,1032.928,-9.807,-0.047
24.11.2021 21:24:07,-11.997,923.980,925.384,912.383,1030.914,-9.666,-0.120
24.11.2021 21:24:08,-11.891,924.224,924.957,913.024,1029.968,-9.538,-0.062
24.11.2021 21:24:09,-11.809,923.766,925.231,913.604,1029.785,-9.474,-0.125
24.11.2021 21:24:10,-11.698,924.255,924.713,913.757,1028.259,-9.343,-0.039
24.11.2021 21:24:11,-11.592,922.851,924.468,914.459,1027.191,-9.201,-0.138
24.11.2021 21:24:12,-11.492,923.797,924.133,914.978,1027.191,-9.156,-0.028
24.11.2021 21:24:13,-11.396,922.210,922.759,914.550,1025.604,-9.071,-0.047
24.11.2021 21:24:14,-11.293,922.332,923.461,915.466,1025.482,-8.982,-0.096
24.11.2021 21:24:15,-11.198,921.478,922.302,915.741,1024.688,-8.897,-0.070
24.11.2021 21:24:16,-11.092,922.820,923.248,916.992,1024.902,-8.806,-0.036
24.11.2021 21:24:17,-11.000,921.844,921.905,916.717,1023.620,-8.731,-0.005
24.11.2021 21:24:18,-10.896,920.928,921.752,915.710,1022.033,-8.695,-0.070
24.11.2021 21:24:19,-10.809,920.104,920.440,915.984,1021.820,-8.655,-0.028
24.11.2021 21:24:20,-10.703,920.196,920.837,917.144,1021.972,-8.567,-0.055
24.11.2021 21:24:21,-10.608,920.196,920.471,917.266,1020.874,-8.471,-0.023
24.11.2021 21:24:22,-10.500,919.738,920.593,917.205,1020.813,-8.472,-0.073
24.11.2021 21:24:23,-10.394,919.036,919.525,917.602,1019.989,-8.374,-0.042
24.11.2021 21:24:24,-10.301,919.830,919.983,917.877,1019.500,-8.312,-0.013
24.11.2021 21:24:25,-10.206,918.060,918.151,917.755,1018.310,-8.231,-0.007
24.11.2021 21:24:26,-10.105,917.816,918.121,917.755,1018.097,-8.214,-0.026
24.11.2021 21:24:27,-9.992,918.182,918.365,918.579,1017.639,-8.108,-0.015
24.11.2021 21:24:29,-9.894,918.457,919.494,919.403,1018.402,-8.096,-0.089
24.11.2021 21:24:30,-9.796,917.480,918.121,919.464,1016.418,-7.937,-0.055
24.11.2021 21:24:31,-9.701,917.205,917.450,918.457,1015.380,-7.942,-0.021
24.11.2021 21:24:32,-9.595,917.205,917.511,920.044,1015.258,-7.796,-0.026
24.11.2021 21:24:33,-9.497,916.687,917.602,920.593,1015.838,-7.794,-0.079
24.11.2021 21:24:34,-9.391,917.297,916.870,921.936,1014.861,-7.603,0.036
24.11.2021 21:24:35,-9.293,915.741,916.564,921.508,1013.427,-7.528,-0.071
24.11.2021 21:24:36,-9.195,916.839,917.297,923.156,1013.153,-7.365,-0.039
24.11.2021 21:24:37,-9.095,916.046,915.985,923.065,1011.505,-7.244,0.005
24.11.2021 21:24:38,-8.992,916.229,915.801,923.828,1010.711,-7.117,0.036
24.11.2021 21:24:39,-8.899,914.886,915.527,924.133,1009.613,-7.005,-0.055
24.11.2021 21:24:40,-8.793,915.283,915.435,924.682,1009.124,-6.920,-0.013
24.11.2021 21:24:41,-8.698,915.405,916.076,926.269,1010.101,-6.861,-0.058
24.11.2021 21:24:42,-8.603,915.283,916.107,926.452,1008.758,-6.740,-0.071
24.11.2021 21:24:43,-8.494,914.428,914.978,926.177,1007.140,-6.636,-0.047
24.11.2021 21:24:44,-8.394,914.733,915.100,927.124,1007.141,-6.555,-0.031
24.11.2021 21:24:45,-8.296,913.726,913.635,926.818,1006.225,-6.510,0.007
24.11.2021 21:24:46,-8.195,914.001,914.764,928.253,1006.286,-6.392,-0.066
24.11.2021 21:24:47,-8.095,913.665,914.916,929.107,1006.042,-6.300,-0.108
24.11.2021 21:24:48,-7.994,914.489,915.374,930.267,1006.378,-6.228,-0.076
24.11.2021 21:24:49,-7.894,912.475,913.757,929.351,1003.814,-6.104,-0.111
24.11.2021 21:24:50,-7.796,912.475,912.689,928.619,1002.502,-6.063,-0.018
24.11.2021 21:24:51,-7.701,912.567,912.750,929.534,1002.075,-5.951,-0.015
24.11.2021 21:24:52,-7.595,911.834,913.055,930.297,1001.434,-5.836,-0.106
24.11.2021 21:24:53,-7.505,912.841,913.391,931.335,1002.166,-5.805,-0.047
24.11.2021 21:24:54,-7.394,912.811,913.299,931.671,1001.312,-5.709,-0.042
24.11.2021 21:24:55,-7.299,911.315,911.956,931.243,1000.305,-5.666,-0.055
24.11.2021 21:24:56,-7.193,911.773,912.811,932.342,1000.091,-5.556,-0.090
24.11.2021 21:24:57,-7.097,910.980,912.567,932.373,999.328,-5.493,-0.137
24.11.2021 21:24:58,-6.994,910.949,911.193,931.945,998.168,-5.437,-0.021
24.11.2021 21:24:59,-6.894,909.942,911.224,932.403,997.436,-5.340,-0.111
24.11.2021 21:25:00,-6.796,910.583,911.376,933.227,997.863,-5.304,-0.069
24.11.2021 21:25:01,-6.693,910.797,911.926,935.089,997.314,-5.103,-0.098
24.11.2021 21:25:02,-6.592,910.217,911.590,934.204,996.185,-5.088,-0.119
24.11.2021 21:25:03,-6.492,909.332,910.278,934.082,994.842,-4.992,-0.082
24.11.2021 21:25:04,-6.396,908.447,909.393,933.502,993.194,-4.909,-0.082
24.11.2021 21:25:05,-6.299,908.599,909.423,934.265,992.889,-4.820,-0.071
24.11.2021 21:25:06,-6.193,909.240,910.644,936.187,993.713,-4.723,-0.122
24.11.2021 21:25:07,-6.092,909.301,910.552,936.492,993.164,-4.654,-0.108
24.11.2021 21:25:08,-5.992,909.027,910.125,937.042,992.309,-4.539,-0.095
24.11.2021 21:25:10,-5.907,909.820,910.278,937.255,992.004,-4.497,-0.039
24.11.2021 21:25:11,-5.796,908.813,910.186,937.744,990.905,-4.368,-0.119
24.11.2021 21:25:12,-5.693,908.721,908.782,937.286,988.983,-4.253,-0.005
24.11.2021 21:25:13,-5.592,909.027,909.790,938.873,989.929,-4.194,-0.066
24.11.2021 21:25:14,-5.492,909.393,909.301,938.964,989.105,-4.121,0.007
24.11.2021 21:25:15,-5.396,909.088,908.325,939.117,987.884,-4.010,0.066
24.11.2021 21:25:16,-5.293,908.386,909.179,939.056,986.999,-3.944,-0.069
24.11.2021 21:25:17,-5.198,908.416,908.355,938.812,986.480,-3.923,0.005
24.11.2021 21:25:18,-5.097,908.386,908.233,938.934,985.351,-3.822,0.013
24.11.2021 21:25:19,-4.997,908.386,908.111,939.514,984.619,-3.715,0.023
24.11.2021 21:25:20,-4.899,907.623,908.020,940.307,984.252,-3.618,-0.034
24.11.2021 21:25:21,-4.793,907.440,907.958,940.002,982.574,-3.509,-0.045
24.11.2021 21:25:22,-4.701,906.646,907.318,940.002,983.062,-3.548,-0.058
24.11.2021 21:25:23,-4.595,907.806,908.783,941.345,983.886,-3.501,-0.085
24.11.2021 21:25:24,-4.497,907.287,907.684,940.795,981.658,-3.368,-0.034
24.11.2021 21:25:25,-4.396,906.921,907.653,940.826,980.896,-3.304,-0.063
24.11.2021 21:25:26,-4.301,907.226,907.379,941.863,981.170,-3.239,-0.013
24.11.2021 21:25:27,-4.195,906.585,907.287,941.589,981.048,-3.252,-0.061
24.11.2021 21:25:28,-4.097,908.355,908.874,943.328,982.147,-3.194,-0.045
24.11.2021 21:25:29,-3.997,908.050,908.172,943.847,981.170,-3.072,-0.010
24.11.2021 21:25:30,-3.899,907.257,907.836,943.756,981.170,-3.080,-0.050
24.11.2021 21:25:31,-3.799,907.470,907.745,944.305,979.217,-2.876,-0.023
24.11.2021 21:25:32,-3.698,907.928,907.714,944.702,979.980,-2.904,0.018
24.11.2021 21:25:33,-3.600,906.402,906.890,944.091,978.759,-2.857,-0.042
24.11.2021 21:25:34,-3.497,906.890,906.799,944.580,979.248,-2.855,0.007
24.11.2021 21:25:35,-3.402,907.134,907.257,945.068,978.210,-2.730,-0.010
24.11.2021 21:25:36,-3.293,906.677,906.738,946.014,977.569,-2.599,-0.005
24.11.2021 21:25:37,-3.203,907.470,907.775,947.021,977.416,-2.503,-0.026
24.11.2021 21:25:38,-3.095,907.714,907.806,947.723,977.661,-2.464,-0.007
24.11.2021 21:25:39,-2.994,907.501,907.806,948.120,976.684,-2.351,-0.026
24.11.2021 21:25:40,-2.902,907.165,907.653,947.753,976.867,-2.397,-0.042
24.11.2021 21:25:41,-2.793,907.897,907.806,949.462,975.982,-2.182,0.007
24.11.2021 21:25:42,-2.698,907.104,906.982,949.035,975.433,-2.173,0.010
24.11.2021 21:25:43,-2.595,908.325,908.630,951.171,975.250,-1.980,-0.026
24.11.2021 21:25:44,-2.494,907.653,908.325,950.897,974.670,-1.956,-0.058
24.11.2021 21:25:45,-2.394,906.616,906.799,950.927,972.778,-1.800,-0.015
24.11.2021 21:25:46,-2.306,906.677,906.250,950.470,972.198,-1.790,0.037
24.11.2021 21:25:47,-2.193,906.799,906.555,952.117,971.832,-1.623,0.021
24.11.2021 21:25:48,-2.108,906.799,906.494,952.392,971.282,-1.556,0.026
24.11.2021 21:25:49,-1.994,906.738,906.494,953.155,970.519,-1.430,0.021
24.11.2021 21:25:50,-1.891,907.562,907.135,953.552,969.787,-1.337,0.037
24.11.2021 21:25:51,-1.796,906.555,906.402,953.277,968.719,-1.273,0.013
24.11.2021 21:25:52,-1.695,907.226,906.585,954.406,968.566,-1.166,0.055
24.11.2021 21:25:53,-1.592,905.822,905.761,953.674,967.987,-1.180,0.005
24.11.2021 21:25:54,-1.494,907.867,907.623,955.718,968.932,-1.088,0.021
24.11.2021 21:25:55,-1.391,907.867,907.806,956.726,968.841,-0.997,0.005
24.11.2021 21:25:56,-1.301,908.172,908.050,957.641,969.085,-0.941,0.010
24.11.2021 21:25:57,-1.198,907.714,907.531,956.848,967.956,-0.914,0.015
24.11.2021 21:25:58,-1.097,907.287,906.860,957.000,966.644,-0.794,0.037
24.11.2021 21:25:59,-1.000,907.257,906.555,956.878,966.217,-0.769,0.061
24.11.2021 21:26:00,-0.894,907.196,906.921,957.550,966.613,-0.746,0.023
24.11.2021 21:26:01,-0.801,908.111,907.653,958.526,966.461,-0.653,0.039
24.11.2021 21:26:02,-0.706,908.050,907.958,959.594,966.888,-0.600,0.007
24.11.2021 21:26:03,-0.595,908.386,908.203,960.571,966.339,-0.474,0.015
24.11.2021 21:26:04,-0.500,909.210,909.332,961.059,966.552,-0.451,-0.010
24.11.2021 21:26:05,-0.404,909.088,908.935,960.967,965.393,-0.364,0.013
24.11.2021 21:26:06,-0.306,907.287,907.318,960.479,963.287,-0.231,-0.002
24.11.2021 21:26:07,-0.206,908.752,908.996,962.524,964.813,-0.188,-0.021
24.11.2021 21:26:08,-0.095,908.447,908.172,963.134,963.562,-0.035,0.023
24.11.2021 21:26:09,0.006,906.372,907.074,962.341,961.517,0.067,-0.061
24.11.2021 21:26:10,0.098,908.691,908.813,964.813,963.317,0.122,-0.010
24.11.2021 21:26:11,0.204,908.630,909.057,964.477,962.524,0.160,-0.037
24.11.2021 21:26:12,0.307,908.966,908.538,965.637,961.578,0.333,0.037
24.11.2021 21:26:13,0.395,908.355,908.935,965.484,961.364,0.338,-0.050
24.11.2021 21:26:15,0.506,909.607,909.881,968.200,962.616,0.458,-0.023
24.11.2021 21:26:16,0.604,908.844,908.966,967.925,960.601,0.601,-0.010
24.11.2021 21:26:17,0.704,908.843,909.698,968.505,960.174,0.684,-0.074
24.11.2021 21:26:18,0.802,909.637,909.667,968.841,959.442,0.772,-0.002
24.11.2021 21:26:19,0.903,908.599,909.210,968.719,958.862,0.810,-0.053
24.11.2021 21:26:20,1.008,910.003,909.301,970.825,959.136,0.959,0.061
24.11.2021 21:26:21,1.106,908.111,908.691,969.757,957.824,0.981,-0.050
24.11.2021 21:26:22,1.199,910.125,909.973,971.344,958.007,1.095,0.013
24.11.2021 21:26:23,1.302,909.118,909.149,971.069,956.573,1.191,-0.002
24.11.2021 21:26:24,1.403,909.545,909.179,971.405,956.359,1.236,0.031
24.11.2021 21:26:25,1.500,910.095,909.088,971.954,956.420,1.276,0.087
24.11.2021 21:26:26,1.606,910.217,909.515,972.656,956.604,1.318,0.061
24.11.2021 21:26:27,1.699,909.820,908.599,972.656,955.139,1.440,0.106
24.11.2021 21:26:28,1.799,910.186,910.278,973.388,955.474,1.471,-0.007
24.11.2021 21:26:29,1.900,911.437,911.224,975.463,956.817,1.529,0.018
24.11.2021 21:26:30,2.000,911.346,910.644,975.402,955.627,1.622,0.061
24.11.2021 21:26:31,2.104,910.400,910.156,974.487,953.979,1.685,0.021
24.11.2021 21:26:32,2.201,911.041,910.766,975.555,954.498,1.729,0.023
24.11.2021 21:26:33,2.305,910.186,910.064,974.975,953.918,1.730,0.010
24.11.2021 21:26:34,2.400,910.278,910.552,976.532,954.132,1.838,-0.023
24.11.2021 21:26:35,2.503,910.888,910.125,976.409,953.185,1.907,0.066
24.11.2021 21:26:36,2.604,911.529,910.492,977.386,953.216,1.984,0.090
24.11.2021 21:26:37,2.707,912.262,911.621,978.576,953.918,2.022,0.055
24.11.2021 21:26:38,2.805,911.560,910.797,977.813,951.782,2.137,0.066
24.11.2021 21:26:39,2.905,912.200,911.590,979.492,953.338,2.144,0.053
24.11.2021 21:26:40,3.008,911.956,911.132,979.644,952.514,2.225,0.071
24.11.2021 21:26:41,3.093,912.872,912.109,981.658,952.270,2.408,0.066
24.11.2021 21:26:42,3.204,912.963,911.834,981.872,951.660,2.476,0.098
24.11.2021 21:26:43,3.307,912.933,911.682,982.849,951.019,2.608,0.108
24.11.2021 21:26:44,3.400,913.635,912.597,983.947,950.805,2.714,0.090
24.11.2021 21:26:45,3.503,913.024,911.529,983.550,949.371,2.802,0.129
24.11.2021 21:26:46,3.601,913.574,912.963,985.168,950.042,2.876,0.052
24.11.2021 21:26:47,3.691,913.391,912.170,985.870,948.608,3.052,0.105
24.11.2021 21:26:48,3.799,914.672,913.696,987.365,949.920,3.063,0.084
24.11.2021 21:26:49,3.903,913.848,912.841,988.372,948.303,3.278,0.087
24.11.2021 21:26:50,4.000,914.001,912.383,987.548,947.021,3.319,0.140
24.11.2021 21:26:51,4.098,914.398,913.299,989.410,946.502,3.512,0.095
24.11.2021 21:26:52,4.201,914.703,913.269,989.685,946.228,3.557,0.124
24.11.2021 21:26:53,4.302,914.855,913.055,990.966,944.549,3.800,0.156
24.11.2021 21:26:54,4.400,915.954,914.581,992.462,946.411,3.764,0.118
24.11.2021 21:26:56,4.500,916.442,915.222,993.774,945.465,3.947,0.105
24.11.2021 21:26:57,4.609,915.954,914.611,993.255,944.732,3.967,0.116
24.11.2021 21:26:58,4.699,916.290,914.672,994.476,944.580,4.078,0.140
24.11.2021 21:26:59,4.799,916.503,915.100,994.873,943.512,4.199,0.121
24.11.2021 21:27:00,4.897,916.870,914.428,994.720,943.237,4.210,0.211
24.11.2021 21:27:01,5.006,916.992,915.313,996.093,943.420,4.303,0.145
24.11.2021 21:27:02,5.101,917.175,915.039,996.276,942.626,4.385,0.184
24.11.2021 21:27:03,5.207,917.175,915.740,996.398,942.199,4.430,0.124
24.11.2021 21:27:04,5.297,917.785,915.679,997.375,942.321,4.498,0.182
24.11.2021 21:27:05,5.400,917.968,916.839,997.985,942.199,4.556,0.097
24.11.2021 21:27:06,5.498,918.792,917.358,998.992,942.535,4.608,0.123
24.11.2021 21:27:07,5.604,918.670,916.503,999.206,941.406,4.720,0.187
24.11.2021 21:27:08,5.699,919.189,917.694,1001.068,941.955,4.821,0.129
24.11.2021 21:27:09,5.802,918.945,917.968,1000.549,940.887,4.870,0.084
24.11.2021 21:27:10,5.897,919.219,917.511,1001.220,940.582,4.948,0.147
24.11.2021 21:27:11,6.000,919.525,917.938,1001.922,939.361,5.107,0.136
24.11.2021 21:27:12,6.098,920.013,918.121,1002.380,939.727,5.112,0.163
24.11.2021 21:27:13,6.204,921.966,919.311,1005.004,939.910,5.304,0.228
24.11.2021 21:27:14,6.299,920.410,918.517,1004.089,939.270,5.285,0.163
24.11.2021 21:27:15,6.403,921.813,919.433,1005.950,939.178,5.440,0.204
24.11.2021 21:27:16,6.503,922.057,920.013,1006.286,939.178,5.466,0.175
24.11.2021 21:27:17,6.606,921.813,919.952,1007.110,937.744,5.652,0.160
24.11.2021 21:27:18,6.701,923.583,921.142,1008.758,939.117,5.665,0.209
24.11.2021 21:27:19,6.805,922.302,919.982,1008.483,936.370,5.876,0.199
24.11.2021 21:27:20,6.900,922.790,920.166,1009.185,935.974,5.964,0.225
24.11.2021 21:27:21,7.006,923.980,921.386,1010.589,936.126,6.061,0.222
24.11.2021 21:27:22,7.098,922.973,920.471,1010.162,934.844,6.136,0.215
24.11.2021 21:27:23,7.199,923.767,921.508,1011.962,935.424,6.228,0.193
24.11.2021 21:27:24,7.299,923.583,921.203,1012.115,933.929,6.367,0.204
24.11.2021 21:27:25,7.400,925.933,923.126,1014.617,935.455,6.433,0.240
24.11.2021 21:27:26,7.503,924.926,922.271,1014.129,932.983,6.604,0.227
24.11.2021 21:27:27,7.601,925.232,922.363,1014.465,933.166,6.615,0.246
24.11.2021 21:27:28,7.699,925.293,922.454,1015.869,933.075,6.732,0.243
24.11.2021 21:27:29,7.802,926.605,923.706,1016.815,933.563,6.764,0.248
24.11.2021 21:27:30,7.903,926.727,923.889,1017.761,932.373,6.939,0.243
24.11.2021 21:27:31,8.008,926.330,923.553,1017.913,932.037,6.979,0.237
24.11.2021 21:27:32,8.104,927.154,923.797,1018.402,931.121,7.095,0.287
24.11.2021 21:27:33,8.199,927.276,923.797,1019.042,930.511,7.196,0.297
24.11.2021 21:27:34,8.302,926.116,923.339,1017.822,929.473,7.190,0.237
24.11.2021 21:27:35,8.405,927.459,924.530,1020.477,930.358,7.320,0.250
24.11.2021 21:27:36,8.503,928.375,925.720,1020.874,930.511,7.338,0.226
24.11.2021 21:27:37,8.601,928.466,925.262,1021.972,930.481,7.426,0.273
24.11.2021 21:27:38,8.704,928.863,925.933,1022.552,930.328,7.484,0.250
24.11.2021 21:27:39,8.802,928.802,925.750,1022.491,928.192,7.661,0.260
24.11.2021 21:27:40,8.903,928.192,925.170,1022.552,927.215,7.749,0.258
24.11.2021 21:27:41,9.003,929.046,925.567,1023.712,927.642,7.802,0.297
24.11.2021 21:27:42,9.101,929.473,926.361,1024.749,927.062,7.931,0.265
24.11.2021 21:27:43,9.199,930.847,927.337,1026.183,927.459,8.008,0.299
24.11.2021 21:27:44,9.297,929.962,926.177,1025.817,925.354,8.159,0.323
24.11.2021 21:27:45,9.403,931.243,927.612,1027.526,925.506,8.278,0.309
24.11.2021 21:27:46,9.503,930.786,926.696,1027.588,924.255,8.390,0.348
24.11.2021 21:27:47,9.596,930.633,927.154,1027.862,923.797,8.450,0.296
24.11.2021 21:27:48,9.691,931.549,927.887,1029.480,923.309,8.616,0.312
24.11.2021 21:27:49,9.794,931.274,927.246,1029.510,922.271,8.707,0.343
24.11.2021 21:27:50,9.895,931.518,927.612,1031.189,921.844,8.872,0.332
24.11.2021 21:27:51,10.000,932.556,928.924,1032.775,921.692,9.007,0.309
24.11.2021 21:27:52,10.104,932.098,928.436,1032.531,920.684,9.074,0.311
24.11.2021 21:27:53,10.199,933.624,929.321,1033.508,919.525,9.249,0.366
24.11.2021 21:27:54,10.302,933.013,928.955,1033.630,919.494,9.261,0.345
24.11.2021 21:27:55,10.403,933.563,928.833,1035.186,918.212,9.490,0.402
24.11.2021 21:27:56,10.500,933.044,929.595,1035.736,918.029,9.547,0.293
24.11.2021 21:27:58,10.609,934.661,930.572,1037.170,917.053,9.740,0.347
24.11.2021 21:27:59,10.701,935.333,930.969,1038.696,916.259,9.925,0.370
24.11.2021 21:28:01,10.807,933.990,929.382,1037.963,915.679,9.919,0.391
24.11.2021 21:28:02,10.905,934.448,930.053,1039.337,914.245,10.147,0.373
24.11.2021 21:28:04,11.008,935.272,931.152,1040.527,915.008,10.172,0.349
24.11.2021 21:28:05,11.098,935.455,931.365,1040.893,913.146,10.360,0.347
24.11.2021 21:28:06,11.207,934.936,930.419,1039.581,911.499,10.403,0.383
24.11.2021 21:28:07,11.299,935.943,931.365,1042.114,912.139,10.540,0.388
24.11.2021 21:28:08,11.408,935.363,931.488,1041.137,911.315,10.537,0.329
24.11.2021 21:28:09,11.506,935.791,930.786,1042.327,909.240,10.807,0.424
24.11.2021 21:28:10,11.598,937.011,932.006,1043.579,909.698,10.862,0.424
24.11.2021 21:28:11,11.704,937.377,932.464,1044.464,908.355,11.045,0.416
24.11.2021 21:28:12,11.794,937.591,932.952,1045.471,908.752,11.087,0.393
24.11.2021 21:28:13,11.905,937.683,932.922,1045.867,906.982,11.270,0.403
24.11.2021 21:28:14,11.998,937.438,932.556,1045.654,906.097,11.331,0.413
24.11.2021 21:28:15,12.104,937.286,932.708,1046.356,905.487,11.437,0.387
24.11.2021 21:28:16,12.196,938.781,933.563,1048.401,906.463,11.506,0.441
24.11.2021 21:28:17,12.302,938.537,933.624,1048.156,904.663,11.645,0.415
24.11.2021 21:28:18,12.397,939.605,934.722,1050.079,904.388,11.813,0.412
24.11.2021 21:28:19,12.506,939.788,934.967,1049.896,903.686,11.860,0.407
24.11.2021 21:28:20,12.596,940.429,934.600,1050.689,902.862,11.992,0.492
24.11.2021 21:28:21,12.699,940.307,935.089,1052.124,901.458,12.222,0.440
24.11.2021 21:28:22,12.799,941.162,935.607,1052.673,901.855,12.228,0.469
24.11.2021 21:28:23,12.900,940.033,935.638,1052.673,900.512,12.346,0.371
24.11.2021 21:28:24,13.006,940.338,935.333,1053.741,899.261,12.535,0.422
24.11.2021 21:28:25,13.101,941.284,936.309,1054.626,898.498,12.668,0.419
24.11.2021 21:28:26,13.199,940.704,935.607,1054.382,896.942,12.786,0.430
24.11.2021 21:28:27,13.297,941.467,935.943,1054.870,896.789,12.836,0.466
24.11.2021 21:28:28,13.403,941.497,937.133,1057.647,896.820,13.040,0.368
24.11.2021 21:28:29,13.495,942.687,937.866,1057.891,896.118,13.120,0.406
24.11.2021 21:28:30,13.601,943.237,937.988,1059.875,895.874,13.289,0.442
24.11.2021 21:28:31,13.699,942.932,937.683,1059.326,893.920,13.420,0.442
24.11.2021 21:28:32,13.802,942.993,937.500,1059.967,893.310,13.521,0.462
24.11.2021 21:28:33,13.903,941.528,935.791,1058.258,890.045,13.682,0.484
24.11.2021 21:28:34,14.003,942.687,936.889,1060.546,890.747,13.790,0.488
24.11.2021 21:28:35,14.104,942.993,937.805,1060.974,889.373,13.943,0.437
24.11.2021 21:28:36,14.201,943.115,937.835,1061.981,888.824,14.066,0.444
24.11.2021 21:28:37,14.297,943.664,937.469,1062.194,888.061,14.150,0.521
24.11.2021 21:28:38,14.397,944.000,938.507,1063.293,887.023,14.323,0.462
24.11.2021 21:28:39,14.498,943.420,937.744,1062.713,885.162,14.445,0.478
24.11.2021 21:28:40,14.596,944.976,938.934,1065.093,886.047,14.542,0.508
24.11.2021 21:28:42,14.694,945.342,939.453,1065.643,885.498,14.632,0.495
24.11.2021 21:28:43,14.794,945.983,940.124,1066.894,884.735,14.791,0.492
24.11.2021 21:28:44,14.895,945.281,939.514,1066.497,883.422,14.879,0.484
24.11.2021 21:28:45,15.003,946.411,940.704,1067.810,882.934,15.019,0.479
24.11.2021 21:28:46,15.093,946.319,940.917,1068.145,881.622,15.160,0.453
24.11.2021 21:28:47,15.196,946.166,939.758,1067.626,879.943,15.272,0.538
24.11.2021 21:28:48,15.294,945.312,939.300,1067.657,878.967,15.361,0.505
24.11.2021 21:28:49,15.392,946.045,940.582,1069.549,878.143,15.574,0.458
24.11.2021 21:28:50,15.495,946.472,940.521,1070.495,877.777,15.676,0.499
24.11.2021 21:28:51,15.596,946.472,940.551,1070.556,875.854,15.852,0.497
24.11.2021 21:28:52,15.694,947.631,941.742,1073.242,876.800,15.964,0.494
24.11.2021 21:28:53,15.792,947.204,940.948,1072.448,874.176,16.141,0.525
24.11.2021 21:28:54,15.900,946.502,940.582,1072.265,872.589,16.270,0.497
24.11.2021 21:28:55,15.993,946.227,940.277,1073.089,871.520,16.427,0.499
24.11.2021 21:28:56,16.096,946.441,940.582,1073.944,870.605,16.571,0.492
24.11.2021 21:28:57,16.191,947.357,940.887,1075.134,869.384,16.768,0.542
24.11.2021 21:28:58,16.305,947.540,941.741,1076.080,868.896,16.881,0.486
24.11.2021 21:28:59,16.395,947.357,940.582,1075.561,866.729,17.039,0.568
24.11.2021 21:29:00,16.503,947.357,940.948,1076.080,864.959,17.237,0.537
24.11.2021 21:29:01,16.596,948.028,941.375,1077.026,864.562,17.341,0.558
24.11.2021 21:29:02,16.696,947.082,940.368,1077.026,862.792,17.502,0.563
24.11.2021 21:29:03,16.794,947.113,940.612,1077.819,862.213,17.612,0.545
24.11.2021 21:29:04,16.892,947.875,941.467,1079.101,861.114,17.805,0.537
24.11.2021 21:29:05,16.993,947.784,941.619,1079.803,859.680,17.986,0.517
24.11.2021 21:29:06,17.093,948.638,941.680,1080.047,858.337,18.126,0.583
24.11.2021 21:29:07,17.194,947.784,940.429,1080.078,856.170,18.326,0.617
24.11.2021 21:29:08,17.294,946.929,940.582,1080.291,855.255,18.425,0.532
24.11.2021 21:29:09,17.395,948.791,941.802,1082.275,854.797,18.610,0.585
24.11.2021 21:29:10,17.495,947.570,941.040,1081.787,852.722,18.765,0.548
24.11.2021 21:29:11,17.598,947.204,940.857,1081.665,851.409,18.876,0.532
24.11.2021 21:29:12,17.696,947.875,941.284,1082.824,850.250,19.067,0.552
24.11.2021 21:29:13,17.794,948.700,941.925,1083.648,849.609,19.185,0.567
24.11.2021 21:29:14,17.895,948.028,940.643,1083.282,847.625,19.341,0.619
24.11.2021 21:29:15,17.993,947.051,940.338,1083.770,847.045,19.430,0.563
24.11.2021 21:29:16,18.096,947.845,941.162,1084.350,845.733,19.592,0.560
24.11.2021 21:29:17,18.191,948.883,941.497,1085.143,845.123,19.706,0.619
24.11.2021 21:29:18,18.297,949.798,942.626,1086.517,844.116,19.897,0.600
24.11.2021 21:29:19,18.395,949.401,942.108,1086.944,842.651,20.063,0.611
24.11.2021 21:29:20,18.493,949.279,941.558,1085.754,840.393,20.187,0.647
24.11.2021 21:29:21,18.596,948.394,940.094,1084.960,838.500,20.306,0.696
24.11.2021 21:29:22,18.691,949.005,941.467,1086.791,838.317,20.454,0.631
24.11.2021 21:29:23,18.794,949.401,941.894,1087.158,837.616,20.546,0.629
24.11.2021 21:29:24,18.895,948.730,940.856,1086.974,835.052,20.771,0.660
24.11.2021 21:29:25,18.995,948.760,941.589,1087.768,834.655,20.865,0.601
24.11.2021 21:29:26,19.093,948.730,941.131,1087.432,832.214,21.069,0.637
24.11.2021 21:29:27,19.194,948.730,940.979,1086.853,832.336,21.016,0.650
24.11.2021 21:29:28,19.294,947.479,939.971,1086.944,829.315,21.306,0.630
24.11.2021 21:29:29,19.392,947.723,940.216,1087.219,828.826,21.371,0.630
24.11.2021 21:29:30,19.493,947.174,939.300,1087.463,826.751,21.584,0.661
24.11.2021 21:29:31,19.593,947.448,940.185,1088.073,826.110,21.688,0.609
24.11.2021 21:29:32,19.691,948.730,940.917,1089.050,825.286,21.835,0.655
24.11.2021 21:29:33,19.792,947.418,939.544,1087.677,822.509,21.999,0.661
24.11.2021 21:29:34,19.900,947.448,939.758,1087.707,821.533,22.094,0.645
24.11.2021 21:29:35,19.998,947.021,939.575,1088.623,821.502,22.162,0.625
24.11.2021 21:29:36,20.098,948.425,940.582,1089.752,820.190,22.367,0.657
24.11.2021 21:29:37,20.191,947.631,939.483,1089.019,818.572,22.468,0.684
24.11.2021 21:29:38,20.299,948.333,940.094,1090.362,817.626,22.653,0.691
24.11.2021 21:29:39,20.397,947.021,939.453,1089.569,816.314,22.721,0.635
24.11.2021 21:29:40,20.508,946.838,938.293,1089.599,813.873,22.956,0.718
24.11.2021 21:29:41,20.598,946.960,939.178,1090.270,814.483,22.945,0.653
24.11.2021 21:29:42,20.694,946.319,937.896,1089.660,812.988,23.045,0.708
24.11.2021 21:29:43,20.805,946.258,938.629,1090.667,812.042,23.206,0.641
24.11.2021 21:29:44,20.905,947.265,940.002,1091.461,811.645,23.301,0.609
24.11.2021 21:29:45,21.006,946.929,938.720,1091.217,809.326,23.505,0.689
24.11.2021 21:29:46,21.109,945.739,938.446,1089.569,807.678,23.546,0.613
24.11.2021 21:29:47,21.191,946.136,937.194,1090.423,806.579,23.712,0.752
24.11.2021 21:29:48,21.307,945.312,937.805,1090.301,805.328,23.824,0.631
24.11.2021 21:29:49,21.403,945.800,937.744,1091.858,804.687,23.996,0.677
24.11.2021 21:29:50,21.503,945.648,937.225,1091.705,803.497,24.100,0.708
24.11.2021 21:29:51,21.593,945.190,936.889,1091.247,801.788,24.232,0.698
24.11.2021 21:29:52,21.699,945.282,936.950,1092.529,800.659,24.432,0.701
24.11.2021 21:29:53,21.792,945.037,936.615,1091.613,798.828,24.544,0.709
24.11.2021 21:29:54,21.905,944.458,935.577,1091.735,797.973,24.636,0.748
24.11.2021 21:29:55,21.993,943.878,935.028,1091.796,795.898,24.841,0.746
24.11.2021 21:29:56,22.093,944.305,935.333,1092.926,795.440,24.966,0.756
24.11.2021 21:29:57,22.191,943.786,935.058,1092.743,793.579,25.134,0.736
24.11.2021 21:29:58,22.294,944.824,935.516,1093.536,793.426,25.205,0.784
24.11.2021 21:29:59,22.397,944.702,935.973,1093.139,791.412,25.373,0.735
24.11.2021 21:30:00,22.495,943.908,934.173,1092.926,789.764,25.519,0.821
24.11.2021 21:30:01,22.596,943.054,934.326,1093.444,788.421,25.687,0.736
24.11.2021 21:30:02,22.699,943.206,933.959,1094.055,787.567,25.813,0.780
24.11.2021 21:30:03,22.794,943.572,934.783,1094.268,786.560,25.927,0.741
24.11.2021 21:30:04,22.895,943.450,933.624,1093.841,785.339,26.017,0.829
24.11.2021 21:30:05,22.993,942.901,934.478,1093.658,783.721,26.163,0.711
24.11.2021 21:30:06,23.093,943.054,933.349,1094.360,782.379,26.344,0.819
24.11.2021 21:30:07,23.199,942.474,933.288,1093.994,781.311,26.424,0.776
24.11.2021 21:30:08,23.292,941.253,931.976,1094.085,779.998,26.560,0.784
24.11.2021 21:30:09,23.397,941.345,932.586,1094.390,778.686,26.711,0.740
24.11.2021 21:30:10,23.493,941.894,932.678,1094.665,778.381,26.760,0.779
24.11.2021 21:30:11,23.593,940.551,932.220,1094.146,776.489,26.911,0.705
24.11.2021 21:30:12,23.694,941.040,931.610,1094.543,775.299,27.057,0.798
24.11.2021 21:30:13,23.794,941.711,932.952,1094.970,774.902,27.126,0.740
24.11.2021 21:30:14,23.895,941.040,931.213,1094.146,774.047,27.153,0.831
24.11.2021 21:30:15,23.993,940.002,931.274,1094.268,772.003,27.365,0.739
24.11.2021 21:30:16,24.096,940.887,931.426,1095.062,772.033,27.418,0.800
24.11.2021 21:30:17,24.194,940.643,931.823,1094.879,771.057,27.503,0.746
24.11.2021 21:30:18,24.294,939.788,930.603,1095.428,769.683,27.678,0.778
24.11.2021 21:30:19,24.395,939.544,931.060,1094.360,767.913,27.780,0.718
24.11.2021 21:30:20,24.495,939.788,930.236,1094.665,766.998,27.893,0.809
24.11.2021 21:30:21,24.596,939.819,930.877,1095.306,766.448,27.993,0.757
24.11.2021 21:30:22,24.691,939.727,930.694,1095.398,765.411,28.103,0.765
24.11.2021 21:30:23,24.797,938.171,929.717,1094.024,763.214,28.228,0.717
24.11.2021 21:30:24,24.892,938.659,930.145,1094.207,763.305,28.231,0.722
24.11.2021 21:30:25,24.998,938.629,929.717,1094.848,761.474,28.460,0.755
24.11.2021 21:30:27,25.096,938.995,929.870,1094.360,760.986,28.475,0.773
24.11.2021 21:30:28,25.191,938.781,929.870,1095.245,760.223,28.614,0.755
24.11.2021 21:30:29,25.292,937.835,928.771,1094.390,758.758,28.702,0.769
24.11.2021 21:30:30,25.392,937.561,928.161,1094.146,757.415,28.821,0.798
24.11.2021 21:30:31,25.495,936.859,927.520,1093.780,755.401,28.999,0.793
24.11.2021 21:30:32,25.598,936.675,928.253,1093.750,755.340,29.003,0.715
24.11.2021 21:30:33,25.694,936.950,927.612,1094.085,754.180,29.144,0.793
24.11.2021 21:30:34,25.792,936.645,927.703,1092.895,753.387,29.142,0.760
24.11.2021 21:30:35,25.897,935.638,926.696,1093.567,752.471,29.282,0.760
24.11.2021 21:30:36,25.993,935.729,927.062,1093.536,752.136,29.314,0.737
24.11.2021 21:30:37,26.096,935.577,926.940,1093.597,751.159,29.417,0.734
24.11.2021 21:30:38,26.191,935.760,927.062,1093.902,750.274,29.529,0.739
24.11.2021 21:30:39,26.294,934.692,925.903,1092.803,749.206,29.561,0.748
24.11.2021 21:30:40,26.390,935.119,926.299,1093.597,748.046,29.735,0.750
24.11.2021 21:30:41,26.488,933.715,924.713,1091.369,747.436,29.642,0.767
24.11.2021 21:30:42,26.598,933.075,924.468,1092.834,747.497,29.738,0.734
24.11.2021 21:30:43,26.691,933.227,924.530,1092.529,746.215,29.848,0.741
24.11.2021 21:30:44,26.799,932.769,923.217,1092.132,745.635,29.879,0.815
24.11.2021 21:30:45,26.887,933.776,924.377,1092.773,744.812,30.009,0.801
24.11.2021 21:30:46,26.990,933.715,924.560,1092.559,744.476,30.028,0.780
24.11.2021 21:30:47,27.091,933.868,924.194,1093.688,743.499,30.207,0.825
24.11.2021 21:30:48,27.186,931.457,922.088,1091.003,741.485,30.227,0.801
24.11.2021 21:30:49,27.289,931.762,922.393,1092.254,741.485,30.314,0.800
24.11.2021 21:30:50,27.390,931.762,922.882,1092.468,740.081,30.474,0.758
24.11.2021 21:30:51,27.488,932.006,922.576,1092.742,739.898,30.512,0.805
24.11.2021 21:30:52,27.588,930.755,922.088,1093.231,739.257,30.612,0.741
24.11.2021 21:30:53,27.689,931.640,922.332,1093.597,738.403,30.726,0.795
24.11.2021 21:30:54,27.787,931.457,921.295,1093.109,737.701,30.764,0.869
24.11.2021 21:30:55,27.890,930.389,921.050,1094.177,737.091,30.902,0.799
24.11.2021 21:30:56,27.988,930.023,920.684,1093.933,735.992,30.999,0.799
24.11.2021 21:30:57,28.091,929.351,919.525,1093.170,734.863,31.062,0.842
24.11.2021 21:30:58,28.186,929.473,920.013,1093.322,733.612,31.203,0.810
24.11.2021 21:30:59,28.287,929.290,920.257,1094.146,733.215,31.301,0.774
24.11.2021 21:31:00,28.390,930.267,920.776,1094.390,732.574,31.385,0.812
24.11.2021 21:31:01,28.495,928.833,918.487,1093.566,730.102,31.585,0.887
24.11.2021 21:31:02,28.593,928.771,919.281,1094.543,730.407,31.621,0.813
24.11.2021 21:31:03,28.691,927.612,918.365,1094.360,729.797,31.672,0.793
24.11.2021 21:31:04,28.787,926.818,917.877,1094.146,728.271,31.816,0.768
24.11.2021 21:31:05,28.887,927.032,918.151,1094.268,727.325,31.924,0.762
24.11.2021 21:31:06,28.988,927.307,917.663,1094.970,726.531,32.055,0.828
24.11.2021 21:31:07,29.091,925.750,917.114,1093.444,725.189,32.090,0.742
24.11.2021 21:31:08,29.186,925.903,915.954,1093.505,724.243,32.193,0.856
24.11.2021 21:31:09,29.292,925.598,915.801,1094.177,723.876,32.278,0.843
24.11.2021 21:31:10,29.390,923.889,915.344,1094.177,722.473,32.426,0.736
24.11.2021 21:31:11,29.493,924.591,914.581,1093.567,721.893,32.444,0.862
24.11.2021 21:31:12,29.588,925.079,915.741,1094.787,722.137,32.503,0.803
24.11.2021 21:31:13,29.689,924.285,914.520,1093.322,719.848,32.643,0.841
24.11.2021 21:31:14,29.789,924.255,913.909,1093.078,719.573,32.655,0.891
24.11.2021 21:31:15,29.890,922.973,913.269,1092.468,718.261,32.751,0.837
24.11.2021 21:31:16,29.993,921.630,912.597,1091.064,717.010,32.785,0.780
24.11.2021 21:31:17,30.096,922.668,912.628,1092.163,716.613,32.904,0.866
24.11.2021 21:31:18,30.196,921.417,912.017,1091.400,715.148,33.006,0.812
24.11.2021 21:31:19,30.287,922.027,912.017,1091.735,714.477,33.100,0.864
24.11.2021 21:31:20,30.387,922.485,912.231,1092.010,713.317,33.243,0.885
24.11.2021 21:31:21,30.493,921.508,912.353,1092.254,713.226,33.269,0.791
24.11.2021 21:31:22,30.588,920.654,911.102,1091.827,712.585,33.308,0.826
24.11.2021 21:31:23,30.691,920.410,910.430,1091.583,711.547,33.401,0.863
24.11.2021 21:31:24,30.789,920.166,910.492,1090.942,710.266,33.493,0.837
24.11.2021 21:31:25,30.897,920.318,910.339,1091.369,710.418,33.507,0.863
24.11.2021 21:31:26,30.998,919.799,909.667,1090.576,708.557,33.650,0.877
24.11.2021 21:31:27,31.088,918.304,908.294,1089.233,707.275,33.694,0.868
24.11.2021 21:31:28,31.201,917.877,908.141,1088.745,706.909,33.699,0.844
24.11.2021 21:31:30,31.297,916.870,907.440,1088.592,706.237,33.760,0.819
24.11.2021 21:31:31,31.390,917.663,906.280,1088.501,705.688,33.813,0.989
24.11.2021 21:31:33,31.500,916.656,907.196,1086.974,704.040,33.884,0.822
24.11.2021 21:31:35,31.596,916.900,906.799,1087.738,703.857,33.956,0.877
24.11.2021 21:31:37,31.699,916.595,906.433,1086.730,702.728,34.008,0.883
24.11.2021 21:31:38,31.792,915.741,904.998,1085.693,701.873,34.027,0.935
24.11.2021 21:31:39,31.900,916.168,905.853,1086.547,701.141,34.166,0.897
24.11.2021 21:31:40,31.993,914.794,904.998,1084.594,699.798,34.175,0.853
24.11.2021 21:31:41,32.104,914.153,903.381,1084.381,698.669,34.282,0.939
24.11.2021 21:31:42,32.186,913.085,902.709,1083.099,697.448,34.325,0.905
24.11.2021 21:31:43,32.292,913.635,902.862,1083.374,697.723,34.314,0.939
24.11.2021 21:31:44,32.390,912.506,902.770,1082.855,697.113,34.344,0.849
24.11.2021 21:31:45,32.488,913.330,901.946,1082.336,696.166,34.410,0.993
24.11.2021 21:31:46,32.588,912.658,902.435,1082.641,695.312,34.524,0.892
24.11.2021 21:31:47,32.686,911.773,900.512,1080.261,694.183,34.481,0.984
24.11.2021 21:31:48,32.789,910.797,898.986,1079.162,692.626,34.573,1.034
24.11.2021 21:31:49,32.890,909.698,899.169,1078.613,691.955,34.608,0.922
24.11.2021 21:31:50,32.990,909.545,898.498,1077.789,691.253,34.627,0.968
24.11.2021 21:31:51,33.088,909.973,898.529,1079.010,690.887,34.752,1.002
24.11.2021 21:31:52,33.191,909.149,897.247,1077.545,689.422,34.810,1.044
24.11.2021 21:31:53,33.289,908.660,897.155,1076.751,688.385,34.868,1.009
24.11.2021 21:31:54,33.392,907.348,896.026,1075.775,687.744,34.870,0.994
24.11.2021 21:31:55,33.490,906.219,895.141,1075.775,686.462,35.011,0.974
24.11.2021 21:31:56,33.588,905.242,894.226,1074.402,685.424,35.028,0.970
24.11.2021 21:31:57,33.689,905.273,893.554,1073.516,685.150,34.996,1.032
24.11.2021 21:31:58,33.789,904.968,893.585,1074.462,684.417,35.143,1.003
24.11.2021 21:31:59,33.887,903.808,893.096,1073.242,683.288,35.182,0.944
24.11.2021 21:32:00,33.988,904.479,892.028,1073.150,682.525,35.260,1.098
24.11.2021 21:32:01,34.091,901.458,891.082,1071.258,681.243,35.268,0.917
24.11.2021 21:32:02,34.189,901.702,889.251,1070.953,679.656,35.423,1.101
24.11.2021 21:32:03,34.292,901.519,890.014,1071.258,679.870,35.420,1.017
24.11.2021 21:32:04,34.390,900.329,889.190,1070.129,678.405,35.503,0.986
24.11.2021 21:32:05,34.488,899.810,887.786,1070.068,677.459,35.604,1.065
24.11.2021 21:32:06,34.588,899.475,887.573,1069.122,676.300,35.666,1.055
24.11.2021 21:32:07,34.689,898.620,886.505,1068.634,675.262,35.748,1.075
24.11.2021 21:32:08,34.792,897.155,886.505,1067.901,674.224,35.812,0.946
24.11.2021 21:32:09,34.887,896.972,885.345,1067.504,673.553,35.859,1.033
24.11.2021 21:32:10,34.988,896.484,885.223,1067.565,672.424,35.989,1.001
24.11.2021 21:32:11,35.091,895.355,884.185,1065.124,670.776,36.001,0.994
24.11.2021 21:32:13,35.186,895.324,883.239,1065.948,670.013,36.145,1.076
24.11.2021 21:32:14,35.289,894.165,882.171,1063.781,668.579,36.153,1.070
24.11.2021 21:32:15,35.387,893.219,880.401,1063.598,666.534,36.370,1.145
24.11.2021 21:32:16,35.493,892.059,880.584,1062.774,665.863,36.388,1.025
24.11.2021 21:32:17,35.588,891.723,879.821,1062.927,664.947,36.502,1.064
24.11.2021 21:32:18,35.686,891.754,879.852,1062.957,663.787,36.635,1.064
24.11.2021 21:32:19,35.787,890.777,878.448,1061.035,662.719,36.620,1.104
24.11.2021 21:32:20,35.887,890.258,878.387,1061.126,661.315,36.785,1.063
24.11.2021 21:32:21,35.990,888.824,876.770,1059.417,660.003,36.813,1.081
24.11.2021 21:32:22,36.088,887.542,875.518,1058.532,658.447,36.928,1.080
24.11.2021 21:32:23,36.189,886.169,874.633,1057.128,657.226,36.967,1.038
24.11.2021 21:32:24,36.287,886.230,874.542,1057.342,656.921,37.017,1.052
24.11.2021 21:32:25,36.390,885.040,873.870,1056.793,655.792,37.107,1.006
24.11.2021 21:32:26,36.488,884.613,873.138,1055.877,654.907,37.143,1.034
24.11.2021 21:32:28,36.601,883.178,871.551,1053.710,652.984,37.210,1.050
24.11.2021 21:32:29,36.691,881.469,870.147,1053.527,651.306,37.389,1.024
24.11.2021 21:32:31,36.797,881.835,869.842,1052.825,651.031,37.371,1.085
24.11.2021 21:32:32,36.887,880.249,869.293,1052.124,649.658,37.479,0.992
24.11.2021 21:32:33,37.000,879.211,867.858,1050.353,647.735,37.575,1.029
24.11.2021 21:32:34,37.093,879.089,866.943,1049.163,646.881,37.589,1.102
24.11.2021 21:32:35,37.186,876.312,864.898,1047.088,645.233,37.632,1.038
24.11.2021 21:32:36,37.287,876.251,864.074,1047.057,643.951,37.778,1.108
24.11.2021 21:32:37,37.390,875.763,864.776,1046.935,643.554,37.815,1.000
24.11.2021 21:32:38,37.490,875.366,863.494,1045.654,642.364,37.862,1.081
24.11.2021 21:32:39,37.588,874.938,862.701,1045.135,641.479,37.928,1.116
24.11.2021 21:32:40,37.686,873.046,861.328,1041.565,639.282,37.929,1.070
24.11.2021 21:32:41,37.789,872.894,860.412,1042.449,638.519,38.081,1.141
24.11.2021 21:32:42,37.887,870.544,858.947,1039.062,636.840,38.035,1.062
24.11.2021 21:32:43,37.995,870.330,857.482,1039.276,636.077,38.140,1.178
24.11.2021 21:32:44,38.093,868.896,857.055,1037.445,634.185,38.230,1.087
24.11.2021 21:32:45,38.186,869.323,856.964,1037.658,634.399,38.221,1.134
24.11.2021 21:32:46,38.287,866.973,855.285,1035.156,632.232,38.296,1.075
24.11.2021 21:32:47,38.390,866.973,854.888,1034.118,631.408,38.318,1.112
24.11.2021 21:32:48,38.490,866.210,853.576,1033.508,630.310,38.404,1.164
24.11.2021 21:32:49,38.591,864.257,852.783,1031.402,629.150,38.389,1.059
24.11.2021 21:32:50,38.689,863.739,851.287,1030.883,627.899,38.500,1.150
24.11.2021 21:32:51,38.787,863.372,851.287,1029.418,627.349,38.460,1.116
24.11.2021 21:32:52,38.892,862.213,849.883,1028.900,626.251,38.553,1.141
24.11.2021 21:32:53,38.988,861.358,849.853,1028.228,624.816,38.675,1.065
24.11.2021 21:32:54,39.093,860.748,847.992,1026.428,623.229,38.734,1.183
24.11.2021 21:32:55,39.189,859.069,846.862,1024.627,622.833,38.650,1.134
24.11.2021 21:32:56,39.287,858.306,845.611,1024.475,620.880,38.873,1.180
24.11.2021 21:32:57,39.387,857.666,845.428,1022.949,620.269,38.836,1.138
24.11.2021 21:32:58,39.490,857.971,845.062,1023.925,619.506,38.998,1.201
24.11.2021 21:32:59,39.591,855.865,843.536,1021.362,618.041,38.988,1.149
24.11.2021 21:33:00,39.689,856.170,843.383,1022.247,617.553,39.111,1.192
24.11.2021 21:33:01,39.792,854.003,841.064,1018.341,615.051,39.128,1.209
24.11.2021 21:33:02,39.887,853.027,840.148,1018.921,614.715,39.211,1.205
24.11.2021 21:33:03,39.988,852.233,839.569,1018.005,613.250,39.322,1.186
24.11.2021 21:33:04,40.088,850.921,838.134,1017.151,611.785,39.437,1.199
24.11.2021 21:33:05,40.186,850.250,837.676,1016.479,610.870,39.500,1.180
24.11.2021 21:33:06,40.292,849.609,837.097,1016.235,609.985,39.589,1.175
24.11.2021 21:33:07,40.392,848.205,836.120,1014.251,608.734,39.597,1.137
24.11.2021 21:33:08,40.490,847.564,835.235,1014.373,607.330,39.777,1.161
24.11.2021 21:33:09,40.588,845.611,832.946,1012.145,606.079,39.767,1.195
24.11.2021 21:33:10,40.686,845.001,832.916,1012.908,604.736,39.988,1.141
24.11.2021 21:33:11,40.789,844.024,831.939,1011.901,603.271,40.094,1.142
24.11.2021 21:33:12,40.887,843.627,831.237,1010.772,603.027,40.041,1.172
24.11.2021 21:33:13,40.995,842.620,830.322,1009.643,601.104,40.195,1.165
24.11.2021 21:33:14,41.093,840.881,828.796,1008.422,599.487,40.305,1.147
24.11.2021 21:33:15,41.189,839.294,827.026,1007.842,598.754,40.353,1.166
24.11.2021 21:33:16,41.289,839.385,827.300,1008.148,598.144,40.451,1.149
24.11.2021 21:33:17,41.392,838.928,825.836,1006.927,596.160,40.607,1.246
24.11.2021 21:33:18,41.498,836.883,824.523,1006.011,594.909,40.695,1.178
24.11.2021 21:33:19,41.601,836.334,823.120,1005.432,593.994,40.767,1.261
24.11.2021 21:33:20,41.691,835.601,823.120,1005.035,592.407,40.935,1.192
24.11.2021 21:33:21,41.797,834.045,821.350,1002.929,590.820,40.979,1.215
24.11.2021 21:33:22,41.897,832.702,820.129,1002.533,589.813,41.076,1.205
24.11.2021 21:33:23,42.000,832.153,819.671,1002.655,589.263,41.153,1.197
24.11.2021 21:33:24,42.098,831.634,818.450,1002.441,587.799,41.322,1.266
24.11.2021 21:33:25,42.189,829.956,817.504,1001.495,586.547,41.409,1.197
24.11.2021 21:33:26,42.297,829.467,816.925,1000.579,585.296,41.499,1.207
24.11.2021 21:33:27,42.403,828.155,814.971,998.718,582.794,41.678,1.271
24.11.2021 21:33:28,42.493,826.416,812.957,996.887,581.726,41.678,1.301
24.11.2021 21:33:29,42.588,825.836,813.110,996.704,580.841,41.777,1.230
24.11.2021 21:33:30,42.689,824.340,811.523,996.398,579.559,41.917,1.241
24.11.2021 21:33:31,42.787,823.333,810.211,995.025,577.789,42.041,1.273
24.11.2021 21:33:32,42.892,821.929,809.539,993.347,577.056,42.010,1.203
24.11.2021 21:33:33,42.990,821.289,808.471,993.133,575.653,42.173,1.246
24.11.2021 21:33:34,43.088,820.098,807.708,990.936,574.066,42.213,1.206
24.11.2021 21:33:35,43.189,818.817,805.847,990.600,572.723,42.361,1.265
24.11.2021 21:33:36,43.287,817.596,804.168,989.471,570.861,42.516,1.312
24.11.2021 21:33:37,43.387,817.352,804.382,989.318,570.648,42.533,1.267
24.11.2021 21:33:38,43.488,815.856,802.520,988.281,568.847,42.688,1.305
24.11.2021 21:33:39,43.591,815.002,802.032,986.633,567.626,42.723,1.271
24.11.2021 21:33:40,43.691,813.598,800.598,984.802,566.101,42.784,1.276
24.11.2021 21:33:41,43.792,811.828,798.980,983.245,564.727,42.847,1.264
24.11.2021 21:33:42,43.892,810.394,797.973,982.055,564.056,42.845,1.223
24.11.2021 21:33:43,43.990,808.929,796.417,980.102,562.744,42.870,1.235
24.11.2021 21:33:44,44.093,808.258,795.806,979.888,562.164,42.930,1.230
24.11.2021 21:33:45,44.186,807.800,795.471,979.125,561.126,43.008,1.218
24.11.2021 21:33:46,44.287,805.847,793.395,977.539,559.478,43.105,1.233
24.11.2021 21:33:47,44.385,806.182,793.487,976.745,559.112,43.093,1.257
24.11.2021 21:33:48,44.495,804.321,791.473,975.463,558.074,43.133,1.275
24.11.2021 21:33:49,44.588,802.947,790.191,974.548,557.159,43.185,1.268
24.11.2021 21:33:50,44.686,800.842,788.696,971.984,555.633,43.193,1.210
24.11.2021 21:33:51,44.787,800.109,787.109,970.733,554.595,43.235,1.298
24.11.2021 21:33:52,44.887,798.065,785.156,968.353,552.978,43.269,1.292
24.11.2021 21:33:53,44.990,798.431,785.705,968.841,552.612,43.355,1.273
24.11.2021 21:33:54,45.088,796.875,783.721,966.827,551.727,43.320,1.318
24.11.2021 21:33:55,45.189,796.295,781.982,966.186,550.445,43.442,1.437
24.11.2021 21:33:56,45.292,794.403,781.463,964.386,549.346,43.452,1.301
24.11.2021 21:33:58,45.395,794.189,781.036,963.989,548.553,43.527,1.323
24.11.2021 21:33:59,45.498,791.442,778.289,961.639,546.844,43.577,1.327
24.11.2021 21:34:00,45.596,791.046,777.526,959.625,546.630,43.452,1.365
24.11.2021 21:34:01,45.686,789.398,775.939,957.885,544.738,43.573,1.362
24.11.2021 21:34:02,45.789,788.482,775.177,957.977,543.426,43.757,1.348
24.11.2021 21:34:03,45.887,787.445,773.986,956.939,542.999,43.735,1.365
24.11.2021 21:34:04,45.990,786.132,773.254,955.871,541.931,43.797,1.308
24.11.2021 21:34:05,46.093,785.095,772.155,954.742,541.259,43.802,1.316
24.11.2021 21:34:06,46.186,784.393,771.118,953.796,540.802,43.791,1.352
24.11.2021 21:34:07,46.292,782.318,768.707,951.629,539.093,43.856,1.390
24.11.2021 21:34:08,46.387,781.524,768.096,950.866,537.994,43.947,1.373
24.11.2021 21:34:09,46.490,779.296,766.326,949.524,537.170,43.956,1.329
24.11.2021 21:34:10,46.591,777.435,764.434,947.662,535.644,44.020,1.336
24.11.2021 21:34:11,46.689,776.702,763.885,947.143,535.217,44.038,1.318
24.11.2021 21:34:12,46.787,775.787,762.329,945.403,533.721,44.109,1.386
24.11.2021 21:34:13,46.887,773.162,760.192,943.847,532.684,44.130,1.340
24.11.2021 21:34:14,47.000,772.399,758.270,941.772,530.853,44.221,1.462
24.11.2021 21:34:15,47.091,771.026,757.080,940.612,530.426,44.190,1.446
24.11.2021 21:34:16,47.201,769.653,755.859,939.727,529.479,44.252,1.432
24.11.2021 21:34:17,47.287,766.937,754.455,936.981,527.862,44.261,1.300
24.11.2021 21:34:18,47.400,767.608,753.936,937.713,527.893,44.314,1.424
24.11.2021 21:34:19,47.488,766.052,752.838,936.950,526.794,44.407,1.378
24.11.2021 21:34:20,47.588,763.366,750.823,934.326,525.299,44.410,1.312
24.11.2021 21:34:21,47.686,762.634,748.626,932.373,523.498,44.507,1.468
24.11.2021 21:34:22,47.789,760.406,746.887,930.725,522.399,44.532,1.421
24.11.2021 21:34:23,47.892,759.429,745.819,929.992,521.209,44.641,1.433
24.11.2021 21:34:24,47.993,756.958,743.499,927.551,519.805,44.646,1.421
24.11.2021 21:34:25,48.091,755.676,742.309,926.574,519.165,44.659,1.414
24.11.2021 21:34:26,48.186,754.547,741.729,925.659,517.913,44.763,1.357
24.11.2021 21:34:27,48.292,754.486,740.600,924.499,517.639,44.710,1.471
24.11.2021 21:34:28,48.390,752.349,738.342,922.729,516.143,44.781,1.489
24.11.2021 21:34:29,48.493,749.542,736.267,920.165,514.526,44.807,1.415
24.11.2021 21:34:30,48.593,748.596,734.558,919.250,513.763,44.843,1.500
24.11.2021 21:34:31,48.689,747.253,733.703,917.785,512.695,44.878,1.449
24.11.2021 21:34:32,48.787,745.147,731.842,914.672,511.108,44.857,1.427
24.11.2021 21:34:33,48.890,744.079,730.804,914.428,510.009,44.994,1.426
24.11.2021 21:34:34,48.990,742.919,728.912,912.597,509.033,44.987,1.508
24.11.2021 21:34:35,49.091,740.264,726.623,909.942,507.141,45.047,1.473
24.11.2021 21:34:36,49.186,739.868,726.470,909.454,506.896,45.043,1.447
24.11.2021 21:34:37,49.289,737.854,724.700,908.141,505.920,45.078,1.425
24.11.2021 21:34:38,49.387,736.267,723.205,906.127,505.218,45.017,1.418
24.11.2021 21:34:39,49.488,734.680,721.740,904.815,503.692,45.132,1.407
24.11.2021 21:34:40,49.588,732.513,719.299,902.282,502.532,45.096,1.442
24.11.2021 21:34:41,49.689,731.109,717.926,900.024,501.098,45.121,1.441
24.11.2021 21:34:42,49.787,729.400,716.613,898.407,500.640,45.057,1.401
24.11.2021 21:34:43,49.892,728.027,715.362,897.857,500.091,45.092,1.390
24.11.2021 21:34:44,49.990,726.409,713.562,895.019,498.535,45.089,1.413
24.11.2021 21:34:45,50.091,724.945,712.097,893.890,497.619,45.131,1.416
24.11.2021 21:34:46,50.186,723.937,711.273,892.151,497.039,45.074,1.398
24.11.2021 21:34:47,50.292,722.259,709.197,889.251,495.361,45.083,1.446
24.11.2021 21:34:48,50.392,719.940,707.550,887.725,493.591,45.219,1.375
24.11.2021 21:34:49,50.488,719.482,706.787,886.932,493.835,45.117,1.410
24.11.2021 21:34:50,50.593,717.224,704.406,884.277,492.553,45.088,1.428
24.11.2021 21:34:51,50.689,715.759,703.308,882.080,491.973,44.993,1.390
24.11.2021 21:34:52,50.792,714.843,702.453,881.195,491.302,45.019,1.385
24.11.2021 21:34:53,50.895,713.256,701.110,879.547,490.509,45.001,1.360
24.11.2021 21:34:54,50.988,712.249,699.798,878.173,489.837,44.987,1.397
24.11.2021 21:34:55,51.088,709.594,697.113,875.213,488.281,44.973,1.406
24.11.2021 21:34:56,51.186,708.038,696.563,873.931,488.128,44.889,1.294
24.11.2021 21:34:57,51.297,706.756,694.854,872.314,486.907,44.936,1.345
24.11.2021 21:34:58,51.395,705.871,693.511,870.422,486.053,44.906,1.399
24.11.2021 21:34:59,51.493,705.108,692.321,869.293,485.198,44.939,1.450
24.11.2021 21:35:00,51.591,703.063,690.643,866.912,484.313,44.873,1.412
24.11.2021 21:35:01,51.689,701.629,689.270,865.356,483.062,44.930,1.408
24.11.2021 21:35:02,51.794,700.286,687.774,863.464,481.933,44.941,1.428
24.11.2021 21:35:04,51.897,698.486,685.760,862.091,481.079,44.955,1.456
24.11.2021 21:35:05,51.995,697.082,684.448,860.137,479.858,44.974,1.449
24.11.2021 21:35:06,52.098,695.312,682.800,859.191,478.546,45.094,1.438
24.11.2021 21:35:07,52.196,694.580,682.403,857.177,477.874,45.025,1.401
24.11.2021 21:35:08,52.302,691.986,679.534,854.064,476.501,44.970,1.438
24.11.2021 21:35:09,52.392,690.887,679.077,853.790,475.982,45.026,1.366
24.11.2021 21:35:10,52.500,689.544,677.246,851.715,474.822,45.026,1.426
24.11.2021 21:35:11,52.593,688.629,676.727,850.982,474.273,45.048,1.381
24.11.2021 21:35:12,52.696,687.622,674.530,849.029,473.236,45.040,1.523
24.11.2021 21:35:13,52.789,686.065,673.736,847.717,472.229,45.082,1.436
24.11.2021 21:35:14,52.890,683.349,671.081,844.879,470.581,45.093,1.435
24.11.2021 21:35:15,52.988,681.610,669.830,843.139,469.879,45.051,1.381
24.11.2021 21:35:16,53.088,679.260,667.449,840.576,468.902,44.981,1.389
24.11.2021 21:35:17,53.189,679.473,667.083,840.972,468.322,45.105,1.458
24.11.2021 21:35:18,53.292,677.368,665.649,838.775,467.773,45.000,1.382
24.11.2021 21:35:19,53.390,676.025,664.367,837.188,466.094,45.124,1.378
24.11.2021 21:35:20,53.488,674.591,662.811,835.449,465.209,45.111,1.395
24.11.2021 21:35:21,53.593,672.546,660.827,833.251,464.019,45.106,1.392
24.11.2021 21:35:22,53.689,670.715,658.508,830.993,462.463,45.153,1.455
24.11.2021 21:35:23,53.787,669.219,657.501,829.925,461.853,45.156,1.399
24.11.2021 21:35:24,53.895,667.053,655.700,827.209,460.052,45.201,1.360
24.11.2021 21:35:25,53.990,666.473,654.327,825.988,459.350,45.205,1.457
24.11.2021 21:35:26,54.088,665.100,653.198,824.523,458.190,45.260,1.430
24.11.2021 21:35:27,54.186,663.787,651.916,822.204,457.000,45.244,1.429
24.11.2021 21:35:28,54.287,663.024,650.848,821.441,455.993,45.337,1.468
24.11.2021 21:35:29,54.390,661.895,649.566,820.312,455.535,45.310,1.489
24.11.2021 21:35:30,54.490,660.186,647.796,817.779,453.460,45.417,1.501
24.11.2021 21:35:31,54.588,658.843,646.545,816.192,452.972,45.354,1.493
24.11.2021 21:35:32,54.691,657.104,645.355,814.666,451.812,45.405,1.429
24.11.2021 21:35:33,54.787,656.799,644.287,812.957,450.531,45.458,1.524
24.11.2021 21:35:34,54.890,655.364,642.700,810.913,449.005,45.522,1.546
24.11.2021 21:35:35,54.988,653.259,641.418,809.783,447.937,45.594,1.449
24.11.2021 21:35:36,55.093,651.428,640.075,807.189,446.716,45.559,1.393
24.11.2021 21:35:37,55.186,650.756,638.061,806.488,445.434,45.705,1.561
24.11.2021 21:35:38,55.287,649.475,637.756,804.656,444.335,45.719,1.442
24.11.2021 21:35:39,55.387,647.369,635.375,802.825,442.871,45.793,1.481
24.11.2021 21:35:40,55.488,646.606,634.643,801.422,442.382,45.746,1.479
24.11.2021 21:35:41,55.591,644.073,631.927,798.492,440.032,45.867,1.508
24.11.2021 21:35:42,55.689,643.096,631.103,796.997,438.873,45.923,1.491
24.11.2021 21:35:44,55.787,641.815,629.974,795.196,438.201,45.870,1.475
24.11.2021 21:35:45,55.892,640.380,628.479,793.884,436.523,46.028,1.486
24.11.2021 21:35:46,55.988,639.129,627.288,791.870,435.974,45.935,1.481
24.11.2021 21:35:47,56.088,637.634,625.823,790.435,434.265,46.089,1.481
24.11.2021 21:35:48,56.189,636.657,624.847,788.330,433.471,46.028,1.483
24.11.2021 21:35:49,56.287,635.742,623.962,787.017,432.250,46.112,1.481
24.11.2021 21:35:50,56.392,632.720,621.673,783.905,430.694,46.086,1.395
24.11.2021 21:35:51,56.488,631.744,620.422,782.287,429.656,46.111,1.432
24.11.2021 21:35:52,56.588,630.523,619.354,780.975,429.199,46.066,1.416
24.11.2021 21:35:53,56.686,630.065,618.255,779.357,428.100,46.102,1.499
24.11.2021 21:35:54,56.794,628.540,617.187,776.794,426.788,46.086,1.444
24.11.2021 21:35:55,56.887,627.563,615.600,774.719,425.506,46.110,1.525
24.11.2021 21:35:56,56.993,625.152,613.342,771.575,423.767,46.112,1.511
24.11.2021 21:35:57,57.093,624.694,612.670,770.385,422.821,46.162,1.539
24.11.2021 21:35:58,57.186,623.413,611.175,769.195,421.997,46.191,1.570
24.11.2021 21:35:59,57.302,621.429,609.893,766.815,421.051,46.129,1.484
24.11.2021 21:36:00,57.390,619.873,608.123,764.953,419.128,46.285,1.516
24.11.2021 21:36:01,57.490,619.049,607.177,763.214,418.579,46.215,1.534
24.11.2021 21:36:02,57.598,617.218,605.499,760.681,417.205,46.212,1.518
24.11.2021 21:36:03,57.686,615.844,604.156,758.361,416.168,46.171,1.518
24.11.2021 21:36:04,57.797,614.440,602.661,756.622,414.825,46.239,1.533
24.11.2021 21:36:05,57.892,612.060,600.372,753.692,413.269,46.231,1.527
24.11.2021 21:36:06,57.990,611.511,599.548,751.983,412.445,46.211,1.565
24.11.2021 21:36:07,58.091,609.527,598.175,750.488,410.766,46.362,1.489
24.11.2021 21:36:08,58.186,608.032,596.649,748.291,409.912,46.300,1.497
24.11.2021 21:36:09,58.292,606.872,595.367,746.887,408.416,46.429,1.516
24.11.2021 21:36:10,58.390,604.858,593.688,743.927,407.409,46.320,1.476
24.11.2021 21:36:11,58.488,603.881,592.437,742.584,406.066,46.429,1.516
24.11.2021 21:36:12,58.591,602.050,590.789,739.868,405.151,46.327,1.496
24.11.2021 21:36:13,58.691,600.738,589.660,738.250,403.747,46.420,1.474
24.11.2021 21:36:14,58.787,599.121,587.921,736.053,402.648,46.401,1.495
24.11.2021 21:36:15,58.892,598.510,587.280,734.893,401.397,46.512,1.500
24.11.2021 21:36:16,58.990,596.221,584.594,731.628,399.291,46.571,1.560
24.11.2021 21:36:17,59.091,594.604,583.679,730.010,398.834,46.493,1.469
24.11.2021 21:36:18,59.186,593.627,582.061,727.813,397.521,46.514,1.559
24.11.2021 21:36:19,59.292,592.071,580.841,726.257,396.209,46.598,1.517
24.11.2021 21:36:20,59.395,590.820,579.040,724.395,395.111,46.613,1.595
24.11.2021 21:36:21,59.493,590.118,578.552,723.266,394.592,46.596,1.568
24.11.2021 21:36:22,59.591,588.226,576.293,720.031,392.333,46.687,1.623
24.11.2021 21:36:23,59.691,586.120,574.218,717.590,390.899,46.706,1.625
24.11.2021 21:36:24,59.787,584.228,572.631,715.362,389.617,46.718,1.588
24.11.2021 21:36:25,59.892,583.099,571.716,713.714,388.488,46.762,1.562
24.11.2021 21:36:26,59.988,581.726,570.373,711.608,386.871,46.850,1.561
