# Sensor: ADPD2140, Rotationstage: ELL18M
Datetime,Stage Angle,xL,xR,yL,yR,X,Y
27.11.2021 17:23:06,-59.993,547.485,544.433,327.056,601.654,-46.858,0.442
27.11.2021 17:23:07,-59.903,549.011,546.539,328.643,603.118,-46.684,0.357
27.11.2021 17:23:08,-59.797,550.262,547.973,329.162,604.522,-46.738,0.330
27.11.2021 17:23:09,-59.692,552.429,549.713,330.230,606.445,-46.733,0.390
27.11.2021 17:23:10,-59.594,553.863,551.055,331.390,607.818,-46.643,0.402
27.11.2021 17:23:11,-59.496,554.748,551.544,331.726,608.306,-46.628,0.459
27.11.2021 17:23:12,-59.398,555.816,552.764,332.611,610.412,-46.685,0.436
27.11.2021 17:23:13,-59.302,557.067,554.290,333.374,611.938,-46.700,0.396
27.11.2021 17:23:14,-59.197,558.166,555.175,334.594,613.586,-46.630,0.425
27.11.2021 17:23:15,-59.091,559.631,557.342,335.601,615.600,-46.650,0.324
27.11.2021 17:23:16,-58.993,560.089,557.678,335.998,615.875,-46.597,0.341
27.11.2021 17:23:17,-58.908,561.157,559.082,337.097,617.706,-46.575,0.293
27.11.2021 17:23:18,-58.792,562.255,560.058,337.280,619.262,-46.718,0.310
27.11.2021 17:23:19,-58.694,562.957,560.455,338.836,620.788,-46.563,0.353
27.11.2021 17:23:20,-58.591,563.690,561.279,339.324,621.887,-46.587,0.339
27.11.2021 17:23:21,-58.498,564.910,561.889,340.270,623.291,-46.548,0.424
27.11.2021 17:23:22,-58.408,566.497,563.720,341.247,625.183,-46.560,0.389
27.11.2021 17:23:23,-58.295,567.504,564.453,342.041,626.220,-46.512,0.427
27.11.2021 17:23:24,-58.199,568.481,565.856,342.834,627.410,-46.482,0.366
27.11.2021 17:23:25,-58.099,568.542,566.528,342.773,628.601,-46.632,0.281
27.11.2021 17:23:26,-58.003,569.915,567.382,344.238,629.333,-46.407,0.352
27.11.2021 17:23:27,-57.908,570.556,568.267,344.787,630.432,-46.418,0.318
27.11.2021 17:23:29,-57.807,572.845,570.220,346.343,632.904,-46.376,0.363
27.11.2021 17:23:30,-57.702,574.310,571.563,347.167,634.002,-46.329,0.379
27.11.2021 17:23:31,-57.606,576.232,573.181,348.297,635.986,-46.320,0.420
27.11.2021 17:23:32,-57.506,576.904,574.310,348.693,636.810,-46.331,0.357
27.11.2021 17:23:33,-57.405,578.552,575.286,349.334,638.824,-46.427,0.448
27.11.2021 17:23:34,-57.307,578.948,576.629,350.158,639.404,-46.322,0.318
27.11.2021 17:23:35,-57.192,580.932,578.613,351.257,641.448,-46.327,0.316
27.11.2021 17:23:36,-57.099,582.336,579.528,351.928,642.303,-46.285,0.382
27.11.2021 17:23:37,-56.998,583.801,581.176,352.539,643.493,-46.293,0.357
27.11.2021 17:23:38,-56.893,585.723,582.855,353.607,644.958,-46.239,0.389
27.11.2021 17:23:58,-56.795,587.860,585.388,354.553,646.484,-46.216,0.333
27.11.2021 17:23:59,-56.694,589.630,586.761,355.773,648.193,-46.159,0.386
27.11.2021 17:24:06,-56.594,591.766,588.623,356.597,649.932,-46.185,0.422
27.11.2021 17:24:15,-56.493,594.024,590.789,357.635,651.580,-46.158,0.432
27.11.2021 17:24:22,-56.393,595.520,592.559,358.428,653.045,-46.160,0.394
27.11.2021 17:24:23,-56.292,596.893,594.970,359.252,654.815,-46.190,0.255
27.11.2021 17:24:31,-56.192,600.372,597.595,360.687,657.012,-46.144,0.367
27.11.2021 17:24:32,-56.096,602.478,598.937,361.541,658.020,-46.083,0.466
27.11.2021 17:24:33,-56.008,603.729,601.074,362.518,659.881,-46.093,0.349
27.11.2021 17:24:34,-55.893,606.628,603.546,363.616,661.315,-46.031,0.403
27.11.2021 17:24:35,-55.807,608.093,605.377,364.624,663.177,-46.034,0.354
27.11.2021 17:24:36,-55.697,609.832,606.628,365.173,664.184,-46.035,0.417
27.11.2021 17:24:37,-55.596,612.701,609.741,366.516,666.290,-45.998,0.383
27.11.2021 17:24:38,-55.498,615.753,611.877,367.401,668.640,-46.079,0.500
27.11.2021 17:24:39,-55.403,616.394,613.128,367.614,669.036,-46.080,0.420
27.11.2021 17:24:40,-55.297,619.049,615.905,368.957,671.875,-46.122,0.403
27.11.2021 17:24:41,-55.192,621.887,618.072,370.086,673.187,-46.042,0.487
27.11.2021 17:24:42,-55.091,623.413,619.995,370.819,675.048,-46.099,0.435
27.11.2021 17:24:43,-54.996,625.457,621.917,372.283,676.666,-45.987,0.449
27.11.2021 17:24:44,-54.893,628.021,624.053,372.619,678.680,-46.137,0.502
27.11.2021 17:24:45,-54.797,629.730,626.220,373.779,679.992,-46.051,0.442
27.11.2021 17:24:46,-54.707,630.340,626.953,374.267,681.488,-46.116,0.426
27.11.2021 17:24:47,-54.594,632.598,629.150,375.427,683.502,-46.106,0.433
27.11.2021 17:24:48,-54.498,634.490,630.187,376.342,685.333,-46.123,0.539
27.11.2021 17:24:49,-54.393,636.108,632.293,376.892,687.286,-46.224,0.476
27.11.2021 17:24:50,-54.302,638.458,634.063,377.960,689.453,-46.247,0.547
27.11.2021 17:24:51,-54.194,640.014,636.016,378.479,691.101,-46.320,0.496
27.11.2021 17:24:52,-54.104,641.784,637.237,379.821,693.115,-46.275,0.563
27.11.2021 17:24:53,-53.996,643.249,638.702,380.706,694.671,-46.269,0.562
27.11.2021 17:24:54,-53.898,644.531,640.106,381.347,695.892,-46.274,0.545
27.11.2021 17:24:55,-53.795,646.331,641.387,382.751,697.845,-46.211,0.608
27.11.2021 17:24:56,-53.692,647.613,643.218,383.239,699.645,-46.305,0.539
27.11.2021 17:24:57,-53.604,648.864,644.409,383.758,700.592,-46.305,0.545
27.11.2021 17:24:58,-53.508,650.115,645.385,384.857,701.965,-46.240,0.578
27.11.2021 17:24:59,-53.395,652.435,647.125,385.498,704.254,-46.355,0.647
27.11.2021 17:25:00,-53.300,653.472,648.742,386.566,705.932,-46.327,0.575
27.11.2021 17:25:01,-53.199,655.090,650.695,387.786,707.489,-46.258,0.533
27.11.2021 17:25:02,-53.101,656.646,652.252,388.366,709.106,-46.315,0.532
27.11.2021 17:25:03,-53.003,657.623,653.442,389.587,711.151,-46.297,0.505
27.11.2021 17:25:04,-52.895,659.667,654.388,390.411,712.310,-46.262,0.636
27.11.2021 17:25:05,-52.792,660.522,656.341,391.387,714.355,-46.288,0.503
27.11.2021 17:25:06,-52.694,662.506,657.836,392.364,717.071,-46.383,0.560
27.11.2021 17:25:07,-52.591,664.367,659.545,393.646,718.933,-46.334,0.577
27.11.2021 17:25:08,-52.493,665.161,661.254,394.195,720.550,-46.396,0.466
27.11.2021 17:25:09,-52.395,666.442,662.139,395.263,721.313,-46.277,0.513
27.11.2021 17:25:10,-52.292,668.029,663.787,396.423,723.510,-46.285,0.504
27.11.2021 17:25:11,-52.192,669.464,664.581,397.003,723.999,-46.228,0.580
27.11.2021 17:25:12,-52.094,670.440,666.015,398.071,726.593,-46.292,0.524
27.11.2021 17:25:13,-52.008,671.966,666.992,399.414,727.447,-46.133,0.588
27.11.2021 17:25:15,-51.900,674.011,669.158,399.932,729.858,-46.279,0.572
27.11.2021 17:25:16,-51.792,675.109,670.654,401.062,731.384,-46.226,0.524
27.11.2021 17:25:17,-51.692,677.337,672.363,402.282,733.032,-46.169,0.584
27.11.2021 17:25:18,-51.604,678.894,674.438,403.594,735.107,-46.138,0.521
27.11.2021 17:25:19,-51.493,681.396,676.452,405.120,736.846,-46.035,0.577
27.11.2021 17:25:20,-51.395,681.488,676.849,405.426,738.281,-46.122,0.541
27.11.2021 17:25:21,-51.295,683.013,678.070,406.768,739.959,-46.047,0.575
27.11.2021 17:25:22,-51.197,683.441,679.534,407.531,741.363,-46.048,0.454
27.11.2021 17:25:23,-51.094,686.004,680.969,408.355,742.431,-46.006,0.583
27.11.2021 17:25:24,-50.998,687.408,682.891,409.820,745.025,-45.999,0.522
27.11.2021 17:25:25,-50.898,689.453,684.692,410.278,746.398,-46.052,0.549
27.11.2021 17:25:26,-50.797,690.368,685.546,411.102,747.619,-46.025,0.555
27.11.2021 17:25:27,-50.692,692.565,687.469,412.658,749.816,-45.964,0.585
27.11.2021 17:25:28,-50.596,694.458,689.117,413.970,751.312,-45.878,0.611
27.11.2021 17:25:29,-50.496,696.685,691.284,415.222,753.753,-45.894,0.616
27.11.2021 17:25:30,-50.393,697.967,692.840,416.473,756.042,-45.896,0.584
27.11.2021 17:25:31,-50.297,699.707,695.159,418.457,758.087,-45.747,0.516
27.11.2021 17:25:32,-50.199,701.477,696.197,418.823,758.911,-45.762,0.598
27.11.2021 17:25:33,-50.104,701.629,697.631,419.799,760.650,-45.760,0.452
27.11.2021 17:25:34,-49.998,703.338,698.577,420.715,762.176,-45.747,0.538
27.11.2021 17:25:35,-49.893,706.024,700.286,422.790,764.801,-45.639,0.646
27.11.2021 17:25:36,-49.802,707.153,702.423,423.461,766.448,-45.680,0.531
27.11.2021 17:25:37,-49.707,707.946,702.880,423.919,767.272,-45.680,0.569
27.11.2021 17:25:38,-49.599,709.320,704.345,425.048,768.554,-45.608,0.557
27.11.2021 17:25:39,-49.496,709.960,705.108,426.055,769.500,-45.525,0.543
27.11.2021 17:25:40,-49.393,711.456,706.634,427.398,772.369,-45.567,0.538
27.11.2021 17:25:41,-49.292,713.104,708.282,428.863,774.444,-45.513,0.537
27.11.2021 17:25:42,-49.192,714.630,709.228,430.206,776.275,-45.458,0.601
27.11.2021 17:25:43,-49.096,715.057,710.327,430.938,777.740,-45.471,0.525
27.11.2021 17:25:44,-48.998,716.522,711.883,432.525,780.395,-45.452,0.514
27.11.2021 17:25:45,-48.898,718.139,712.921,433.471,781.585,-45.404,0.577
27.11.2021 17:25:46,-48.792,719.177,714.447,434.722,784.118,-45.429,0.522
27.11.2021 17:25:47,-48.694,720.214,715.576,436.340,786.071,-45.340,0.512
27.11.2021 17:25:48,-48.591,721.313,716.186,437.316,787.963,-45.352,0.565
27.11.2021 17:25:49,-48.496,722.686,717.895,438.323,789.581,-45.334,0.527
27.11.2021 17:25:50,-48.395,722.991,718.505,438.934,790.954,-45.359,0.493
27.11.2021 17:25:51,-48.302,724.151,718.994,440.429,792.053,-45.213,0.566
27.11.2021 17:25:52,-48.202,726.226,721.466,442.016,794.067,-45.136,0.521
27.11.2021 17:25:53,-48.091,725.921,721.069,442.291,795.898,-45.258,0.531
27.11.2021 17:25:54,-47.993,726.531,722.106,443.450,797.088,-45.177,0.484
27.11.2021 17:25:55,-47.895,728.088,723.632,444.732,799.987,-45.231,0.486
27.11.2021 17:25:56,-47.797,727.966,723.663,445.983,800.750,-45.096,0.469
27.11.2021 17:25:57,-47.692,730.285,725.769,448.089,803.741,-45.024,0.491
27.11.2021 17:25:58,-47.594,731.079,726.501,449.005,804.565,-44.950,0.497
27.11.2021 17:25:59,-47.503,730.743,726.867,449.005,806.121,-45.091,0.421
27.11.2021 17:26:00,-47.405,731.384,727.172,450.561,807.403,-44.955,0.457
27.11.2021 17:26:01,-47.292,733.459,729.003,452.209,810.119,-44.933,0.482
27.11.2021 17:26:02,-47.194,734.008,729.583,452.911,811.737,-44.966,0.479
27.11.2021 17:26:03,-47.106,734.466,730.133,454.315,813.262,-44.877,0.468
27.11.2021 17:26:04,-46.991,735.809,731.842,456.146,815.704,-44.802,0.428
27.11.2021 17:26:05,-46.903,737.091,732.879,456.817,816.253,-44.744,0.454
27.11.2021 17:26:06,-46.807,736.816,733.245,457.489,817.749,-44.770,0.384
27.11.2021 17:26:07,-46.694,737.640,733.886,459.350,819.854,-44.662,0.404
27.11.2021 17:26:08,-46.591,737.884,733.886,459.777,820.861,-44.683,0.430
27.11.2021 17:26:17,-46.493,739.532,735.839,461.975,823.455,-44.566,0.396
27.11.2021 17:26:18,-46.398,740.600,736.968,463.012,824.645,-44.508,0.389
27.11.2021 17:26:28,-46.295,741.058,736.999,464.416,826.110,-44.416,0.435
27.11.2021 17:26:29,-46.207,741.790,737.823,464.935,826.965,-44.410,0.424
27.11.2021 17:26:45,-46.094,744.445,740.234,467.559,830.444,-44.306,0.449
27.11.2021 17:26:49,-45.996,744.964,740.997,468.933,832.672,-44.287,0.423
27.11.2021 17:26:50,-45.903,745.147,741.729,470.458,834.625,-44.221,0.364
27.11.2021 17:26:51,-45.792,746.124,742.340,471.466,836.303,-44.211,0.402
27.11.2021 17:26:52,-45.704,747.436,742.797,472.564,837.799,-44.172,0.493
27.11.2021 17:26:53,-45.596,746.398,743.347,473.571,838.531,-44.080,0.324
27.11.2021 17:26:54,-45.493,747.039,743.530,475.341,840.026,-43.938,0.373
27.11.2021 17:26:55,-45.398,747.894,744.049,476.165,841.216,-43.914,0.408
27.11.2021 17:26:56,-45.302,749.176,745.880,477.935,844.116,-43.895,0.349
27.11.2021 17:26:57,-45.192,748.779,745.849,479.125,844.512,-43.747,0.310
27.11.2021 17:26:58,-45.096,750.091,746.368,479.980,846.252,-43.767,0.394
27.11.2021 17:26:59,-45.001,750.152,746.551,481.140,847.473,-43.696,0.381
27.11.2021 17:27:01,-44.900,750.671,747.497,482.666,848.083,-43.517,0.335
27.11.2021 17:27:02,-44.795,751.434,747.802,484.191,849.914,-43.444,0.383
27.11.2021 17:27:03,-44.699,750.854,748.229,484.771,850.738,-43.427,0.277
27.11.2021 17:27:04,-44.596,751.770,749.084,486.633,852.844,-43.327,0.283
27.11.2021 17:27:05,-44.501,752.807,749.450,487.792,853.332,-43.195,0.354
27.11.2021 17:27:06,-44.395,752.685,750.274,488.494,854.553,-43.194,0.254
27.11.2021 17:27:07,-44.292,751.922,749.114,489.471,855.529,-43.131,0.296
27.11.2021 17:27:08,-44.194,753.234,751.007,491.424,857.635,-43.020,0.234
27.11.2021 17:27:09,-44.096,754.333,751.617,492.736,859.619,-42.993,0.285
27.11.2021 17:27:10,-43.993,753.906,752.441,494.018,860.992,-42.920,0.154
27.11.2021 17:27:11,-43.898,755.157,752.502,495.086,861.724,-42.824,0.279
27.11.2021 17:27:12,-43.792,754.516,753.112,496.459,862.121,-42.654,0.147
27.11.2021 17:27:13,-43.694,756.958,753.875,498.046,864.257,-42.601,0.323
27.11.2021 17:27:14,-43.591,755.889,753.112,498.779,864.501,-42.514,0.291
27.11.2021 17:27:15,-43.508,756.927,754.333,499.816,866.149,-42.501,0.272
27.11.2021 17:27:16,-43.400,757.415,753.906,500.793,867.492,-42.472,0.368
27.11.2021 17:27:17,-43.295,757.476,755.004,501.983,868.072,-42.346,0.259
27.11.2021 17:27:18,-43.197,758.636,756.134,503.295,869.842,-42.304,0.261
27.11.2021 17:27:19,-43.094,758.331,755.859,504.516,870.147,-42.151,0.258
27.11.2021 17:27:20,-43.001,758.972,756.561,505.676,871.887,-42.129,0.252
27.11.2021 17:27:21,-42.905,759.399,757.293,507.263,872.711,-41.968,0.220
27.11.2021 17:27:22,-42.807,759.521,757.232,507.781,873.870,-41.991,0.239
27.11.2021 17:27:23,-42.699,759.552,757.141,509.307,874.572,-41.829,0.251
27.11.2021 17:27:24,-42.594,759.826,757.751,509.948,875.946,-41.852,0.216
27.11.2021 17:27:25,-42.503,761.383,759.002,511.505,876.770,-41.696,0.248
27.11.2021 17:27:26,-42.400,761.077,759.368,512.145,877.655,-41.678,0.178
27.11.2021 17:27:27,-42.302,761.840,759.552,513.549,879.577,-41.638,0.238
27.11.2021 17:27:28,-42.199,761.688,759.796,514.312,880.310,-41.590,0.197
27.11.2021 17:27:29,-42.101,762.908,760.589,516.448,882.324,-41.453,0.241
27.11.2021 17:27:30,-41.993,763.488,761.444,517.761,884.735,-41.467,0.212
27.11.2021 17:27:31,-41.900,762.390,761.535,518.157,884.521,-41.392,0.088
27.11.2021 17:27:32,-41.795,763.702,761.322,518.890,884.735,-41.306,0.247
27.11.2021 17:27:33,-41.699,764.678,761.779,520.446,886.566,-41.237,0.300
27.11.2021 17:27:34,-41.596,764.617,762.390,521.331,888.122,-41.241,0.231
27.11.2021 17:27:35,-41.493,764.801,763.519,522.338,889.678,-41.228,0.132
27.11.2021 17:27:36,-41.393,766.357,763.854,524.169,891.082,-41.086,0.259
27.11.2021 17:27:37,-41.297,766.235,764.495,525.177,891.540,-40.982,0.180
27.11.2021 17:27:38,-41.194,766.784,764.465,526.092,893.646,-41.028,0.240
27.11.2021 17:27:39,-41.094,766.876,764.221,526.397,893.402,-40.965,0.274
27.11.2021 17:27:40,-40.993,766.967,764.678,527.526,894.867,-40.927,0.236
27.11.2021 17:27:41,-40.898,768.524,766.052,529.510,896.697,-40.801,0.255
27.11.2021 17:27:42,-40.797,768.402,766.876,530.334,897.949,-40.789,0.157
27.11.2021 17:27:43,-40.702,769.378,767.303,531.524,899.749,-40.771,0.214
27.11.2021 17:27:44,-40.596,769.287,767.456,533.294,900.451,-40.583,0.188
27.11.2021 17:27:45,-40.493,769.531,767.822,533.691,900.512,-40.533,0.176
27.11.2021 17:27:46,-40.395,771.179,768.768,534.637,902.801,-40.590,0.248
27.11.2021 17:27:47,-40.300,770.355,768.554,535.125,903.686,-40.595,0.185
27.11.2021 17:27:48,-40.194,771.575,769.104,536.499,904.998,-40.512,0.254
27.11.2021 17:27:49,-40.091,771.697,770.019,537.475,905.517,-40.420,0.172
27.11.2021 17:27:50,-39.996,771.972,769.897,538.482,906.402,-40.354,0.213
27.11.2021 17:27:51,-39.898,773.010,771.270,540.069,908.111,-40.275,0.178
27.11.2021 17:27:52,-39.792,772.857,771.087,540.374,908.111,-40.234,0.181
27.11.2021 17:27:53,-39.694,773.345,771.179,541.198,909.332,-40.220,0.222
27.11.2021 17:27:54,-39.606,773.773,772.033,543.334,910.583,-40.030,0.178
27.11.2021 17:27:55,-39.493,774.322,772.430,544.036,911.682,-40.024,0.193
27.11.2021 17:27:56,-39.393,774.719,773.010,544.830,912.597,-39.990,0.174
27.11.2021 17:27:57,-39.295,776.245,774.291,546.813,914.794,-39.899,0.199
27.11.2021 17:27:58,-39.199,777.465,775.665,548.461,915.863,-39.762,0.183
27.11.2021 17:27:59,-39.094,777.740,775.543,548.736,916.137,-39.747,0.224
27.11.2021 17:28:00,-38.998,777.435,775.756,549.896,916.992,-39.660,0.171
27.11.2021 17:28:01,-38.895,777.770,776.245,550.750,918.426,-39.660,0.155
27.11.2021 17:28:02,-38.797,777.648,775.970,551.452,918.487,-39.571,0.171
27.11.2021 17:28:03,-38.704,777.832,776.519,552.124,919.250,-39.542,0.133
27.11.2021 17:28:04,-38.596,778.900,776.855,552.825,920.074,-39.514,0.208
27.11.2021 17:28:05,-38.493,779.785,778.076,554.412,921.325,-39.402,0.173
27.11.2021 17:28:06,-38.398,780.517,778.839,555.053,922.119,-39.380,0.170
27.11.2021 17:28:07,-38.295,780.303,778.259,556.610,922.699,-39.219,0.207
27.11.2021 17:28:08,-38.192,780.090,778.167,556.884,923.156,-39.219,0.195
27.11.2021 17:28:09,-38.091,780.761,778.717,557.678,923.706,-39.157,0.207
27.11.2021 17:28:10,-37.998,780.700,779.541,558.410,924.163,-39.096,0.117
27.11.2021 17:28:11,-37.895,782.531,780.273,559.906,925.231,-38.983,0.229
27.11.2021 17:28:12,-37.800,782.073,780.609,560.638,924.102,-38.795,0.148
27.11.2021 17:28:13,-37.697,782.440,780.731,561.492,925.354,-38.782,0.173
27.11.2021 17:28:14,-37.606,782.440,781.311,562.438,925.262,-38.650,0.114
27.11.2021 17:28:15,-37.493,782.989,781.311,563.201,926.391,-38.639,0.170
27.11.2021 17:28:16,-37.403,784.240,782.592,565.063,927.154,-38.455,0.166
27.11.2021 17:28:17,-37.300,785.278,783.721,566.101,929.168,-38.480,0.157
27.11.2021 17:28:18,-37.199,785.186,784.179,566.833,928.741,-38.349,0.101
27.11.2021 17:28:19,-37.099,784.942,782.897,566.711,927.215,-38.242,0.206
27.11.2021 17:28:20,-36.998,786.407,784.851,568.664,929.321,-38.155,0.156
27.11.2021 17:28:21,-36.895,785.949,784.606,569.396,929.229,-38.052,0.135
27.11.2021 17:28:22,-36.792,787.597,786.895,571.380,930.724,-37.912,0.070
27.11.2021 17:28:23,-36.704,788.055,786.437,572.235,930.816,-37.808,0.162
27.11.2021 17:28:24,-36.599,787.963,786.315,572.570,930.633,-37.749,0.165
27.11.2021 17:28:25,-36.493,788.848,787.597,573.303,930.694,-37.658,0.125
27.11.2021 17:28:26,-36.395,788.238,786.987,573.394,929.962,-37.588,0.125
27.11.2021 17:28:29,-36.297,787.994,787.475,574.432,930.358,-37.484,0.052
27.11.2021 17:28:33,-36.194,788.543,787.719,575.164,930.999,-37.440,0.082
27.11.2021 17:28:37,-36.096,790.710,788.360,576.721,931.884,-37.309,0.235
27.11.2021 17:28:41,-35.993,791.107,789.123,577.301,932.922,-37.317,0.198
27.11.2021 17:28:46,-35.895,791.290,789.947,577.545,931.823,-37.198,0.134
27.11.2021 17:28:47,-35.792,791.076,789.764,578.186,931.488,-37.088,0.131
27.11.2021 17:28:51,-35.692,792.144,791.107,579.925,933.380,-37.014,0.103
27.11.2021 17:28:52,-35.601,792.907,791.320,580.627,933.013,-36.894,0.158
27.11.2021 17:28:54,-35.493,791.809,790.405,580.566,931.732,-36.799,0.140
27.11.2021 17:28:55,-35.403,793.426,792.175,581.298,933.044,-36.810,0.125
27.11.2021 17:28:56,-35.300,794.281,791.931,582.702,933.380,-36.656,0.234
27.11.2021 17:28:57,-35.192,794.311,792.999,582.733,933.410,-36.655,0.131
27.11.2021 17:28:58,-35.099,794.738,792.938,583.831,933.319,-36.506,0.179
27.11.2021 17:28:59,-35.008,795.196,794.006,583.984,932.983,-36.460,0.118
27.11.2021 17:29:00,-34.895,795.257,793.762,584.716,933.990,-36.447,0.149
27.11.2021 17:29:01,-34.792,795.349,794.769,585.083,933.471,-36.358,0.057
27.11.2021 17:29:02,-34.692,796.020,795.013,586.151,934.356,-36.292,0.100
27.11.2021 17:29:03,-34.594,797.363,795.623,586.914,934.539,-36.209,0.173
27.11.2021 17:29:04,-34.498,797.454,796.295,587.402,935.150,-36.196,0.115
27.11.2021 17:29:05,-34.393,797.424,796.783,587.951,934.448,-36.069,0.063
27.11.2021 17:29:06,-34.295,797.729,795.837,588.409,933.990,-35.974,0.188
27.11.2021 17:29:07,-34.199,798.217,796.264,589.050,934.631,-35.944,0.194
27.11.2021 17:29:08,-34.091,798.583,797.241,590.576,935.363,-35.808,0.133
27.11.2021 17:29:09,-33.996,798.492,798.217,590.087,935.119,-35.850,0.027
27.11.2021 17:29:10,-33.893,799.224,798.828,591.705,935.791,-35.699,0.039
27.11.2021 17:29:11,-33.795,799.835,799.346,592.315,936.370,-35.668,0.048
27.11.2021 17:29:12,-33.692,800.170,799.591,593.261,936.492,-35.557,0.057
27.11.2021 17:29:13,-33.599,800.476,799.072,593.139,935.241,-35.472,0.139
27.11.2021 17:29:14,-33.496,799.621,799.407,594.024,936.492,-35.461,0.021
27.11.2021 17:29:15,-33.395,800.872,799.865,595.153,936.645,-35.330,0.099
27.11.2021 17:29:16,-33.295,801.269,800.933,596.038,936.798,-35.230,0.033
27.11.2021 17:29:17,-33.194,801.879,800.964,597.045,937.561,-35.164,0.090
27.11.2021 17:29:18,-33.091,803.344,802.673,597.595,938.384,-35.161,0.066
27.11.2021 17:29:19,-33.001,802.917,802.001,597.839,937.622,-35.069,0.090
27.11.2021 17:29:20,-32.895,803.466,803.039,598.999,938.415,-34.987,0.042
27.11.2021 17:29:21,-32.800,803.283,802.276,599.945,937.408,-34.787,0.099
27.11.2021 17:29:22,-32.699,803.253,802.978,600.311,937.774,-34.770,0.027
27.11.2021 17:29:23,-32.594,803.405,802.917,600.982,937.377,-34.654,0.048
27.11.2021 17:29:24,-32.498,804.443,803.558,601.837,938.324,-34.623,0.087
27.11.2021 17:29:25,-32.395,805.175,804.229,602.935,939.056,-34.544,0.093
27.11.2021 17:29:26,-32.307,805.572,804.412,603.363,938.720,-34.464,0.114
27.11.2021 17:29:27,-32.204,805.450,804.962,604.431,939.392,-34.384,0.048
27.11.2021 17:29:28,-32.096,805.236,804.809,604.492,938.842,-34.333,0.042
27.11.2021 17:29:29,-31.993,806.823,806.427,606.170,940.124,-34.226,0.038
27.11.2021 17:29:30,-31.900,807.312,806.365,607.116,940.490,-34.138,0.092
27.11.2021 17:29:31,-31.792,806.793,806.396,607.482,939.208,-33.989,0.038
27.11.2021 17:29:32,-31.704,806.915,806.335,607.299,938.751,-33.975,0.056
27.11.2021 17:29:33,-31.596,806.884,805.603,607.849,938.018,-33.848,0.125
27.11.2021 17:29:34,-31.493,807.128,806.274,609.313,938.995,-33.744,0.083
27.11.2021 17:29:35,-31.395,807.250,806.823,610.504,939.575,-33.643,0.041
27.11.2021 17:29:36,-31.292,808.197,807.373,611.389,939.025,-33.490,0.080
27.11.2021 17:29:37,-31.192,807.189,806.823,611.511,938.568,-33.437,0.035
27.11.2021 17:29:38,-31.091,807.098,806.243,612.213,937.835,-33.291,0.083
27.11.2021 17:29:39,-31.003,808.349,807.739,612.823,938.507,-33.270,0.059
27.11.2021 17:29:40,-30.895,808.013,806.945,613.861,937.805,-33.085,0.104
27.11.2021 17:29:41,-30.792,808.502,807.891,615.112,938.873,-33.017,0.059
27.11.2021 17:29:42,-30.702,808.654,808.563,616.302,938.568,-32.846,0.008
27.11.2021 17:29:43,-30.601,808.013,807.861,616.210,938.079,-32.818,0.014
27.11.2021 17:29:44,-30.508,809.173,808.349,617.584,938.384,-32.674,0.080
27.11.2021 17:29:45,-30.405,808.837,808.654,618.225,937.561,-32.528,0.017
27.11.2021 17:29:46,-30.292,808.990,808.227,619.262,936.950,-32.352,0.074
27.11.2021 17:29:47,-30.197,809.020,808.319,620.452,937.561,-32.255,0.068
27.11.2021 17:29:48,-30.096,808.624,808.563,621.093,937.286,-32.155,0.005
27.11.2021 17:29:49,-29.998,809.387,808.502,621.856,937.866,-32.108,0.086
27.11.2021 17:29:50,-29.893,809.478,809.570,622.924,937.652,-31.960,-0.008
27.11.2021 17:29:51,-29.797,810.058,809.295,623.870,937.530,-31.835,0.074
27.11.2021 17:29:52,-29.692,810.302,809.570,625.030,936.828,-31.637,0.071
27.11.2021 17:29:53,-29.594,808.868,808.624,624.755,936.096,-31.611,0.023
27.11.2021 17:29:54,-29.493,810.028,808.746,626.068,936.523,-31.486,0.125
27.11.2021 17:29:55,-29.398,809.692,808.593,626.770,937.164,-31.453,0.107
27.11.2021 17:29:56,-29.292,810.058,809.661,628.021,936.920,-31.281,0.038
27.11.2021 17:29:57,-29.199,810.913,810.516,629.455,937.774,-31.177,0.038
27.11.2021 17:29:58,-29.091,810.974,810.485,630.065,937.072,-31.046,0.047
27.11.2021 17:29:59,-28.993,810.211,809.936,629.882,936.096,-30.989,0.026
27.11.2021 17:30:00,-28.893,810.333,809.539,630.523,936.736,-30.963,0.077
27.11.2021 17:30:01,-28.797,809.844,809.417,631.622,936.340,-30.798,0.041
27.11.2021 17:30:02,-28.694,810.760,810.882,632.293,937.133,-30.782,-0.011
27.11.2021 17:30:03,-28.591,810.455,809.844,633.087,936.340,-30.622,0.059
27.11.2021 17:30:04,-28.496,810.913,811.187,634.582,937.744,-30.556,-0.026
27.11.2021 17:30:05,-28.408,811.462,811.157,635.284,937.652,-30.464,0.029
27.11.2021 17:30:06,-28.300,811.187,810.760,635.498,936.553,-30.349,0.041
27.11.2021 17:30:07,-28.194,809.997,810.150,635.833,936.370,-30.294,-0.014
27.11.2021 17:30:08,-28.091,810.791,810.516,637.207,936.950,-30.176,0.026
27.11.2021 17:30:09,-27.998,810.913,810.913,637.695,936.859,-30.110,0.000
27.11.2021 17:30:10,-27.895,811.157,811.065,639.343,936.981,-29.923,0.008
27.11.2021 17:30:11,-27.792,811.004,811.126,640.045,937.316,-29.867,-0.011
27.11.2021 17:30:12,-27.692,810.150,810.089,639.648,936.065,-29.812,0.005
27.11.2021 17:30:13,-27.594,810.882,810.150,640.563,936.614,-29.747,0.071
27.11.2021 17:30:14,-27.496,810.913,810.424,642.272,936.767,-29.556,0.047
27.11.2021 17:30:15,-27.393,811.340,810.943,643.829,937.622,-29.441,0.038
27.11.2021 17:30:16,-27.292,811.706,811.279,644.622,937.866,-29.366,0.041
27.11.2021 17:30:17,-27.194,812.286,812.133,646.087,938.781,-29.267,0.014
27.11.2021 17:30:18,-27.091,812.225,811.828,646.240,938.324,-29.212,0.038
27.11.2021 17:30:19,-27.003,811.920,811.248,647.613,937.652,-28.995,0.065
27.11.2021 17:30:20,-26.898,811.645,810.791,647.949,937.408,-28.935,0.083
27.11.2021 17:30:21,-26.805,811.737,811.279,649.200,937.896,-28.827,0.044
27.11.2021 17:30:22,-26.697,812.042,811.340,650.756,938.598,-28.701,0.068
27.11.2021 17:30:23,-26.606,812.469,812.286,651.733,938.690,-28.593,0.017
27.11.2021 17:30:24,-26.498,811.798,811.645,652.648,938.659,-28.483,0.014
27.11.2021 17:30:25,-26.405,811.828,811.737,653.625,937.408,-28.266,0.008
27.11.2021 17:30:26,-26.302,811.737,810.791,654.510,937.744,-28.190,0.092
27.11.2021 17:30:27,-26.207,811.340,810.943,655.090,938.018,-28.145,0.038
27.11.2021 17:30:28,-26.094,811.828,811.523,656.555,938.751,-28.033,0.029
27.11.2021 17:30:32,-25.996,812.561,812.011,658.050,939.025,-27.881,0.053
27.11.2021 17:30:33,-25.895,812.591,812.164,658.874,938.690,-27.757,0.041
27.11.2021 17:30:36,-25.802,812.194,812.255,659.881,939.331,-27.692,-0.005
27.11.2021 17:30:40,-25.694,813.232,812.561,661.163,939.605,-27.566,0.065
27.11.2021 17:30:41,-25.594,812.561,811.950,662.658,939.392,-27.375,0.059
27.11.2021 17:30:44,-25.493,812.713,812.133,662.902,938.781,-27.296,0.056
27.11.2021 17:30:45,-25.395,813.354,812.805,664.337,939.025,-27.150,0.053
27.11.2021 17:30:48,-25.295,812.286,811.706,665.069,938.415,-27.015,0.056
27.11.2021 17:30:49,-25.204,813.476,812.561,667.083,939.392,-26.863,0.089
27.11.2021 17:30:50,-25.091,813.110,812.347,668.792,939.147,-26.646,0.074
27.11.2021 17:30:51,-24.998,812.713,812.225,669.219,938.354,-26.531,0.047
27.11.2021 17:30:52,-24.893,813.751,812.377,671.112,939.331,-26.394,0.133
27.11.2021 17:30:53,-24.795,813.598,813.507,672.393,939.086,-26.227,0.008
27.11.2021 17:30:54,-24.692,812.927,812.347,673.248,938.293,-26.064,0.056
27.11.2021 17:30:55,-24.591,813.537,812.316,674.743,937.988,-25.868,0.118
27.11.2021 17:30:56,-24.503,812.103,812.072,675.048,938.018,-25.835,0.002
27.11.2021 17:30:57,-24.408,813.446,812.622,677.154,938.018,-25.595,0.080
27.11.2021 17:30:58,-24.292,813.507,812.408,678.192,938.140,-25.487,0.107
27.11.2021 17:30:59,-24.194,812.988,813.079,679.382,937.561,-25.304,-0.008
27.11.2021 17:31:00,-24.094,814.331,813.262,681.335,937.835,-25.105,0.104
27.11.2021 17:31:01,-24.001,812.713,812.408,681.274,936.584,-25.009,0.029
27.11.2021 17:31:02,-23.895,812.866,812.011,682.556,936.767,-24.878,0.083
27.11.2021 17:31:03,-23.807,813.659,813.354,684.020,937.561,-24.778,0.029
27.11.2021 17:31:04,-23.707,814.239,813.232,685.485,937.683,-24.623,0.098
27.11.2021 17:31:05,-23.594,813.201,813.354,685.974,936.950,-24.507,-0.014
27.11.2021 17:31:06,-23.493,813.049,812.622,687.011,936.340,-24.340,0.041
27.11.2021 17:31:07,-23.395,813.262,812.957,688.201,936.431,-24.214,0.029
27.11.2021 17:31:08,-23.295,812.347,811.828,688.690,935.760,-24.103,0.050
27.11.2021 17:31:09,-23.194,813.293,812.225,689.819,936.370,-24.027,0.104
27.11.2021 17:31:10,-23.104,812.988,813.110,691.589,936.645,-23.851,-0.011
27.11.2021 17:31:11,-22.993,813.781,813.171,692.871,936.187,-23.670,0.059
27.11.2021 17:31:12,-22.893,813.568,812.622,693.267,936.157,-23.623,0.092
27.11.2021 17:31:13,-22.797,813.903,813.507,694.610,935.790,-23.443,0.038
27.11.2021 17:31:14,-22.692,813.171,812.561,695.373,935.668,-23.348,0.059
27.11.2021 17:31:15,-22.596,813.720,813.262,696.807,935.943,-23.211,0.044
27.11.2021 17:31:16,-22.501,813.568,813.446,697.692,935.821,-23.102,0.011
27.11.2021 17:31:17,-22.393,812.408,812.194,697.479,934.905,-23.050,0.020
27.11.2021 17:31:18,-22.292,813.476,812.866,699.432,935.485,-22.881,0.059
27.11.2021 17:31:19,-22.194,812.866,812.713,700.286,933.929,-22.657,0.014
27.11.2021 17:31:20,-22.094,813.018,812.713,701.568,934.021,-22.523,0.029
27.11.2021 17:31:21,-21.998,812.286,812.347,702.087,934.112,-22.473,-0.005
27.11.2021 17:31:22,-21.895,812.194,812.500,703.125,933.990,-22.348,-0.029
27.11.2021 17:31:23,-21.795,812.744,812.744,704.467,934.356,-22.230,0.000
27.11.2021 17:31:24,-21.692,812.469,813.232,705.047,934.204,-22.154,-0.074
27.11.2021 17:31:25,-21.601,812.988,812.835,706.878,933.929,-21.929,0.014
27.11.2021 17:31:26,-21.498,812.438,812.896,707.366,933.349,-21.827,-0.044
27.11.2021 17:31:27,-21.395,812.835,812.225,708.801,933.624,-21.693,0.059
27.11.2021 17:31:28,-21.300,811.950,812.408,709.625,933.410,-21.585,-0.044
27.11.2021 17:31:29,-21.192,812.927,812.835,710.968,933.197,-21.420,0.008
27.11.2021 17:31:30,-21.099,812.744,813.110,712.951,934.020,-21.272,-0.035
27.11.2021 17:31:31,-20.993,812.316,813.018,713.439,933.441,-21.170,-0.068
27.11.2021 17:31:32,-20.895,812.530,812.713,714.172,933.471,-21.093,-0.017
27.11.2021 17:31:33,-20.792,813.049,812.988,715.789,932.800,-20.861,0.005
27.11.2021 17:31:34,-20.697,812.408,812.438,716.186,932.403,-20.784,-0.002
27.11.2021 17:31:35,-20.599,811.523,812.347,718.109,932.830,-20.611,-0.080
27.11.2021 17:31:36,-20.498,811.767,812.805,718.383,932.922,-20.589,-0.101
27.11.2021 17:31:37,-20.395,812.072,812.683,720.550,932.983,-20.360,-0.059
27.11.2021 17:31:38,-20.297,812.500,813.323,721.343,933.075,-20.281,-0.080
27.11.2021 17:31:39,-20.192,812.622,812.896,723.358,932.281,-19.998,-0.026
27.11.2021 17:31:40,-20.096,811.676,812.927,723.876,931.884,-19.909,-0.122
27.11.2021 17:31:41,-19.996,812.042,811.706,725.128,931.793,-19.766,0.032
27.11.2021 17:31:42,-19.893,810.546,811.645,725.128,930.450,-19.654,-0.107
27.11.2021 17:31:43,-19.797,811.889,812.286,726.898,931.152,-19.522,-0.038
27.11.2021 17:31:44,-19.699,811.920,812.561,728.576,931.335,-19.358,-0.062
27.11.2021 17:31:45,-19.594,811.492,811.737,729.217,930.267,-19.199,-0.023
27.11.2021 17:31:46,-19.493,811.767,811.645,730.468,930.267,-19.066,0.011
27.11.2021 17:31:47,-19.393,810.272,810.638,731.201,928.527,-18.841,-0.035
27.11.2021 17:31:48,-19.305,809.692,810.760,731.781,928.588,-18.784,-0.104
27.11.2021 17:31:49,-19.192,810.058,810.913,733.856,928.100,-18.522,-0.083
27.11.2021 17:31:50,-19.091,810.729,811.645,734.680,928.436,-18.463,-0.089
27.11.2021 17:31:51,-18.993,810.668,810.821,736.328,927.123,-18.177,-0.014
27.11.2021 17:31:52,-18.898,810.607,811.309,737.213,927.124,-18.083,-0.068
27.11.2021 17:31:53,-18.807,810.699,810.455,737.731,926.025,-17.935,0.023
27.11.2021 17:31:54,-18.694,810.882,810.852,739.501,926.422,-17.781,0.002
27.11.2021 17:31:55,-18.591,809.631,809.875,740.081,924.682,-17.573,-0.023
27.11.2021 17:31:56,-18.503,810.333,810.821,741.821,925.537,-17.461,-0.047
27.11.2021 17:31:57,-18.408,809.967,810.913,742.706,924.224,-17.257,-0.092
27.11.2021 17:31:58,-18.292,809.631,809.661,743.377,922.851,-17.070,-0.002
27.11.2021 17:31:59,-18.204,809.570,810.363,744.232,922.729,-16.969,-0.077
27.11.2021 17:32:00,-18.094,810.516,810.211,745.635,922.943,-16.840,0.029
27.11.2021 17:32:01,-17.996,810.272,810.211,746.978,922.210,-16.637,0.005
27.11.2021 17:32:02,-17.898,809.356,810.150,747.741,922.149,-16.551,-0.077
27.11.2021 17:32:03,-17.795,809.722,810.424,749.420,922.332,-16.391,-0.068
27.11.2021 17:32:04,-17.707,809.875,810.211,750.152,921.081,-16.208,-0.032
27.11.2021 17:32:05,-17.594,810.180,810.424,750.518,921.050,-16.167,-0.023
27.11.2021 17:32:06,-17.496,809.295,809.753,751.617,919.433,-15.915,-0.044
27.11.2021 17:32:07,-17.395,809.020,809.600,751.708,919.677,-15.926,-0.056
27.11.2021 17:32:08,-17.292,809.143,809.631,753.540,918.975,-15.675,-0.047
27.11.2021 17:32:09,-17.194,808.990,809.265,753.753,919.403,-15.690,-0.026
27.11.2021 17:32:10,-17.091,808.898,809.478,755.035,918.640,-15.491,-0.056
27.11.2021 17:32:11,-16.993,808.959,809.539,755.676,919.219,-15.474,-0.056
27.11.2021 17:32:12,-16.898,809.356,809.570,755.920,918.670,-15.402,-0.020
27.11.2021 17:32:13,-16.802,808.258,808.929,756.713,917.663,-15.233,-0.065
27.11.2021 17:32:14,-16.702,807.861,808.807,757.171,917.541,-15.175,-0.092
27.11.2021 17:32:15,-16.606,808.197,808.380,757.904,916.839,-15.039,-0.017
27.11.2021 17:32:17,-16.506,808.166,808.990,758.758,917.602,-15.016,-0.080
27.11.2021 17:32:18,-16.405,808.593,808.898,759.796,917.602,-14.909,-0.029
27.11.2021 17:32:19,-16.292,808.288,809.204,760.559,916.625,-14.746,-0.089
27.11.2021 17:32:20,-16.202,807.922,807.952,760.498,915.557,-14.661,-0.002
27.11.2021 17:32:21,-16.099,807.556,807.281,760.528,914.581,-14.574,0.026
27.11.2021 17:32:22,-16.008,807.220,807.769,762.115,914.825,-14.431,-0.053
27.11.2021 17:32:23,-15.893,806.945,807.647,762.451,914.337,-14.355,-0.068
27.11.2021 17:32:24,-15.792,806.549,807.281,763.549,913.604,-14.179,-0.071
27.11.2021 17:32:27,-15.694,807.037,807.220,763.977,912.933,-14.077,-0.017
27.11.2021 17:32:28,-15.594,805.603,805.511,764.038,911.468,-13.944,0.009
27.11.2021 17:32:30,-15.498,806.030,806.121,765.380,911.895,-13.843,-0.008
27.11.2021 17:32:33,-15.393,806.854,806.365,766.693,912.017,-13.719,0.047
27.11.2021 17:32:36,-15.292,805.633,806.671,767.181,912.109,-13.677,-0.101
27.11.2021 17:32:38,-15.194,805.694,805.969,767.852,910.431,-13.463,-0.027
27.11.2021 17:32:39,-15.091,805.969,806.518,768.371,910.583,-13.423,-0.053
27.11.2021 17:32:41,-14.993,805.084,805.755,768.615,909.515,-13.306,-0.066
27.11.2021 17:32:42,-14.898,805.541,805.511,770.019,909.759,-13.183,0.003
27.11.2021 17:32:43,-14.792,804.901,805.816,770.599,908.691,-13.032,-0.090
27.11.2021 17:32:44,-14.692,805.023,805.603,771.392,908.569,-12.940,-0.057
27.11.2021 17:32:45,-14.594,803.924,804.840,771.118,907.104,-12.841,-0.090
27.11.2021 17:32:46,-14.501,803.527,804.443,772.369,906.219,-12.637,-0.090
27.11.2021 17:32:47,-14.395,803.344,803.314,771.179,904.388,-12.599,0.003
27.11.2021 17:32:48,-14.295,803.039,804.107,773.590,905.273,-12.430,-0.105
27.11.2021 17:32:49,-14.192,802.734,803.436,774.169,904.876,-12.336,-0.069
27.11.2021 17:32:50,-14.094,803.100,803.558,775.177,904.022,-12.160,-0.045
27.11.2021 17:32:51,-13.998,802.490,802.520,774.414,903.167,-12.163,-0.003
27.11.2021 17:32:52,-13.890,801.910,802.490,775.299,902.038,-11.974,-0.057
27.11.2021 17:32:53,-13.795,801.849,802.185,775.939,901.763,-11.885,-0.033
27.11.2021 17:32:54,-13.692,801.574,802.124,776.641,900.360,-11.691,-0.054
27.11.2021 17:32:55,-13.596,800.720,801.513,776.702,900.421,-11.690,-0.078
27.11.2021 17:32:56,-13.498,799.591,799.774,776.641,899.139,-11.584,-0.018
27.11.2021 17:32:57,-13.400,800.506,801.025,778.717,899.047,-11.366,-0.051
27.11.2021 17:32:58,-13.302,800.750,801.330,779.174,899.566,-11.365,-0.057
27.11.2021 17:32:59,-13.197,800.994,801.208,780.059,897.521,-11.096,-0.021
27.11.2021 17:33:00,-13.101,799.987,800.323,780.090,897.064,-11.053,-0.033
27.11.2021 17:33:01,-13.001,799.285,799.804,780.975,896.453,-10.910,-0.051
27.11.2021 17:33:02,-12.895,799.163,799.713,781.677,895.996,-10.798,-0.054
27.11.2021 17:33:03,-12.797,799.102,799.499,782.104,895.202,-10.685,-0.039
27.11.2021 17:33:04,-12.699,798.980,799.530,782.897,895.019,-10.589,-0.054
27.11.2021 17:33:05,-12.594,798.278,799.102,782.745,894.104,-10.524,-0.081
27.11.2021 17:33:06,-12.493,798.492,798.919,783.996,893.035,-10.304,-0.042
27.11.2021 17:33:07,-12.395,797.912,798.431,783.325,891.967,-10.277,-0.051
27.11.2021 17:33:08,-12.295,797.912,798.553,785.034,891.876,-10.097,-0.063
27.11.2021 17:33:09,-12.194,797.790,798.400,785.949,891.174,-9.943,-0.060
27.11.2021 17:33:10,-12.094,797.607,798.553,786.163,890.991,-9.905,-0.093
27.11.2021 17:33:11,-11.993,797.241,798.034,787.017,890.106,-9.741,-0.078
27.11.2021 17:33:12,-11.893,797.424,798.248,787.750,889.312,-9.597,-0.081
27.11.2021 17:33:13,-11.800,796.752,796.508,787.384,887.634,-9.484,0.024
27.11.2021 17:33:14,-11.694,796.508,797.088,787.414,886.627,-9.392,-0.057
27.11.2021 17:33:15,-11.591,795.166,795.684,787.445,886.138,-9.345,-0.051
27.11.2021 17:33:16,-11.493,795.989,796.356,789.215,886.047,-9.160,-0.036
27.11.2021 17:33:17,-11.395,796.112,796.539,788.970,886.138,-9.192,-0.042
27.11.2021 17:33:18,-11.295,796.264,796.630,790.496,885.986,-9.026,-0.036
27.11.2021 17:33:19,-11.202,796.020,796.264,790.161,884.368,-8.915,-0.024
27.11.2021 17:33:20,-11.094,794.372,795.471,790.161,883.422,-8.831,-0.109
27.11.2021 17:33:21,-10.993,795.013,795.501,790.466,883.911,-8.844,-0.048
27.11.2021 17:33:22,-10.893,793.945,794.616,790.893,882.965,-8.717,-0.066
27.11.2021 17:33:23,-10.792,794.342,794.769,791.412,882.965,-8.665,-0.042
27.11.2021 17:33:24,-10.704,793.884,794.616,791.473,882.690,-8.634,-0.073
27.11.2021 17:33:25,-10.596,793.853,793.579,791.381,881.378,-8.526,0.027
27.11.2021 17:33:26,-10.493,793.273,794.219,791.778,880.371,-8.396,-0.094
27.11.2021 17:33:27,-10.390,793.457,793.151,791.748,879.730,-8.341,0.030
27.11.2021 17:33:28,-10.292,791.137,792.022,791.625,879.272,-8.312,-0.088
27.11.2021 17:33:29,-10.192,793.060,792.694,792.907,879.150,-8.174,0.036
27.11.2021 17:33:30,-10.094,791.137,791.778,792.266,878.479,-8.177,-0.064
27.11.2021 17:33:31,-9.993,792.388,792.144,793.823,879.333,-8.099,0.024
27.11.2021 17:33:32,-9.898,791.778,792.144,793.457,878.021,-8.017,-0.036
27.11.2021 17:33:33,-9.792,791.870,791.290,793.365,877.044,-7.938,0.058
27.11.2021 17:33:34,-9.699,790.588,790.496,793.029,875.762,-7.856,0.009
27.11.2021 17:33:35,-9.596,790.802,790.740,794.189,875.579,-7.724,0.006
27.11.2021 17:33:36,-9.506,790.130,790.100,794.769,874.847,-7.600,0.003
27.11.2021 17:33:37,-9.395,790.435,790.222,795.166,874.969,-7.572,0.021
27.11.2021 17:33:38,-9.305,789.855,790.588,796.203,874.938,-7.466,-0.073
27.11.2021 17:33:39,-9.192,789.825,789.794,795.532,873.107,-7.367,0.003
27.11.2021 17:33:40,-9.101,788.635,788.940,796.051,872.070,-7.222,-0.030
27.11.2021 17:33:41,-8.998,789.520,789.459,796.508,871.978,-7.168,0.006
27.11.2021 17:33:42,-8.900,788.330,788.696,797.607,871.734,-7.037,-0.036
27.11.2021 17:33:43,-8.792,788.330,788.208,796.813,870.452,-6.999,0.012
27.11.2021 17:33:44,-8.699,788.513,788.085,798.583,870.422,-6.821,0.042
27.11.2021 17:33:45,-8.599,788.116,788.513,798.095,870.086,-6.839,-0.039
27.11.2021 17:33:46,-8.496,788.024,788.177,797.607,868.255,-6.720,-0.015
27.11.2021 17:33:47,-8.398,788.208,788.085,798.339,867.919,-6.617,0.012
27.11.2021 17:33:48,-8.302,788.024,788.116,799.743,867.828,-6.470,-0.009
27.11.2021 17:33:49,-8.202,787.628,788.208,800.140,867.797,-6.428,-0.058
27.11.2021 17:33:50,-8.091,788.238,788.299,800.567,867.950,-6.400,-0.006
27.11.2021 17:33:51,-8.008,787.658,787.963,800.903,867.248,-6.302,-0.030
27.11.2021 17:33:52,-7.893,786.682,787.445,800.384,866.088,-6.248,-0.076
27.11.2021 17:33:53,-7.805,787.384,787.750,801.269,866.150,-6.166,-0.036
27.11.2021 17:33:54,-7.692,786.529,786.743,800.842,864.898,-6.094,-0.021
27.11.2021 17:33:55,-7.596,785.888,786.651,801.666,864.929,-6.015,-0.076
27.11.2021 17:33:56,-7.498,786.468,786.834,801.330,864.257,-5.987,-0.036
27.11.2021 17:33:57,-7.403,785.369,785.644,801.422,863.677,-5.925,-0.027
27.11.2021 17:33:58,-7.292,785.736,786.071,802.764,863.799,-5.804,-0.033
27.11.2021 17:33:59,-7.194,786.560,787.322,803.466,864.044,-5.757,-0.076
27.11.2021 17:34:00,-7.091,786.712,786.956,803.955,863.311,-5.642,-0.024
27.11.2021 17:34:01,-6.996,785.980,786.132,803.222,862.579,-5.646,-0.015
27.11.2021 17:34:03,-6.893,785.430,785.247,803.955,861.816,-5.504,0.018
27.11.2021 17:34:04,-6.792,785.308,785.339,803.863,861.053,-5.443,-0.003
27.11.2021 17:34:05,-6.692,785.644,786.163,805.633,861.968,-5.353,-0.052
27.11.2021 17:34:06,-6.591,784.637,785.278,805.419,860.626,-5.251,-0.064
27.11.2021 17:34:07,-6.508,784.759,785.491,805.328,859.832,-5.187,-0.073
27.11.2021 17:34:08,-6.395,784.759,784.393,805.480,858.917,-5.088,0.036
27.11.2021 17:34:09,-6.292,783.843,784.210,805.847,857.910,-4.959,-0.037
27.11.2021 17:34:10,-6.197,782.958,783.111,805.786,857.177,-4.897,-0.015
27.11.2021 17:34:11,-6.106,782.836,784.454,806.640,856.628,-4.762,-0.163
27.11.2021 17:34:12,-6.001,783.264,784.271,807.373,856.750,-4.702,-0.101
27.11.2021 17:34:13,-5.895,783.905,784.667,808.410,856.170,-4.547,-0.077
27.11.2021 17:34:14,-5.797,783.599,783.905,808.197,855.072,-4.466,-0.030
27.11.2021 17:34:15,-5.707,783.813,782.684,808.227,854.736,-4.432,0.114
27.11.2021 17:34:16,-5.601,782.836,782.989,808.654,854.125,-4.333,-0.015
27.11.2021 17:34:17,-5.501,782.928,783.538,809.326,853.729,-4.231,-0.061
27.11.2021 17:34:18,-5.395,783.203,783.020,809.387,852.874,-4.146,0.018
27.11.2021 17:34:20,-5.297,783.294,783.660,810.546,852.325,-3.981,-0.037
27.11.2021 17:34:22,-5.192,783.355,783.386,810.638,852.203,-3.961,-0.003
27.11.2021 17:34:23,-5.094,783.508,782.989,811.187,851.287,-3.822,0.052
27.11.2021 17:34:24,-4.998,782.562,783.020,810.852,851.013,-3.829,-0.046
27.11.2021 17:34:25,-4.898,783.752,783.782,812.561,851.226,-3.682,-0.003
27.11.2021 17:34:26,-4.800,781.982,782.684,811.187,848.999,-3.609,-0.071
27.11.2021 17:34:27,-4.694,783.050,783.660,812.072,849.792,-3.597,-0.061
27.11.2021 17:34:28,-4.594,783.386,783.142,812.042,849.487,-3.571,0.024
27.11.2021 17:34:29,-4.498,782.073,782.592,812.072,848.449,-3.471,-0.052
27.11.2021 17:34:30,-4.393,782.592,782.409,812.408,848.144,-3.410,0.018
27.11.2021 17:34:31,-4.295,780.883,781.524,812.408,846.588,-3.265,-0.065
27.11.2021 17:34:32,-4.197,782.318,782.012,813.262,846.466,-3.170,0.030
27.11.2021 17:34:33,-4.094,781.402,781.738,812.957,846.008,-3.157,-0.034
27.11.2021 17:34:34,-3.996,782.470,781.982,813.568,845.581,-3.057,0.049
27.11.2021 17:34:35,-3.898,782.165,781.829,814.239,845.306,-2.966,0.034
27.11.2021 17:34:36,-3.795,781.738,781.799,814.331,845.336,-2.960,-0.006
27.11.2021 17:34:37,-3.692,782.409,782.836,815.612,846.008,-2.898,-0.043
27.11.2021 17:34:38,-3.594,782.348,782.135,815.399,845.062,-2.831,0.021
27.11.2021 17:34:39,-3.493,781.890,781.402,815.582,844.390,-2.750,0.049
27.11.2021 17:34:40,-3.393,782.012,782.226,816.528,844.238,-2.644,-0.021
27.11.2021 17:34:41,-3.300,781.707,781.372,815.765,842.956,-2.597,0.034
27.11.2021 17:34:42,-3.192,781.707,781.646,816.558,842.834,-2.509,0.006
27.11.2021 17:34:43,-3.096,780.944,780.364,816.314,842.254,-2.478,0.058
27.11.2021 17:34:44,-3.008,781.738,781.402,818.237,842.163,-2.283,0.034
27.11.2021 17:34:45,-2.895,781.585,781.616,818.420,841.308,-2.185,-0.003
27.11.2021 17:34:46,-2.792,782.073,781.585,819.854,842.193,-2.130,0.049
27.11.2021 17:34:47,-2.694,781.646,780.670,818.603,840.240,-2.067,0.099
27.11.2021 17:34:48,-2.591,781.494,781.127,819.488,839.996,-1.958,0.037
27.11.2021 17:34:49,-2.508,781.127,780.670,819.824,839.965,-1.923,0.046
27.11.2021 17:34:50,-2.395,781.188,781.127,820.709,839.050,-1.751,0.006
27.11.2021 17:34:51,-2.305,781.646,781.127,821.014,839.325,-1.747,0.052
27.11.2021 17:34:52,-2.192,781.494,781.585,822.357,838.928,-1.580,-0.009
27.11.2021 17:34:53,-2.106,782.531,781.951,822.479,838.104,-1.491,0.058
27.11.2021 17:34:54,-1.993,781.127,781.372,822.387,837.036,-1.398,-0.024
27.11.2021 17:34:55,-1.898,781.524,780.731,821.563,836.029,-1.383,0.080
27.11.2021 17:34:56,-1.792,780.914,781.036,822.509,835.937,-1.283,-0.012
27.11.2021 17:34:57,-1.694,782.135,781.127,823.364,836.181,-1.223,0.102
27.11.2021 17:34:58,-1.591,781.585,781.219,823.486,835.815,-1.177,0.037
27.11.2021 17:34:59,-1.491,782.257,782.073,824.310,836.090,-1.124,0.018
27.11.2021 17:35:00,-1.403,782.623,781.738,824.890,835.205,-0.984,0.089
27.11.2021 17:35:01,-1.295,782.226,781.921,825.134,834.625,-0.906,0.030
27.11.2021 17:35:02,-1.192,782.073,781.646,825.378,834.289,-0.850,0.043
27.11.2021 17:35:03,-1.096,781.921,781.982,825.988,833.831,-0.748,-0.006
27.11.2021 17:35:04,-0.993,782.012,781.341,826.171,833.923,-0.739,0.068
27.11.2021 17:35:05,-0.895,782.409,781.158,826.660,833.221,-0.626,0.126
27.11.2021 17:35:06,-0.795,782.928,782.226,827.728,833.648,-0.564,0.071
27.11.2021 17:35:07,-0.694,783.172,782.440,827.819,833.221,-0.515,0.074
27.11.2021 17:35:08,-0.591,782.409,781.158,827.300,832.549,-0.501,0.126
27.11.2021 17:35:09,-0.498,781.799,780.883,827.087,831.329,-0.405,0.092
27.11.2021 17:35:10,-0.393,781.738,781.097,827.636,831.329,-0.352,0.064
27.11.2021 17:35:11,-0.292,782.623,781.951,829.498,831.787,-0.218,0.068
27.11.2021 17:35:12,-0.194,782.623,781.494,829.528,830.749,-0.116,0.114
27.11.2021 17:35:13,-0.091,782.562,781.890,830.169,830.535,-0.034,0.068
27.11.2021 17:35:14,-0.001,782.501,782.043,830.230,829.711,0.049,0.046
27.11.2021 17:35:15,0.107,783.721,782.775,831.176,830.932,0.023,0.095
27.11.2021 17:35:16,0.198,782.470,781.829,831.146,829.467,0.160,0.064
27.11.2021 17:35:17,0.308,782.836,782.165,831.726,828.704,0.288,0.067
27.11.2021 17:35:18,0.409,782.348,781.280,832.855,828.399,0.425,0.108
27.11.2021 17:35:19,0.504,782.104,781.768,832.061,827.606,0.425,0.034
27.11.2021 17:35:20,0.602,782.653,781.921,833.862,827.453,0.611,0.074
27.11.2021 17:35:21,0.708,783.264,782.318,833.770,827.331,0.614,0.095
27.11.2021 17:35:22,0.806,782.897,781.799,834.350,826.538,0.745,0.111
27.11.2021 17:35:23,0.906,782.775,782.653,834.747,826.690,0.768,0.012
27.11.2021 17:35:24,1.002,782.501,782.104,834.655,825.469,0.876,0.040
27.11.2021 17:35:25,1.102,782.897,782.531,834.991,825.317,0.923,0.037
27.11.2021 17:35:26,1.208,783.599,782.928,836.364,825.744,1.012,0.067
27.11.2021 17:35:27,1.306,783.386,782.775,835.754,824.890,1.036,0.061
27.11.2021 17:35:28,1.406,784.027,783.203,836.456,825.073,1.085,0.083
27.11.2021 17:35:29,1.504,783.142,782.470,836.273,824.096,1.162,0.067
27.11.2021 17:35:30,1.607,783.294,782.989,836.730,823.913,1.223,0.030
27.11.2021 17:35:31,1.708,783.050,782.897,837.219,823.516,1.307,0.015
27.11.2021 17:35:32,1.806,783.447,782.745,837.402,823.394,1.336,0.071
27.11.2021 17:35:33,1.909,783.325,783.172,838.409,823.516,1.420,0.015
27.11.2021 17:35:34,2.004,784.179,782.806,838.653,822.418,1.548,0.138
27.11.2021 17:35:35,2.092,784.271,783.355,839.050,822.509,1.577,0.092
27.11.2021 17:35:36,2.205,784.393,783.264,839.294,822.937,1.559,0.114
27.11.2021 17:35:37,2.308,784.484,784.210,840.789,822.387,1.753,0.027
27.11.2021 17:35:38,2.406,784.088,783.813,840.820,822.235,1.771,0.027
27.11.2021 17:35:39,2.507,785.461,784.973,842.559,822.906,1.870,0.049
27.11.2021 17:35:40,2.607,783.966,782.806,841.247,821.166,1.914,0.117
27.11.2021 17:35:41,2.695,785.369,784.423,842.285,821.441,1.985,0.095
27.11.2021 17:35:42,2.803,784.881,783.874,842.803,820.495,2.125,0.101
27.11.2021 17:35:43,2.909,785.278,784.545,844.329,821.655,2.156,0.073
27.11.2021 17:35:44,3.004,785.552,784.362,844.970,820.373,2.340,0.120
27.11.2021 17:35:45,3.107,785.614,784.515,844.879,820.220,2.346,0.110
27.11.2021 17:35:46,3.208,786.071,784.637,845.825,819.946,2.462,0.144
27.11.2021 17:35:47,3.308,785.461,784.667,846.221,819.213,2.570,0.080
27.11.2021 17:35:49,3.396,786.010,784.729,847.259,818.664,2.720,0.129
27.11.2021 17:35:50,3.507,785.552,784.698,847.503,818.450,2.763,0.086
27.11.2021 17:35:51,3.602,785.858,785.064,849.212,818.176,2.949,0.080
27.11.2021 17:35:52,3.708,786.407,785.736,850.036,817.596,3.082,0.067
27.11.2021 17:35:53,3.793,787.231,785.675,851.226,817.077,3.243,0.156
27.11.2021 17:35:54,3.894,786.529,785.247,850.799,816.558,3.254,0.129
27.11.2021 17:35:55,3.992,787.506,785.919,852.355,815.887,3.464,0.159
27.11.2021 17:35:56,4.107,787.780,786.407,852.874,815.887,3.512,0.138
27.11.2021 17:35:57,4.200,786.224,785.186,852.020,814.208,3.596,0.104
27.11.2021 17:35:58,4.298,786.712,786.285,852.844,814.086,3.684,0.043
27.11.2021 17:35:59,4.401,787.231,786.499,853.576,814.239,3.737,0.073
27.11.2021 17:36:00,4.492,788.665,787.200,855.072,814.483,3.852,0.147
27.11.2021 17:36:01,4.592,788.696,787.231,855.987,813.537,4.029,0.147
27.11.2021 17:36:02,4.700,788.574,786.834,855.865,812.835,4.086,0.174
27.11.2021 17:36:03,4.798,789.276,787.353,856.384,812.316,4.185,0.193
27.11.2021 17:36:04,4.899,788.574,786.987,856.628,812.103,4.228,0.159
27.11.2021 17:36:05,5.007,788.818,787.902,856.933,811.218,4.343,0.092
27.11.2021 17:36:06,5.107,789.550,787.780,858.001,811.431,4.420,0.177
27.11.2021 17:36:07,5.195,788.787,787.139,857.788,810.180,4.523,0.165
27.11.2021 17:36:08,5.301,789.337,788.116,858.642,810.638,4.557,0.122
27.11.2021 17:36:09,5.401,790.039,788.116,858.612,810.333,4.584,0.193
27.11.2021 17:36:10,5.504,789.367,787.139,858.490,808.959,4.707,0.223
27.11.2021 17:36:11,5.592,790.405,789.520,860.229,810.729,4.694,0.088
27.11.2021 17:36:12,5.695,790.740,789.093,861.022,809.783,4.860,0.165
27.11.2021 17:36:13,5.808,791.473,790.039,861.328,810.394,4.828,0.143
27.11.2021 17:36:14,5.906,791.961,790.252,862.853,809.753,5.031,0.171
27.11.2021 17:36:15,6.004,791.656,790.466,863.067,809.600,5.065,0.119
27.11.2021 17:36:16,6.102,792.694,790.496,863.372,809.051,5.147,0.219
27.11.2021 17:36:17,6.208,790.802,789.794,862.792,808.135,5.183,0.100
27.11.2021 17:36:18,6.308,791.961,789.916,864.257,807.312,5.398,0.204
27.11.2021 17:36:19,6.409,791.870,790.496,864.410,807.434,5.400,0.137
27.11.2021 17:36:20,6.504,792.816,790.649,865.325,807.739,5.454,0.216
27.11.2021 17:36:21,6.607,794.036,792.175,866.943,808.319,5.545,0.185
27.11.2021 17:36:22,6.705,794.525,791.961,867.126,807.006,5.691,0.256
27.11.2021 17:36:23,6.808,793.792,791.809,867.248,806.091,5.792,0.198
27.11.2021 17:36:24,6.909,793.945,791.442,867.706,805.572,5.884,0.250
27.11.2021 17:36:25,7.002,793.914,791.839,868.377,805.175,5.984,0.207
27.11.2021 17:36:26,7.110,794.616,791.534,868.255,804.718,6.018,0.307
27.11.2021 17:36:27,7.200,794.036,792.297,869.903,804.504,6.189,0.173
27.11.2021 17:36:28,7.306,794.555,792.053,869.445,803.894,6.208,0.249
27.11.2021 17:36:29,7.404,795.104,792.907,870.697,804.107,6.301,0.219
27.11.2021 17:36:30,7.507,794.311,792.358,870.575,802.703,6.428,0.195
27.11.2021 17:36:31,7.607,795.166,793.182,871.887,803.466,6.472,0.197
27.11.2021 17:36:32,7.705,795.654,793.609,872.558,803.497,6.530,0.203
27.11.2021 17:36:33,7.806,796.173,793.518,872.924,802.978,6.614,0.264
27.11.2021 17:36:34,7.909,794.830,793.518,873.260,802.459,6.695,0.130
27.11.2021 17:36:35,7.999,796.875,793.945,874.206,802.398,6.787,0.291
27.11.2021 17:36:36,8.100,795.501,793.487,873.168,800.323,6.898,0.200
27.11.2021 17:36:37,8.208,796.508,793.151,874.389,800.537,6.987,0.334
27.11.2021 17:36:38,8.306,796.905,793.273,875.030,800.994,7.000,0.361
27.11.2021 17:36:39,8.409,797.180,793.701,875.640,799.774,7.176,0.346
27.11.2021 17:36:40,8.504,797.027,793.884,875.396,799.194,7.211,0.313
27.11.2021 17:36:41,8.600,797.668,794.586,877.380,799.316,7.378,0.306
27.11.2021 17:36:42,8.705,797.424,794.860,876.800,798.797,7.377,0.255
27.11.2021 17:36:43,8.803,798.828,794.647,877.868,798.126,7.540,0.415
27.11.2021 17:36:44,8.909,798.095,794.891,878.448,797.149,7.689,0.318
27.11.2021 17:36:45,8.999,798.278,795.013,879.424,797.332,7.758,0.324
27.11.2021 17:36:46,9.107,799.102,795.593,880.004,796.752,7.868,0.348
27.11.2021 17:36:47,9.203,798.919,795.593,881.042,796.447,7.991,0.330
27.11.2021 17:36:48,9.298,798.706,795.776,881.011,795.379,8.095,0.291
27.11.2021 17:36:49,9.396,799.072,796.020,882.415,795.104,8.248,0.303
27.11.2021 17:36:50,9.499,799.499,795.837,882.873,794.586,8.340,0.363
27.11.2021 17:36:51,9.607,800.109,796.234,884.277,794.189,8.505,0.384
27.11.2021 17:36:52,9.693,799.407,796.478,884.246,794.219,8.500,0.290
27.11.2021 17:36:53,9.806,799.621,796.539,885.467,793.273,8.703,0.306
27.11.2021 17:36:54,9.906,800.476,796.722,886.321,792.510,8.855,0.372
27.11.2021 17:36:55,10.004,801.086,796.875,887.512,792.175,8.995,0.417
27.11.2021 17:36:56,10.100,802.185,798.675,888.824,792.236,9.105,0.347
27.11.2021 17:36:57,10.205,801.147,796.875,888.122,790.039,9.262,0.423
27.11.2021 17:36:58,10.306,801.269,797.637,889.282,789.947,9.374,0.359
27.11.2021 17:36:59,10.406,801.818,798.187,890.167,789.550,9.492,0.359
27.11.2021 17:37:00,10.504,802.398,798.736,891.418,788.909,9.668,0.362
27.11.2021 17:37:01,10.597,803.527,799.041,892.394,788.299,9.815,0.443
27.11.2021 17:37:02,10.703,803.619,799.621,893.127,787.719,9.938,0.395
27.11.2021 17:37:03,10.806,802.947,799.102,892.181,786.407,9.986,0.380
27.11.2021 17:37:04,10.901,803.070,799.224,893.615,785.705,10.183,0.380
27.11.2021 17:37:05,11.002,802.795,798.950,892.883,784.393,10.250,0.380
27.11.2021 17:37:06,11.105,803.497,799.346,894.195,784.088,10.397,0.410
27.11.2021 17:37:07,11.200,803.894,800.170,895.049,783.966,10.484,0.367
27.11.2021 17:37:08,11.306,804.077,800.262,895.355,783.111,10.597,0.376
27.11.2021 17:37:09,11.406,804.809,800.476,895.416,782.165,10.698,0.427
27.11.2021 17:37:10,11.502,804.901,800.506,896.362,781.280,10.871,0.433
27.11.2021 17:37:11,11.600,804.473,800.354,896.057,780.731,10.899,0.406
27.11.2021 17:37:12,11.708,803.802,800.292,897.552,780.700,11.034,0.346
27.11.2021 17:37:13,11.808,805.419,801.055,897.918,779.418,11.196,0.430
27.11.2021 17:37:14,11.909,805.389,800.994,898.223,779.296,11.235,0.433
27.11.2021 17:37:15,11.999,805.084,801.147,898.864,777.832,11.439,0.388
27.11.2021 17:37:16,12.102,806.335,801.727,899.505,777.832,11.495,0.454
27.11.2021 17:37:17,12.205,806.152,801.239,898.742,776.519,11.562,0.484
27.11.2021 17:37:18,12.308,805.755,800.750,899.230,776.306,11.626,0.493
27.11.2021 17:37:19,12.401,806.396,801.452,900.604,775.970,11.781,0.487
27.11.2021 17:37:20,12.499,806.854,802.368,901.153,775.146,11.912,0.441
27.11.2021 17:37:21,12.605,807.250,801.971,902.801,774.749,12.097,0.519
27.11.2021 17:37:22,12.705,807.678,801.452,902.069,773.681,12.141,0.613
27.11.2021 17:37:23,12.801,807.647,802.642,902.709,772.705,12.297,0.492
27.11.2021 17:37:24,12.899,806.579,801.086,902.191,771.972,12.326,0.541
27.11.2021 17:37:25,12.999,807.617,802.764,904.663,772.338,12.504,0.477
27.11.2021 17:37:26,13.097,807.250,802.032,904.602,771.209,12.614,0.513
27.11.2021 17:37:27,13.198,807.739,802.642,904.601,770.751,12.661,0.501
27.11.2021 17:37:28,13.303,808.258,802.551,906.127,769.836,12.887,0.561
27.11.2021 17:37:29,13.399,808.227,803.161,905.487,768.524,12.966,0.498
27.11.2021 17:37:30,13.499,808.502,803.497,906.982,767.974,13.152,0.492
27.11.2021 17:37:31,13.600,809.204,804.351,907.897,768.005,13.228,0.476
27.11.2021 17:37:32,13.700,808.685,803.039,907.409,766.479,13.342,0.555
27.11.2021 17:37:33,13.796,809.448,803.863,908.569,766.845,13.405,0.548
27.11.2021 17:37:35,13.901,810.150,804.138,909.423,766.540,13.510,0.590
27.11.2021 17:37:36,14.004,808.715,803.375,909.057,763.793,13.761,0.525
27.11.2021 17:37:37,14.102,810.272,804.473,909.271,764.129,13.745,0.569
27.11.2021 17:37:38,14.193,809.539,803.863,909.454,762.115,13.968,0.557
27.11.2021 17:37:39,14.298,810.211,803.802,909.515,761.993,13.986,0.629
27.11.2021 17:37:40,14.406,809.722,804.138,910.644,761.016,14.185,0.548
27.11.2021 17:37:41,14.492,809.936,804.626,910.583,760.162,14.268,0.521
27.11.2021 17:37:42,14.597,810.760,805.084,912.048,759.979,14.413,0.556
27.11.2021 17:37:43,14.695,810.943,805.358,913.299,759.185,14.603,0.547
27.11.2021 17:37:44,14.806,811.706,806.121,913.848,758.544,14.716,0.547
27.11.2021 17:37:45,14.904,810.760,804.718,913.421,756.408,14.901,0.592
27.11.2021 17:37:46,14.999,811.187,805.541,914.581,756.439,14.998,0.553
27.11.2021 17:37:48,15.107,811.279,805.389,914.764,755.493,15.112,0.577
27.11.2021 17:37:50,15.205,812.164,806.274,915.924,754.760,15.287,0.576
27.11.2021 17:37:51,15.301,811.492,805.328,915.649,753.204,15.426,0.604
27.11.2021 17:37:53,15.406,811.523,805.969,917.297,752.868,15.602,0.544
27.11.2021 17:37:54,15.502,811.706,806.518,918.121,751.892,15.774,0.508
27.11.2021 17:37:55,15.607,813.079,806.671,919.250,751.586,15.902,0.627
27.11.2021 17:37:56,15.708,811.523,806.152,918.945,749.938,16.048,0.526
27.11.2021 17:37:57,15.803,812.805,806.304,919.647,749.023,16.204,0.636
27.11.2021 17:37:58,15.901,812.805,806.427,920.654,748.504,16.344,0.624
27.11.2021 17:37:59,16.007,811.553,806.213,920.593,746.612,16.537,0.523
27.11.2021 17:38:00,16.097,812.896,806.182,921.966,746.063,16.712,0.657
27.11.2021 17:38:01,16.193,812.438,806.396,922.119,745.208,16.815,0.591
27.11.2021 17:38:02,16.301,812.194,806.121,922.424,743.713,16.998,0.594
27.11.2021 17:38:03,16.401,813.293,807.312,924.102,743.041,17.211,0.584
27.11.2021 17:38:04,16.494,812.927,806.488,923.767,742.095,17.282,0.630
27.11.2021 17:38:05,16.600,811.828,805.267,923.248,739.959,17.464,0.643
27.11.2021 17:38:06,16.700,812.927,806.976,924.987,740.081,17.599,0.582
27.11.2021 17:38:07,16.796,812.072,805.847,925.201,738.037,17.833,0.609
27.11.2021 17:38:08,16.899,812.927,806.060,925.659,737.762,17.901,0.672
27.11.2021 17:38:09,16.992,813.446,806.671,926.696,736.663,18.105,0.662
27.11.2021 17:38:10,17.100,813.262,806.060,926.300,735.565,18.188,0.704
27.11.2021 17:38:11,17.195,813.446,806.030,926.208,734.130,18.333,0.725
27.11.2021 17:38:12,17.301,812.408,806.091,926.452,732.818,18.494,0.618
27.11.2021 17:38:13,17.399,813.385,806.518,927.429,732.452,18.615,0.671
27.11.2021 17:38:14,17.502,813.415,807.128,927.520,730.804,18.799,0.614
27.11.2021 17:38:15,17.592,813.232,807.128,928.405,730.255,18.932,0.596
27.11.2021 17:38:16,17.700,812.622,805.236,927.642,727.539,19.159,0.723
27.11.2021 17:38:17,17.798,813.903,806.732,928.375,727.020,19.276,0.701
27.11.2021 17:38:18,17.904,812.225,804.748,927.154,724.212,19.475,0.732
27.11.2021 17:38:19,18.002,813.537,806.304,929.168,724.914,19.569,0.707
27.11.2021 17:38:20,18.100,812.683,806.030,929.138,723.571,19.711,0.651
27.11.2021 17:38:21,18.203,813.720,806.396,929.717,722.747,19.849,0.716
27.11.2021 17:38:22,18.298,813.964,806.793,930.480,722.503,19.939,0.701
27.11.2021 17:38:23,18.396,813.201,806.640,930.694,720.520,20.171,0.641
27.11.2021 17:38:24,18.497,812.774,805.541,930.023,718.872,20.294,0.708
27.11.2021 17:38:25,18.592,812.652,805.847,930.145,717.590,20.443,0.666
27.11.2021 17:38:26,18.693,812.561,805.969,930.725,717.041,20.551,0.645
27.11.2021 17:38:27,18.796,813.812,807.128,932.006,716.766,20.688,0.653
27.11.2021 17:38:28,18.901,813.507,806.854,931.732,715.576,20.795,0.650
27.11.2021 17:38:29,18.994,813.598,807.281,932.434,714.935,20.923,0.617
27.11.2021 17:38:30,19.097,813.812,806.671,932.281,713.806,21.033,0.698
27.11.2021 17:38:31,19.198,812.927,806.121,932.495,712.005,21.248,0.666
27.11.2021 17:38:32,19.296,813.018,806.335,931.518,711.029,21.273,0.654
27.11.2021 17:38:33,19.399,813.415,805.633,933.105,710.510,21.462,0.761
27.11.2021 17:38:34,19.497,813.415,806.732,932.342,708.862,21.579,0.653
27.11.2021 17:38:35,19.600,813.049,804.840,932.220,707.977,21.666,0.804
27.11.2021 17:38:36,19.693,812.896,805.572,932.006,706.817,21.776,0.717
27.11.2021 17:38:37,19.801,813.171,805.633,932.342,706.207,21.871,0.737
27.11.2021 17:38:38,19.899,812.561,804.901,932.830,704.559,22.093,0.750
27.11.2021 17:38:39,19.994,812.133,805.389,931.732,703.918,22.072,0.660
27.11.2021 17:38:40,20.095,813.201,805.389,932.861,702.636,22.308,0.764
27.11.2021 17:38:41,20.195,811.950,805.511,932.739,701.782,22.392,0.630
27.11.2021 17:38:42,20.303,812.866,806.060,934.082,701.446,22.541,0.666
27.11.2021 17:38:43,20.396,812.835,805.541,933.837,699.645,22.721,0.714
27.11.2021 17:38:44,20.499,813.262,805.084,933.715,698.822,22.802,0.800
27.11.2021 17:38:45,20.597,812.591,804.656,933.532,697.662,22.915,0.777
27.11.2021 17:38:46,20.695,811.889,804.443,933.410,697.052,22.973,0.730
27.11.2021 17:38:47,20.803,810.791,803.497,932.891,694.671,23.195,0.716
27.11.2021 17:38:48,20.896,811.370,804.229,933.593,694.244,23.301,0.700
27.11.2021 17:38:49,20.997,811.065,803.161,933.990,693.054,23.467,0.775
27.11.2021 17:38:50,21.092,810.729,803.070,933.441,691.772,23.565,0.752
27.11.2021 17:38:51,21.195,811.218,803.619,934.295,690.643,23.763,0.745
27.11.2021 17:38:52,21.296,810.302,803.100,934.082,689.727,23.848,0.707
27.11.2021 17:38:53,21.394,810.058,801.940,933.837,688.629,23.951,0.798
27.11.2021 17:38:54,21.499,810.180,802.947,934.692,688.110,24.080,0.710
27.11.2021 17:38:55,21.602,809.967,802.398,934.875,686.492,24.277,0.743
27.11.2021 17:38:56,21.695,809.661,801.635,935.241,685.424,24.428,0.789
27.11.2021 17:38:57,21.798,809.906,801.879,935.119,683.990,24.580,0.789
27.11.2021 17:38:58,21.896,808.807,800.354,934.783,682.830,24.683,0.832
27.11.2021 17:38:59,21.999,809.417,801.116,935.241,681.976,24.818,0.816
27.11.2021 17:39:00,22.095,809.234,801.116,935.973,680.969,24.993,0.798
27.11.2021 17:39:01,22.198,808.837,800.903,934.844,679.687,25.045,0.781
27.11.2021 17:39:02,22.293,809.600,800.933,935.913,678.924,25.220,0.852
27.11.2021 17:39:03,22.401,808.624,800.506,935.943,676.574,25.490,0.799
27.11.2021 17:39:04,22.494,808.746,800.323,936.035,675.506,25.620,0.829
27.11.2021 17:39:05,22.597,808.441,800.415,936.218,674.896,25.705,0.790
27.11.2021 17:39:06,22.693,807.952,800.018,936.126,673.950,25.805,0.782
27.11.2021 17:39:07,22.803,807.983,800.445,937.255,673.736,25.923,0.742
27.11.2021 17:39:08,22.901,808.074,800.292,937.377,672.302,26.097,0.766
27.11.2021 17:39:09,22.994,808.410,800.415,937.713,671.173,26.254,0.787
27.11.2021 17:39:10,23.097,808.624,800.048,938.018,670.593,26.346,0.844
27.11.2021 17:39:11,23.193,807.678,799.865,938.018,669.219,26.504,0.770
27.11.2021 17:39:12,23.301,808.349,799.987,938.201,668.304,26.624,0.823
27.11.2021 17:39:13,23.394,805.603,798.492,937.530,666.717,26.752,0.702
27.11.2021 17:39:14,23.497,806.457,798.492,937.164,665.924,26.814,0.786
27.11.2021 17:39:15,23.592,806.274,797.485,936.798,664.825,26.911,0.868
27.11.2021 17:39:16,23.695,806.091,797.943,936.981,663.726,27.053,0.805
27.11.2021 17:39:17,23.798,806.243,797.698,936.920,662.719,27.165,0.844
27.11.2021 17:39:18,23.901,805.236,797.454,937.072,661.376,27.333,0.769
27.11.2021 17:39:19,23.997,805.053,796.844,935.943,660.217,27.376,0.812
27.11.2021 17:39:21,24.095,805.999,797.393,938.293,660.461,27.540,0.850
27.11.2021 17:39:22,24.195,804.901,796.386,936.431,658.233,27.647,0.842
27.11.2021 17:39:23,24.296,805.236,797.302,937.286,657.775,27.770,0.784
27.11.2021 17:39:24,24.394,804.534,796.813,936.737,656.860,27.832,0.764
27.11.2021 17:39:25,24.497,804.321,796.081,935.943,655.273,27.953,0.815
27.11.2021 17:39:26,24.592,803.405,795.654,936.126,654.571,28.050,0.768
27.11.2021 17:39:27,24.698,802.734,795.043,936.065,653.350,28.189,0.762
27.11.2021 17:39:28,24.796,802.917,795.227,936.706,652.893,28.295,0.762
27.11.2021 17:39:29,24.901,802.520,794.738,935.607,651.245,28.399,0.772
27.11.2021 17:39:30,25.004,801.788,793.579,935.668,650.299,28.515,0.815
27.11.2021 17:39:31,25.097,802.581,795.593,936.767,650.665,28.562,0.692
27.11.2021 17:39:32,25.205,802.124,793.365,935.394,648.620,28.691,0.869
27.11.2021 17:39:33,25.296,802.185,792.785,935.150,648.101,28.732,0.933
27.11.2021 17:39:35,25.406,802.276,793.731,935.974,648.010,28.810,0.848
27.11.2021 17:39:37,25.504,803.192,795.135,935.852,647.399,28.873,0.798
27.11.2021 17:39:39,25.605,801.269,793.060,934.295,645.263,28.998,0.816
27.11.2021 17:39:40,25.695,801.910,793.365,935.638,645.202,29.116,0.848
27.11.2021 17:39:42,25.803,802.337,793.914,936.096,644.897,29.189,0.836
27.11.2021 17:39:43,25.904,801.239,792.999,935.211,643.096,29.331,0.819
27.11.2021 17:39:44,26.007,801.239,792.572,935.089,642.761,29.361,0.861
27.11.2021 17:39:45,26.092,800.659,792.175,934.234,641.510,29.440,0.844
27.11.2021 17:39:46,26.208,799.987,791.656,933.441,641.082,29.426,0.829
27.11.2021 17:39:47,26.296,800.079,791.473,934.112,640.563,29.543,0.856
27.11.2021 17:39:48,26.401,799.743,791.381,933.258,639.831,29.560,0.832
27.11.2021 17:39:49,26.497,800.231,792.053,934.692,640.167,29.638,0.814
27.11.2021 17:39:50,26.597,800.109,791.748,934.356,639.221,29.723,0.832
27.11.2021 17:39:51,26.693,799.713,791.046,933.899,638.366,29.788,0.863
27.11.2021 17:39:52,26.796,799.194,790.283,933.929,637.084,29.944,0.888
27.11.2021 17:39:53,26.899,799.011,790.832,933.959,637.725,29.870,0.815
27.11.2021 17:39:54,26.994,798.797,790.405,933.960,636.901,29.969,0.836
27.11.2021 17:39:55,27.095,797.912,789.794,933.929,636.322,30.036,0.810
27.11.2021 17:39:56,27.200,798.767,790.008,935.028,635.406,30.235,0.873
27.11.2021 17:39:57,27.298,798.065,790.130,934.509,634.704,30.277,0.791
27.11.2021 17:39:58,27.399,797.210,788.909,933.715,633.270,30.385,0.829
27.11.2021 17:39:59,27.492,797.943,789.154,934.722,633.392,30.453,0.877
27.11.2021 17:40:00,27.602,797.241,788.543,935.150,632.446,30.602,0.869
27.11.2021 17:40:01,27.698,796.966,787.994,935.180,631.683,30.696,0.897
27.11.2021 17:40:02,27.798,797.546,789.367,935.790,631.530,30.765,0.816
27.11.2021 17:40:03,27.899,797.027,788.360,935.607,630.096,30.923,0.866
27.11.2021 17:40:04,27.994,796.356,788.421,935.760,629.455,31.013,0.793
27.11.2021 17:40:05,28.095,796.356,787.017,935.150,628.082,31.130,0.934
27.11.2021 17:40:06,28.193,795.928,786.804,935.638,627.716,31.214,0.913
27.11.2021 17:40:07,28.296,795.867,786.437,935.791,627.227,31.286,0.944
27.11.2021 17:40:08,28.396,795.196,786.804,936.462,626.281,31.455,0.840
27.11.2021 17:40:09,28.497,794.891,785.522,935.455,625.427,31.477,0.939
27.11.2021 17:40:10,28.597,795.043,786.163,936.767,624.816,31.658,0.890
27.11.2021 17:40:11,28.703,793.853,784.790,935.516,623.077,31.768,0.909
27.11.2021 17:40:12,28.798,792.724,784.271,935.272,622.070,31.872,0.849
27.11.2021 17:40:13,28.896,791.564,783.630,934.387,621.368,31.885,0.798
27.11.2021 17:40:14,28.997,792.297,783.721,935.241,620.849,32.018,0.862
27.11.2021 17:40:15,29.095,792.388,784.301,936.309,620.544,32.143,0.812
27.11.2021 17:40:16,29.195,792.236,783.630,936.370,619.781,32.241,0.865
27.11.2021 17:40:17,29.298,792.297,783.477,936.096,618.896,32.327,0.887
27.11.2021 17:40:18,29.401,791.595,782.836,936.248,617.858,32.467,0.881
27.11.2021 17:40:19,29.494,791.351,782.257,935.089,616.394,32.553,0.915
27.11.2021 17:40:20,29.595,791.503,782.104,936.065,616.729,32.591,0.946
27.11.2021 17:40:21,29.695,790.863,782.257,935.485,615.722,32.668,0.866
27.11.2021 17:40:22,29.793,791.168,781.646,936.157,615.600,32.737,0.959
27.11.2021 17:40:23,29.899,790.435,781.402,935.821,613.739,32.940,0.910
27.11.2021 17:40:24,29.997,790.069,780.975,934.173,612.976,32.901,0.917
27.11.2021 17:40:25,30.092,789.886,780.853,935.028,612.213,33.064,0.911
27.11.2021 17:40:26,30.195,789.520,780.273,934.204,610.565,33.202,0.933
27.11.2021 17:40:27,30.293,787.902,778.839,933.349,609.313,33.288,0.916
27.11.2021 17:40:28,30.401,787.200,778.930,933.532,609.039,33.337,0.836
27.11.2021 17:40:29,30.494,788.238,779.327,934.692,609.008,33.435,0.900
27.11.2021 17:40:30,30.592,788.177,778.991,934.234,608.337,33.481,0.928
27.11.2021 17:40:31,30.698,787.292,778.015,933.135,606.750,33.590,0.939
27.11.2021 17:40:32,30.798,786.834,777.252,932.220,605.987,33.611,0.970
27.11.2021 17:40:33,30.899,786.041,777.526,932.800,606.048,33.650,0.862
27.11.2021 17:40:34,30.992,785.797,775.939,931.121,604.125,33.754,1.000
27.11.2021 17:40:35,31.095,785.339,775.054,930.450,604.187,33.692,1.044
27.11.2021 17:40:36,31.195,784.973,775.543,930.725,602.996,33.863,0.957
27.11.2021 17:40:37,31.298,784.423,775.573,929.138,602.264,33.826,0.899
27.11.2021 17:40:38,31.394,785.339,775.329,930.053,601.409,34.008,1.016
27.11.2021 17:40:39,31.502,783.813,774.108,928.405,599.639,34.097,0.987
27.11.2021 17:40:40,31.595,784.057,773.803,928.466,600.006,34.056,1.043
27.11.2021 17:40:41,31.695,783.691,774.658,928.558,599.121,34.175,0.918
27.11.2021 17:40:42,31.796,783.355,773.590,927.093,598.602,34.121,0.994
27.11.2021 17:40:43,31.899,782.043,772.552,926.727,597.290,34.257,0.967
27.11.2021 17:40:44,31.999,781.829,772.460,925.842,596.740,34.254,0.955
27.11.2021 17:40:45,32.095,781.585,771.026,924.713,595.489,34.321,1.077
27.11.2021 17:40:46,32.200,780.639,771.179,924.255,595.550,34.275,0.966
27.11.2021 17:40:47,32.303,779.541,769.744,923.278,594.421,34.339,1.002
27.11.2021 17:40:48,32.396,779.235,769.531,923.187,593.902,34.397,0.993
27.11.2021 17:40:49,32.492,780.426,770.050,923.309,593.933,34.403,1.060
27.11.2021 17:40:50,32.597,779.174,769.134,922.546,593.017,34.457,1.027
27.11.2021 17:40:51,32.695,778.656,768.432,920.623,591.552,34.487,1.047
27.11.2021 17:40:52,32.796,778.198,767.425,920.776,590.789,34.597,1.104
27.11.2021 17:40:53,32.904,777.587,767.150,919.860,589.904,34.635,1.070
27.11.2021 17:40:54,32.994,776.916,766.937,918.945,589.660,34.591,1.024
27.11.2021 17:40:55,33.100,777.038,766.815,919.403,589.233,34.683,1.049
27.11.2021 17:40:56,33.200,777.587,766.326,920.074,588.653,34.812,1.155
27.11.2021 17:40:57,33.296,776.092,766.204,918.670,587.768,34.811,1.016
27.11.2021 17:40:58,33.399,775.787,765.136,917.694,586.761,34.860,1.095
27.11.2021 17:40:59,33.494,774.444,764.404,916.717,585.845,34.897,1.034
27.11.2021 17:41:00,33.595,773.162,762.756,916.259,584.747,35.001,1.073
27.11.2021 17:41:01,33.695,773.071,763.153,915.985,584.655,34.990,1.023
27.11.2021 17:41:02,33.798,772.277,762.115,914.581,583.587,35.013,1.049
27.11.2021 17:41:03,33.899,771.972,761.840,915.557,583.038,35.164,1.046
27.11.2021 17:41:04,33.997,772.064,761.779,914.672,582.305,35.186,1.062
27.11.2021 17:41:06,34.095,770.935,759.552,913.543,580.413,35.338,1.178
27.11.2021 17:41:07,34.195,770.965,760.192,913.635,580.505,35.333,1.115
27.11.2021 17:41:08,34.298,770.080,759.704,913.726,579.864,35.424,1.074
27.11.2021 17:41:09,34.399,769.165,758.514,912.628,578.369,35.528,1.104
27.11.2021 17:41:10,34.502,768.951,758.056,912.292,577.636,35.596,1.130
27.11.2021 17:41:11,34.600,768.127,758.148,912.322,576.904,35.694,1.036
27.11.2021 17:41:12,34.698,768.127,757.110,911.804,576.019,35.766,1.144
27.11.2021 17:41:13,34.798,766.387,756.103,911.102,574.615,35.892,1.070
27.11.2021 17:41:14,34.901,766.021,755.432,910.064,574.310,35.846,1.103
27.11.2021 17:41:15,34.992,765.228,755.035,910.949,573.547,36.019,1.062
27.11.2021 17:41:16,35.107,764.526,753.906,909.484,572.387,36.050,1.108
27.11.2021 17:41:17,35.203,764.892,753.234,909.484,570.556,36.291,1.216
27.11.2021 17:41:18,35.301,763.885,753.173,908.416,570.220,36.247,1.118
27.11.2021 17:41:19,35.394,763.061,751.678,906.829,568.664,36.321,1.190
27.11.2021 17:41:20,35.499,761.718,750.823,906.158,567.535,36.414,1.141
27.11.2021 17:41:21,35.595,761.535,750.579,906.310,566.802,36.524,1.148
27.11.2021 17:41:22,35.703,760.559,749.114,905.487,565.368,36.646,1.201
27.11.2021 17:41:23,35.798,759.674,748.931,904.846,564.270,36.739,1.128
27.11.2021 17:41:24,35.909,760.498,749.481,905.883,563.934,36.869,1.156
27.11.2021 17:41:25,36.004,758.850,748.565,904.113,562.652,36.893,1.081
27.11.2021 17:41:26,36.100,758.331,747.314,903.686,561.492,37.012,1.159
27.11.2021 17:41:27,36.203,756.958,746.093,902.465,560.302,37.070,1.145
27.11.2021 17:41:28,36.303,757.232,746.093,902.252,560.272,37.056,1.174
27.11.2021 17:41:29,36.406,755.554,744.964,900.787,558.593,37.159,1.118
27.11.2021 17:41:30,36.499,754.150,743.865,899.536,556.884,37.285,1.088
27.11.2021 17:41:31,36.607,753.631,742.675,899.200,556.457,37.314,1.160
27.11.2021 17:41:32,36.698,753.173,742.156,897.949,555.328,37.362,1.167
27.11.2021 17:41:33,36.796,752.136,740.936,896.484,552.978,37.557,1.188
27.11.2021 17:41:34,36.896,751.098,740.051,895.813,552.398,37.580,1.174
27.11.2021 17:41:35,36.997,751.159,739.929,896.209,551.788,37.695,1.193
27.11.2021 17:41:36,37.097,750.610,739.257,894.409,551.300,37.611,1.207
27.11.2021 17:41:37,37.195,749.755,738.372,893.676,549.926,37.736,1.212
27.11.2021 17:41:38,37.298,748.199,736.938,892.059,547.973,37.867,1.201
27.11.2021 17:41:39,37.396,748.077,737.121,891.754,548.248,37.804,1.169
27.11.2021 17:41:40,37.494,746.093,734.954,889.282,546.112,37.888,1.191
27.11.2021 17:41:41,37.597,745.361,734.497,888.641,545.471,37.922,1.163
27.11.2021 17:41:42,37.695,744.384,733.276,887.634,544.036,38.034,1.191
27.11.2021 17:41:43,37.793,744.720,734.313,888.244,544.616,38.006,1.115
27.11.2021 17:41:44,37.899,742.889,732.208,886.535,542.907,38.097,1.147
27.11.2021 17:41:45,37.999,742.187,731.506,885.253,542.541,38.039,1.148
27.11.2021 17:41:46,38.095,742.675,730.346,884.063,540.557,38.212,1.326
27.11.2021 17:41:47,38.200,740.325,729.217,882.446,539.520,38.219,1.197
27.11.2021 17:41:48,38.298,739.837,728.332,881.439,538.940,38.214,1.241
27.11.2021 17:41:49,38.396,739.288,728.118,880.859,537.658,38.342,1.206
27.11.2021 17:41:50,38.494,738.555,727.539,880.218,536.926,38.390,1.190
27.11.2021 17:41:51,38.600,737.884,726.684,879.119,535.888,38.441,1.211
27.11.2021 17:41:52,38.698,737.457,725.585,877.502,534.973,38.431,1.285
27.11.2021 17:41:53,38.796,736.022,724.212,876.007,532.714,38.619,1.281
27.11.2021 17:41:54,38.896,735.290,724.304,875.946,532.928,38.584,1.192
27.11.2021 17:41:55,38.994,735.473,723.602,876.159,532.440,38.671,1.289
27.11.2021 17:41:56,39.097,733.856,723.083,874.511,531.402,38.676,1.171
27.11.2021 17:41:57,39.195,733.428,721.862,873.870,530.700,38.720,1.259
27.11.2021 17:41:58,39.293,732.147,721.069,873.016,529.815,38.771,1.208
27.11.2021 17:41:59,39.396,731.079,719.512,870.605,527.709,38.862,1.263
27.11.2021 17:42:00,39.492,729.095,718.139,868.866,526.580,38.872,1.199
27.11.2021 17:42:01,39.597,728.912,717.376,869.354,525.756,39.031,1.264
27.11.2021 17:42:02,39.698,728.210,716.796,868.011,524.688,39.067,1.251
27.11.2021 17:42:03,39.796,728.271,717.163,868.896,524.658,39.147,1.217
27.11.2021 17:42:04,39.896,727.874,716.308,868.255,523.498,39.257,1.269
27.11.2021 17:42:05,39.994,727.233,716.125,867.462,523.101,39.245,1.219
27.11.2021 17:42:06,40.092,725.982,715.057,866.760,522.186,39.315,1.201
27.11.2021 17:42:07,40.195,724.151,713.409,865.600,520.843,39.407,1.184
27.11.2021 17:42:08,40.296,723.754,712.432,864.776,520.019,39.454,1.249
27.11.2021 17:42:09,40.396,722.869,711.853,864.441,518.737,39.609,1.216
27.11.2021 17:42:10,40.492,722.259,711.151,863.647,517.852,39.667,1.228
27.11.2021 17:42:11,40.595,720.886,709.259,862.091,516.296,39.757,1.288
27.11.2021 17:42:12,40.695,720.825,709.716,862.121,515.594,39.860,1.230
27.11.2021 17:42:13,40.793,719.482,708.251,860.778,513.885,39.991,1.246
27.11.2021 17:42:14,40.894,718.688,707.611,860.626,512.969,40.110,1.230
27.11.2021 17:42:15,40.994,718.475,707.580,860.839,512.573,40.186,1.210
27.11.2021 17:42:16,41.092,717.132,706.512,859.893,510.864,40.352,1.182
27.11.2021 17:42:17,41.195,716.278,704.895,858.947,509.948,40.403,1.269
27.11.2021 17:42:18,41.293,714.630,704.223,858.276,508.697,40.528,1.162
27.11.2021 17:42:19,41.396,714.233,702.880,857.391,507.690,40.598,1.269
27.11.2021 17:42:20,41.497,713.653,701.446,856.872,506.744,40.691,1.367
27.11.2021 17:42:21,41.595,711.364,700.653,855.346,504.974,40.818,1.202
27.11.2021 17:42:22,41.693,711.608,700.408,854.736,504.272,40.868,1.257
27.11.2021 17:42:23,41.796,710.540,699.127,854.492,503.051,41.026,1.283
27.11.2021 17:42:24,41.894,709.594,697.875,853.576,501.159,41.226,1.319
27.11.2021 17:42:25,41.992,708.648,697.357,852.844,500.610,41.243,1.272
27.11.2021 17:42:26,42.095,707.580,696.350,851.654,498.840,41.402,1.267
27.11.2021 17:42:27,42.195,705.932,695.098,850.524,497.406,41.516,1.225
27.11.2021 17:42:28,42.296,705.566,694.030,850.067,496.948,41.545,1.306
27.11.2021 17:42:29,42.394,704.803,693.237,850.372,495.605,41.771,1.311
27.11.2021 17:42:30,42.492,704.040,692.565,848.999,494.720,41.783,1.302
27.11.2021 17:42:31,42.595,703.155,691.253,848.602,493.408,41.945,1.352
27.11.2021 17:42:32,42.695,702.117,690.582,847.412,492.370,41.996,1.312
27.11.2021 17:42:33,42.796,701.812,689.697,846.710,491.210,42.109,1.379
27.11.2021 17:42:34,42.894,701.080,689.270,845.764,490.295,42.164,1.346
27.11.2021 17:42:35,42.992,699.951,687.652,845.397,488.800,42.357,1.404
27.11.2021 17:42:36,43.097,698.822,686.920,843.872,488.494,42.270,1.361
27.11.2021 17:42:37,43.195,696.777,685.394,841.796,486.694,42.360,1.305
27.11.2021 17:42:38,43.298,696.197,684.173,841.827,485.382,42.562,1.380
27.11.2021 17:42:39,43.396,694.793,683.074,840.179,484.161,42.603,1.347
27.11.2021 17:42:40,43.497,693.756,682.281,840.179,483.795,42.658,1.321
27.11.2021 17:42:41,43.597,693.237,681.976,839.141,483.184,42.660,1.297
27.11.2021 17:42:42,43.700,692.993,680.877,838.256,482.086,42.750,1.397
27.11.2021 17:42:43,43.796,692.108,680.755,837.616,481.353,42.806,1.310
27.11.2021 17:42:44,43.896,690.795,679.656,835.479,480.346,42.772,1.288
27.11.2021 17:42:45,43.999,689.483,678.314,834.289,478.820,42.901,1.294
27.11.2021 17:42:46,44.097,688.873,676.055,833.221,477.172,43.060,1.488
27.11.2021 17:42:47,44.198,687.652,675.506,831.665,476.654,43.002,1.412
27.11.2021 17:42:48,44.293,685.791,674.224,830.749,476.135,43.002,1.347
27.11.2021 17:42:49,44.396,685.974,674.621,830.718,475.616,43.079,1.322
27.11.2021 17:42:50,44.492,684.600,673.095,828.918,474.395,43.108,1.342
27.11.2021 17:42:52,44.592,684.417,672.210,828.430,473.541,43.197,1.426
27.11.2021 17:42:53,44.693,683.074,671.386,827.240,473.144,43.153,1.367
27.11.2021 17:42:54,44.801,681.793,669.708,825.378,471.466,43.249,1.417
27.11.2021 17:42:55,44.894,680.725,668.640,824.432,470.855,43.260,1.419
27.11.2021 17:42:56,44.999,679.107,666.931,822.235,470.397,43.135,1.433
27.11.2021 17:42:57,45.095,678.222,666.229,821.868,469.177,43.293,1.413
27.11.2021 17:42:58,45.208,677.734,665.405,820.922,467.376,43.491,1.454
27.11.2021 17:42:59,45.293,677.215,665.496,821.075,467.712,43.452,1.383
27.11.2021 17:43:00,45.401,675.903,663.146,817.932,466.064,43.429,1.509
27.11.2021 17:43:01,45.499,673.492,661.163,817.291,464.569,43.607,1.463
27.11.2021 17:43:02,45.592,671.752,659.881,815.399,463.897,43.543,1.412
27.11.2021 17:43:03,45.693,671.630,659.088,815.124,462.921,43.673,1.493
27.11.2021 17:43:04,45.806,670.959,658.111,813.995,462.799,43.591,1.531
27.11.2021 17:43:05,45.896,670.013,657.012,812.652,461.639,43.654,1.552
27.11.2021 17:43:06,46.007,668.334,655.639,810.821,460.449,43.677,1.519
27.11.2021 17:43:07,46.092,667.022,654.541,809.509,459.442,43.719,1.496
27.11.2021 17:43:08,46.208,665.252,653.411,808.807,458.770,43.763,1.423
27.11.2021 17:43:09,46.308,664.581,651.947,807.891,457.275,43.919,1.520
27.11.2021 17:43:10,46.404,663.299,651.062,807.128,456.451,43.982,1.475
27.11.2021 17:43:11,46.504,662.261,649.932,805.145,455.505,43.953,1.489
27.11.2021 17:43:12,46.605,660.827,648.925,804.840,455.017,44.004,1.440
27.11.2021 17:43:13,46.705,659.454,647.399,802.947,453.826,44.023,1.461
27.11.2021 17:43:14,46.798,658.111,645.477,801.208,452.514,44.077,1.535
27.11.2021 17:43:15,46.909,656.890,645.019,800.598,451.721,44.149,1.445
27.11.2021 17:43:16,46.997,655.273,642.944,798.919,451.171,44.085,1.505
27.11.2021 17:43:17,47.095,654.541,642.089,797.607,450.042,44.148,1.521
27.11.2021 17:43:18,47.195,653.167,640.350,796.630,449.188,44.197,1.570
27.11.2021 17:43:19,47.296,652.038,640.258,795.745,448.150,44.285,1.444
27.11.2021 17:43:20,47.394,651.062,638.549,793.365,447.296,44.205,1.537
27.11.2021 17:43:21,47.494,650.299,637.664,793.945,446.136,44.448,1.554
27.11.2021 17:43:22,47.595,648.193,636.260,791.809,444.915,44.452,1.472
27.11.2021 17:43:23,47.695,646.697,634.338,790.222,444.000,44.456,1.529
27.11.2021 17:43:24,47.796,644.897,632.965,788.970,443.023,44.501,1.479
27.11.2021 17:43:25,47.896,643.798,631.042,787.872,442.352,44.510,1.585
27.11.2021 17:43:26,47.992,642.395,630.310,786.193,440.551,44.652,1.504
27.11.2021 17:43:27,48.095,640.991,629.241,785.095,440.002,44.641,1.465
27.11.2021 17:43:28,48.195,639.587,627.838,783.721,438.537,44.756,1.469
27.11.2021 17:43:29,48.298,638.977,625.854,782.226,438.232,44.668,1.644
27.11.2021 17:43:30,48.394,636.779,625.000,780.853,437.164,44.718,1.479
27.11.2021 17:43:31,48.497,636.291,624.816,780.059,436.706,44.720,1.441
27.11.2021 17:43:32,48.595,634.887,622.589,778.747,435.058,44.873,1.549
27.11.2021 17:43:33,48.690,634.185,622.039,777.313,433.990,44.917,1.532
27.11.2021 17:43:34,48.796,631.896,619.384,774.963,432.678,44.918,1.584
27.11.2021 17:43:35,48.894,630.920,619.415,774.475,432.128,44.964,1.458
27.11.2021 17:43:36,48.992,629.760,617.431,773.529,430.877,45.086,1.566
27.11.2021 17:43:37,49.092,628.967,617.248,772.674,430.480,45.073,1.490
27.11.2021 17:43:38,49.193,628.417,616.210,771.545,430.358,44.987,1.554
27.11.2021 17:43:39,49.293,626.159,615.142,770.629,429.321,45.076,1.406
27.11.2021 17:43:40,49.399,624.237,612.854,767.944,427.947,45.056,1.458
27.11.2021 17:43:41,49.492,623.504,610.900,766.235,426.483,45.143,1.618
27.11.2021 17:43:42,49.592,622.192,609.741,764.617,426.452,44.994,1.601
27.11.2021 17:43:43,49.698,621.276,609.313,763.458,425.262,45.087,1.540
27.11.2021 17:43:44,49.796,619.384,607.482,761.260,424.468,45.013,1.537
27.11.2021 17:43:45,49.894,618.865,606.567,760.833,423.522,45.135,1.590
27.11.2021 17:43:46,49.992,617.126,605.407,759.216,422.302,45.190,1.519
27.11.2021 17:43:47,50.095,616.943,604.583,757.507,422.515,44.989,1.603
27.11.2021 17:43:48,50.198,614.257,602.691,755.462,421.173,45.024,1.506
27.11.2021 17:43:49,50.298,613.281,601.898,754.272,420.562,45.015,1.484
27.11.2021 17:43:50,50.394,611.755,600.189,753.234,420.166,44.984,1.512
27.11.2021 17:43:51,50.497,610.809,599.273,751.800,419.219,45.009,1.510
27.11.2021 17:43:52,50.595,609.863,598.236,750.335,418.365,45.015,1.525
27.11.2021 17:43:53,50.693,608.856,597.137,749.176,418.121,44.945,1.539
27.11.2021 17:43:54,50.796,606.781,595.672,746.582,416.870,44.911,1.464
27.11.2021 17:43:55,50.896,605.072,594.329,745.117,415.893,44.939,1.419
27.11.2021 17:43:56,50.992,603.698,592.102,742.858,415.130,44.851,1.536
27.11.2021 17:43:57,51.092,603.088,591.644,742.706,414.886,44.879,1.518
27.11.2021 17:43:58,51.195,601.715,590.118,740.447,413.909,44.829,1.542
27.11.2021 17:43:59,51.293,600.769,589.569,739.013,413.238,44.806,1.491
27.11.2021 17:44:00,51.394,599.304,587.463,737.030,411.956,44.837,1.581
27.11.2021 17:44:01,51.494,598.510,585.998,735.931,410.736,44.944,1.674
27.11.2021 17:44:02,51.592,596.862,585.479,733.795,410.247,44.819,1.525
27.11.2021 17:44:03,51.695,595.001,583.526,732.696,409.576,44.829,1.543
27.11.2021 17:44:04,51.793,594.299,582.916,731.567,408.752,44.863,1.532
27.11.2021 17:44:05,51.896,592.346,581.024,730.194,407.440,44.961,1.529
27.11.2021 17:44:06,51.997,591.247,580.169,728.424,406.555,44.942,1.498
27.11.2021 17:44:07,52.092,590.179,578.857,726.379,406.005,44.836,1.534
27.11.2021 17:44:08,52.195,587.738,576.538,724.853,404.907,44.880,1.524
27.11.2021 17:44:09,52.296,586.303,575.531,723.175,404.083,44.860,1.469
27.11.2021 17:44:10,52.394,585.662,573.852,721.832,402.832,44.950,1.614
27.11.2021 17:44:11,52.492,584.136,573.364,720.855,402.923,44.835,1.474
27.11.2021 17:44:12,52.592,582.519,571.319,718.353,401.123,44.908,1.538
27.11.2021 17:44:13,52.695,582.061,571.105,717.895,400.878,44.906,1.505
27.11.2021 17:44:14,52.796,580.108,569.152,715.637,399.688,44.893,1.510
27.11.2021 17:44:15,52.894,578.857,568.145,714.996,399.108,44.934,1.480
27.11.2021 17:44:16,52.994,578.125,566.741,713.531,397.644,45.052,1.575
27.11.2021 17:44:17,53.092,576.782,565.948,712.585,397.369,45.006,1.502
27.11.2021 17:44:18,53.195,575.408,564.086,710.693,396.697,44.935,1.574
27.11.2021 17:44:19,53.296,574.218,563.079,709.960,395.904,45.006,1.552
27.11.2021 17:44:20,53.396,573.547,562.225,707.397,394.775,44.951,1.579
27.11.2021 17:44:21,53.492,571.716,560.821,706.237,393.707,45.028,1.524
27.11.2021 17:44:22,53.592,569.885,559.173,704.132,392.547,45.026,1.503
27.11.2021 17:44:23,53.693,569.244,558.166,703.521,391.998,45.065,1.557
27.11.2021 17:44:24,53.798,567.321,556.793,701.477,390.594,45.114,1.484
27.11.2021 17:44:25,53.896,566.833,556.365,700.897,390.533,45.065,1.476
27.11.2021 17:44:26,53.994,566.253,555.297,699.768,389.099,45.216,1.548
27.11.2021 17:44:27,54.095,564.849,553.314,697.631,387.603,45.273,1.634
27.11.2021 17:44:28,54.195,563.140,552.642,696.655,386.993,45.286,1.491
27.11.2021 17:44:29,54.293,562.652,552.093,695.495,386.505,45.257,1.501
27.11.2021 17:44:30,54.394,561.126,550.323,694.580,385.223,45.403,1.540
27.11.2021 17:44:31,54.497,559.814,549.560,692.596,384.307,45.368,1.464
27.11.2021 17:44:32,54.592,558.502,548.217,690.795,382.934,45.439,1.472
27.11.2021 17:44:33,54.695,557.464,547.546,689.910,381.713,45.578,1.422
27.11.2021 17:44:34,54.796,556.121,545.562,687.255,380.554,45.519,1.518
27.11.2021 17:44:35,54.894,554.870,544.372,686.492,379.302,45.677,1.513
27.11.2021 17:44:36,54.994,553.802,542.877,684.173,378.417,45.601,1.578
27.11.2021 17:44:38,55.095,553.039,542.602,684.326,377.563,45.781,1.509
27.11.2021 17:44:39,55.195,552.368,541.564,683.105,377.410,45.681,1.565
27.11.2021 17:44:40,55.298,551.116,540.893,682.250,376.251,45.814,1.483
27.11.2021 17:44:41,55.394,549.713,539.550,680.206,374.328,45.968,1.478
27.11.2021 17:44:42,55.504,547.271,537.078,677.337,373.657,45.791,1.489
27.11.2021 17:44:43,55.597,546.661,536.132,676.422,372.528,45.913,1.540
27.11.2021 17:44:44,55.698,546.173,535.064,675.506,371.887,45.939,1.628
27.11.2021 17:44:45,55.798,544.921,534.179,673.797,370.758,45.976,1.577
27.11.2021 17:44:46,55.896,543.762,533.020,672.393,370.056,45.962,1.581
27.11.2021 17:44:47,55.992,542.175,531.799,669.891,368.530,45.992,1.531
27.11.2021 17:44:48,56.095,541.351,530.609,667.816,367.889,45.893,1.588
27.11.2021 17:44:49,56.193,539.733,529.113,667.297,366.973,46.017,1.574
27.11.2021 17:44:50,56.298,539.062,528.350,665.557,366.027,46.015,1.590
27.11.2021 17:44:51,56.406,538.513,527.526,664.215,365.112,46.050,1.633
27.11.2021 17:44:52,56.497,537.109,526.519,661.956,364.318,45.961,1.577
27.11.2021 17:44:53,56.602,536.560,525.909,661.346,363.464,46.065,1.588
27.11.2021 17:44:54,56.708,534.088,523.712,658.233,362.030,46.009,1.554
27.11.2021 17:44:55,56.801,532.867,522.186,656.280,360.900,46.020,1.604
27.11.2021 17:44:56,56.896,531.219,520.965,655.273,359.985,46.093,1.544
27.11.2021 17:44:57,56.997,530.395,519.683,653.686,359.436,46.028,1.616
27.11.2021 17:44:58,57.102,529.571,519.378,652.740,358.337,46.145,1.539
27.11.2021 17:44:59,57.195,527.740,517.425,650.054,357.086,46.100,1.564
27.11.2021 17:45:00,57.293,527.008,516.387,648.559,356.048,46.144,1.613
27.11.2021 17:45:01,57.394,525.726,514.251,646.362,354.522,46.209,1.748
27.11.2021 17:45:02,57.492,523.712,513.092,643.615,353.485,46.113,1.623
27.11.2021 17:45:03,57.592,522.460,512.329,641.662,352.416,46.112,1.551
27.11.2021 17:45:04,57.693,521.423,510.833,641.448,351.593,46.257,1.625
27.11.2021 17:45:05,57.796,519.927,509.399,637.908,349.914,46.203,1.621
27.11.2021 17:45:06,57.896,518.859,508.087,637.176,349.060,46.297,1.662
27.11.2021 17:45:07,57.994,517.700,507.568,635.345,348.144,46.279,1.566
27.11.2021 17:45:08,58.097,516.204,505.584,632.995,346.496,46.354,1.647
27.11.2021 17:45:09,58.193,514.892,504.699,631.958,345.855,46.369,1.584
27.11.2021 17:45:10,58.301,513.366,503.570,630.249,345.123,46.327,1.526
27.11.2021 17:45:11,58.394,512.207,501.770,628.570,343.811,46.410,1.631
27.11.2021 17:45:12,58.494,511.383,500.732,627.014,342.926,46.417,1.667
27.11.2021 17:45:13,58.597,510.253,500.030,625.518,341.644,46.515,1.603
27.11.2021 17:45:14,58.695,509.399,498.901,623.168,340.606,46.463,1.650
27.11.2021 17:45:15,58.796,507.873,497.253,621.520,339.477,46.511,1.674
27.11.2021 17:45:16,58.894,506.469,496.246,619.720,338.409,46.529,1.615
27.11.2021 17:45:17,58.992,505.462,495.330,619.049,337.585,46.628,1.604
27.11.2021 17:45:18,59.095,505.004,494.262,617.492,336.761,46.622,1.703
27.11.2021 17:45:19,59.195,502.960,493.041,615.631,335.998,46.568,1.578
27.11.2021 17:45:20,59.298,502.502,492.065,614.196,334.808,46.656,1.663
27.11.2021 17:45:21,59.396,501.251,490.112,611.907,333.679,46.630,1.780
27.11.2021 17:45:22,59.497,499.938,489.105,610.260,332.183,46.760,1.735
27.11.2021 17:45:23,59.592,498.596,488.159,608.367,331.878,46.602,1.676
27.11.2021 17:45:24,59.700,497.680,486.724,606.567,330.108,46.774,1.763
27.11.2021 17:45:25,59.793,495.849,485.382,604.431,328.796,46.807,1.690
27.11.2021 17:45:26,59.894,495.147,484.680,603.088,328.125,46.794,1.693
27.11.2021 17:45:27,59.994,493.835,483.612,601.776,327.178,46.845,1.657
