# Sensor: ADPD2140, Rotationstage: ELL18M
Datetime,Stage Angle,xL,xR,yL,yR,X,Y
28.08.2021 16:37:28,-60.009,469.390,897.033,829.009,824.737,0.409,-49.598
28.08.2021 16:37:29,-59.893,470.581,898.407,830.444,826.232,0.402,-49.526
28.08.2021 16:37:30,-59.808,472.106,901.092,833.160,828.979,0.398,-49.508
28.08.2021 16:37:31,-59.692,473.480,903.350,834.594,831.207,0.322,-49.479
28.08.2021 16:37:32,-59.601,475.311,906.402,837.616,833.496,0.390,-49.444
28.08.2021 16:37:33,-59.509,476.684,908.630,839.782,835.723,0.383,-49.414
28.08.2021 16:37:34,-59.393,478.271,910.614,841.949,838.043,0.368,-49.332
28.08.2021 16:37:35,-59.305,479.705,913.513,844.177,840.118,0.381,-49.345
28.08.2021 16:37:36,-59.192,481.140,914.764,845.642,841.400,0.398,-49.229
28.08.2021 16:37:37,-59.107,483.215,918.579,848.815,844.818,0.374,-49.219
28.08.2021 16:37:38,-58.996,484.252,920.623,850.433,846.679,0.350,-49.225
28.08.2021 16:37:39,-58.893,485.992,923.309,853.515,849.395,0.383,-49.177
28.08.2021 16:37:40,-58.792,487.365,924.987,855.010,851.470,0.328,-49.105
28.08.2021 16:37:41,-58.707,489.501,928.710,857.940,854.156,0.350,-49.079
28.08.2021 16:37:42,-58.591,490.325,930.084,859.619,855.957,0.338,-49.064
28.08.2021 16:37:43,-58.493,492.523,933.563,862.030,858.520,0.323,-49.012
28.08.2021 16:37:44,-58.393,494.323,935.943,864.379,860.229,0.381,-48.933
28.08.2021 16:37:45,-58.302,495.330,938.232,865.753,862.701,0.279,-48.962
28.08.2021 16:37:46,-58.192,496.307,939.605,868.011,863.678,0.396,-48.925
28.08.2021 16:37:47,-58.094,497.985,942.565,869.750,866.088,0.334,-48.909
28.08.2021 16:37:48,-58.006,500.762,945.983,873.077,869.537,0.321,-48.770
28.08.2021 16:37:49,-57.906,501.739,947.753,874.969,871.185,0.343,-48.764
28.08.2021 16:37:50,-57.792,503.509,950.591,877.502,873.382,0.372,-48.726
28.08.2021 16:37:51,-57.692,504.669,952.087,879.333,875.335,0.361,-48.674
28.08.2021 16:37:52,-57.607,506.347,955.200,881.286,877.929,0.302,-48.669
28.08.2021 16:37:53,-57.493,508.209,957.183,883.270,879.547,0.334,-48.555
28.08.2021 16:37:54,-57.395,509.521,959.900,885.498,882.415,0.276,-48.573
28.08.2021 16:37:55,-57.300,511.260,961.547,887.390,883.880,0.314,-48.452
28.08.2021 16:37:56,-57.192,513.061,964.355,889.831,886.444,0.302,-48.409
28.08.2021 16:37:57,-57.091,514.862,966.857,892.700,889.129,0.317,-48.343
28.08.2021 16:37:58,-56.996,515.899,969.207,894.470,890.533,0.349,-48.373
28.08.2021 16:37:59,-56.898,517.883,971.191,895.996,892.913,0.273,-48.244
28.08.2021 16:38:00,-56.800,519.195,973.999,898.956,895.019,0.347,-48.270
28.08.2021 16:38:01,-56.692,520.172,976.104,900.299,896.362,0.347,-48.290
28.08.2021 16:38:02,-56.591,521.820,977.386,902.282,898.620,0.322,-48.157
28.08.2021 16:38:03,-56.498,523.193,979.736,903.869,900.482,0.297,-48.140
28.08.2021 16:38:04,-56.395,524.475,981.933,906.158,902.343,0.334,-48.125
28.08.2021 16:38:05,-56.292,525.817,984.527,908.050,904.968,0.269,-48.131
28.08.2021 16:38:06,-56.199,527.008,986.633,909.973,906.677,0.287,-48.122
28.08.2021 16:38:07,-56.101,529.479,989.501,913.513,909.973,0.307,-47.995
28.08.2021 16:38:08,-55.993,529.907,990.875,914.032,911.010,0.262,-48.036
28.08.2021 16:38:09,-55.895,531.707,992.584,916.137,912.536,0.312,-47.916
28.08.2021 16:38:10,-55.795,532.836,995.208,918.090,914.947,0.271,-47.954
28.08.2021 16:38:11,-55.699,534.118,996.704,920.013,916.381,0.313,-47.889
28.08.2021 16:38:12,-55.594,535.308,999.298,921.783,918.518,0.281,-47.916
28.08.2021 16:38:13,-55.496,536.834,1001.617,924.438,921.142,0.283,-47.878
28.08.2021 16:38:14,-55.395,538.421,1003.997,926.330,922.668,0.313,-47.836
28.08.2021 16:38:15,-55.292,539.886,1007.110,928.680,925.354,0.284,-47.863
28.08.2021 16:38:16,-55.192,541.168,1008.697,930.694,927.246,0.294,-47.806
28.08.2021 16:38:17,-55.099,543.212,1012.146,933.563,929.901,0.311,-47.780
28.08.2021 16:38:18,-55.009,544.128,1013.946,935.241,932.464,0.235,-47.787
28.08.2021 16:38:19,-54.893,545.318,1015.441,937.561,933.227,0.367,-47.736
28.08.2021 16:38:20,-54.808,546.966,1018.615,939.880,936.584,0.278,-47.743
28.08.2021 16:38:21,-54.705,548.095,1020.752,941.864,938.720,0.264,-47.745
28.08.2021 16:38:22,-54.601,549.560,1023.071,944.580,941.009,0.300,-47.717
28.08.2021 16:38:23,-54.496,549.865,1024.169,944.427,941.497,0.246,-47.754
28.08.2021 16:38:24,-54.408,551.574,1027.008,947.967,944.244,0.311,-47.730
28.08.2021 16:38:25,-54.305,553.192,1030.426,951.232,947.662,0.297,-47.758
28.08.2021 16:38:26,-54.205,554.748,1032.348,953.491,949.676,0.317,-47.690
28.08.2021 16:38:27,-54.107,555.938,1034.545,955.413,951.873,0.294,-47.689
28.08.2021 16:38:28,-53.993,556.732,1036.560,956.573,953.216,0.278,-47.726
28.08.2021 16:38:29,-53.906,558.197,1039.093,959.472,955.810,0.303,-47.713
28.08.2021 16:38:30,-53.808,559.783,1041.595,962.219,958.190,0.332,-47.681
28.08.2021 16:38:31,-53.705,561.492,1044.189,964.111,960.662,0.283,-47.641
28.08.2021 16:38:32,-53.607,562.469,1047.576,966.857,962.829,0.330,-47.749
28.08.2021 16:38:33,-53.506,564.270,1049.255,968.688,965.331,0.275,-47.634
28.08.2021 16:38:34,-53.403,565.307,1051.513,971.374,967.651,0.304,-47.657
28.08.2021 16:38:35,-53.305,566.680,1054.229,973.846,970.764,0.251,-47.668
28.08.2021 16:38:36,-53.205,568.298,1056.457,976.287,972.961,0.270,-47.615
28.08.2021 16:38:37,-53.104,569.854,1059.295,978.332,974.945,0.274,-47.611
28.08.2021 16:38:38,-53.006,571.044,1061.889,980.743,977.539,0.259,-47.637
28.08.2021 16:38:39,-52.908,572.509,1063.903,983.367,979.736,0.293,-47.589
28.08.2021 16:38:40,-52.802,573.608,1066.650,985.534,982.635,0.233,-47.636
28.08.2021 16:38:41,-52.705,575.775,1068.939,988.220,984.649,0.286,-47.519
28.08.2021 16:38:42,-52.604,576.934,1072.204,991.577,987.548,0.322,-47.594
28.08.2021 16:38:43,-52.509,578.063,1074.371,992.889,989.440,0.275,-47.598
28.08.2021 16:38:44,-52.408,579.742,1076.293,995.666,991.882,0.301,-47.518
28.08.2021 16:38:45,-52.305,580.932,1079.223,998.809,995.056,0.298,-47.566
28.08.2021 16:38:46,-52.207,582.550,1081.512,1001.007,997.619,0.268,-47.519
28.08.2021 16:38:47,-52.104,583.160,1084.106,1003.509,999.664,0.304,-47.616
28.08.2021 16:38:48,-52.009,585.357,1086.883,1005.737,1002.685,0.240,-47.529
28.08.2021 16:38:49,-51.906,586.181,1088.897,1008.117,1004.852,0.257,-47.561
28.08.2021 16:38:50,-51.800,588.104,1092.193,1011.200,1007.873,0.261,-47.543
28.08.2021 16:38:51,-51.699,588.989,1093.505,1013.488,1010.375,0.243,-47.521
28.08.2021 16:38:52,-51.599,590.087,1094.116,1014.190,1011.199,0.234,-47.427
28.08.2021 16:38:53,-51.493,590.942,1097.106,1016.784,1013.488,0.257,-47.520
28.08.2021 16:38:54,-51.406,593.261,1100.860,1020.111,1017.181,0.227,-47.483
28.08.2021 16:38:55,-51.305,594.451,1103.332,1022.735,1019.653,0.239,-47.501
28.08.2021 16:38:56,-51.207,595.733,1105.865,1024.993,1021.759,0.250,-47.511
28.08.2021 16:38:58,-51.107,597.381,1108.276,1027.954,1024.352,0.278,-47.469
28.08.2021 16:38:59,-51.009,598.419,1110.809,1030.700,1026.977,0.286,-47.508
28.08.2021 16:39:00,-50.898,599.273,1112.792,1032.012,1028.961,0.234,-47.534
28.08.2021 16:39:01,-50.808,601.043,1115.600,1034.850,1031.341,0.269,-47.503
28.08.2021 16:39:02,-50.705,602.203,1117.736,1036.865,1033.752,0.238,-47.502
28.08.2021 16:39:03,-50.599,604.095,1120.422,1039.733,1036.651,0.235,-47.449
28.08.2021 16:39:04,-50.506,604.888,1122.314,1042.053,1038.543,0.267,-47.476
28.08.2021 16:39:05,-50.406,606.140,1125.122,1043.762,1040.527,0.245,-47.507
28.08.2021 16:39:06,-50.308,607.604,1127.380,1047.027,1043.579,0.261,-47.477
28.08.2021 16:39:07,-50.205,608.795,1129.852,1049.316,1045.715,0.272,-47.494
28.08.2021 16:39:08,-50.104,609.954,1131.744,1051.269,1048.065,0.241,-47.478
28.08.2021 16:39:09,-50.006,611.816,1134.490,1053.710,1050.933,0.209,-47.433
28.08.2021 16:39:10,-49.903,612.792,1136.505,1055.633,1053.039,0.194,-47.445
28.08.2021 16:39:11,-49.808,614.410,1138.946,1057.922,1054.992,0.219,-47.410
28.08.2021 16:39:12,-49.705,615.631,1140.777,1060.394,1057.373,0.226,-47.383
28.08.2021 16:39:13,-49.607,616.821,1143.676,1063.018,1059.387,0.271,-47.427
28.08.2021 16:39:14,-49.506,618.408,1145.355,1065.124,1061.798,0.247,-47.347
28.08.2021 16:39:15,-49.400,619.812,1147.583,1066.864,1064.819,0.152,-47.324
28.08.2021 16:39:16,-49.295,620.941,1150.299,1069.305,1066.467,0.210,-47.363
28.08.2021 16:39:17,-49.199,622.253,1152.526,1071.228,1068.908,0.171,-47.350
28.08.2021 16:39:18,-49.104,624.145,1154.388,1073.913,1071.502,0.178,-47.247
28.08.2021 16:39:19,-49.009,625.213,1157.013,1076.355,1073.059,0.243,-47.288
28.08.2021 16:39:20,-48.903,626.953,1159.179,1078.613,1076.141,0.181,-47.222
28.08.2021 16:39:21,-48.795,627.838,1160.675,1080.902,1077.484,0.250,-47.214
28.08.2021 16:39:22,-48.694,628.936,1162.689,1082.183,1079.589,0.190,-47.213
28.08.2021 16:39:23,-48.604,631.347,1165.863,1085.693,1082.824,0.209,-47.133
28.08.2021 16:39:24,-48.506,632.873,1167.968,1088.134,1085.449,0.195,-47.089
28.08.2021 16:39:25,-48.403,634.185,1169.891,1090.393,1087.280,0.226,-47.058
28.08.2021 16:39:26,-48.305,635.650,1171.875,1091.918,1089.416,0.181,-47.014
28.08.2021 16:39:27,-48.202,637.390,1174.682,1094.360,1091.705,0.192,-46.990
28.08.2021 16:39:28,-48.104,638.122,1176.513,1096.405,1093.414,0.216,-47.019
28.08.2021 16:39:29,-48.006,640.014,1178.436,1098.388,1096.038,0.169,-46.923
28.08.2021 16:39:30,-47.895,641.326,1180.511,1101.287,1097.991,0.237,-46.902
28.08.2021 16:39:31,-47.802,643.310,1182.617,1103.057,1101.226,0.131,-46.808
28.08.2021 16:39:32,-47.699,644.744,1184.906,1105.407,1103.210,0.157,-46.787
28.08.2021 16:39:33,-47.604,646.270,1186.706,1107.452,1105.163,0.163,-46.725
28.08.2021 16:39:34,-47.501,648.071,1189.209,1109.008,1107.147,0.133,-46.677
28.08.2021 16:39:35,-47.406,649.383,1191.131,1111.877,1109.222,0.189,-46.647
28.08.2021 16:39:36,-47.302,651.367,1193.115,1113.739,1111.175,0.182,-46.547
28.08.2021 16:39:37,-47.207,652.770,1195.190,1115.447,1113.769,0.119,-46.517
28.08.2021 16:39:38,-47.104,654.327,1196.502,1117.218,1115.081,0.151,-46.424
28.08.2021 16:39:39,-47.004,656.005,1198.516,1119.720,1117.492,0.157,-46.360
28.08.2021 16:39:40,-46.906,657.531,1200.958,1121.795,1119.506,0.161,-46.339
28.08.2021 16:39:41,-46.805,659.057,1202.301,1123.840,1121.307,0.178,-46.252
28.08.2021 16:39:42,-46.705,660.552,1204.467,1125.762,1122.833,0.206,-46.218
28.08.2021 16:39:43,-46.604,662.506,1206.878,1127.715,1125.579,0.150,-46.149
28.08.2021 16:39:44,-46.501,664.031,1208.312,1129.425,1127.227,0.154,-46.068
28.08.2021 16:39:45,-46.403,665.130,1209.778,1131.317,1128.967,0.164,-46.036
28.08.2021 16:39:46,-46.305,667.053,1212.097,1133.056,1130.798,0.158,-45.966
28.08.2021 16:39:47,-46.207,668.457,1213.409,1134.643,1132.598,0.142,-45.892
28.08.2021 16:39:48,-46.104,669.799,1215.240,1136.901,1134.582,0.161,-45.856
28.08.2021 16:39:49,-46.009,671.691,1217.254,1138.488,1136.383,0.146,-45.771
28.08.2021 16:39:50,-45.895,672.210,1217.742,1139.465,1137.024,0.169,-45.744
28.08.2021 16:39:51,-45.792,674.377,1219.879,1141.418,1139.404,0.139,-45.638
28.08.2021 16:39:52,-45.702,676.544,1222.534,1144.622,1142.211,0.167,-45.563
28.08.2021 16:39:53,-45.599,677.886,1224.395,1146.148,1143.798,0.162,-45.529
28.08.2021 16:39:54,-45.506,679.199,1225.952,1147.705,1145.599,0.145,-45.481
28.08.2021 16:39:55,-45.406,680.969,1228.210,1149.261,1147.064,0.151,-45.425
28.08.2021 16:39:56,-45.295,682.037,1229.461,1150.451,1148.803,0.113,-45.385
28.08.2021 16:39:57,-45.192,684.112,1231.384,1152.526,1150.360,0.149,-45.278
28.08.2021 16:39:58,-45.107,684.936,1233.642,1155.090,1152.191,0.199,-45.324
28.08.2021 16:39:59,-44.998,686.126,1234.375,1154.785,1153.472,0.090,-45.241
28.08.2021 16:40:00,-44.900,688.232,1236.602,1156.921,1155.395,0.104,-45.149
28.08.2021 16:40:01,-44.805,690.490,1240.051,1160.186,1158.386,0.123,-45.113
28.08.2021 16:40:02,-44.702,691.864,1242.156,1161.926,1159.576,0.160,-45.092
28.08.2021 16:40:03,-44.591,693.359,1243.774,1162.414,1161.315,0.074,-45.029
28.08.2021 16:40:04,-44.498,694.152,1244.476,1163.757,1161.529,0.151,-44.987
28.08.2021 16:40:05,-44.393,696.075,1247.436,1166.168,1164.245,0.130,-44.959
28.08.2021 16:40:06,-44.295,697.357,1248.535,1166.992,1165.374,0.109,-44.889
28.08.2021 16:40:07,-44.207,699.981,1251.709,1170.501,1167.907,0.175,-44.800
28.08.2021 16:40:08,-44.099,701.629,1253.997,1171.691,1169.647,0.138,-44.762
28.08.2021 16:40:09,-44.006,703.521,1255.950,1173.278,1171.386,0.127,-44.679
28.08.2021 16:40:10,-43.903,704.895,1257.690,1174.682,1172.790,0.127,-44.638
28.08.2021 16:40:11,-43.802,706.787,1259.674,1176.330,1175.262,0.071,-44.557
28.08.2021 16:40:12,-43.707,707.977,1261.505,1177.673,1175.964,0.115,-44.540
28.08.2021 16:40:13,-43.607,709.503,1263.519,1180.053,1177.887,0.145,-44.500
28.08.2021 16:40:14,-43.504,711.700,1265.136,1181.213,1179.534,0.112,-44.367
28.08.2021 16:40:15,-43.406,713.104,1267.974,1182.708,1180.938,0.118,-44.387
28.08.2021 16:40:16,-43.302,715.270,1269.683,1184.540,1183.532,0.067,-44.264
28.08.2021 16:40:17,-43.207,716.308,1271.209,1186.370,1184.509,0.124,-44.246
28.08.2021 16:40:18,-43.107,718.444,1273.315,1188.201,1186.553,0.109,-44.149
28.08.2021 16:40:19,-43.006,720.123,1275.207,1189.117,1187.530,0.105,-44.087
28.08.2021 16:40:20,-42.908,721.893,1277.008,1191.406,1189.666,0.115,-44.011
28.08.2021 16:40:21,-42.805,723.663,1279.907,1192.596,1191.467,0.075,-43.997
28.08.2021 16:40:22,-42.702,725.677,1281.158,1194.702,1193.237,0.097,-43.865
28.08.2021 16:40:23,-42.604,727.539,1283.416,1195.800,1194.763,0.068,-43.807
28.08.2021 16:40:24,-42.504,729.644,1285.156,1197.998,1196.533,0.096,-43.694
28.08.2021 16:40:25,-42.403,731.475,1286.285,1199.035,1197.692,0.088,-43.575
28.08.2021 16:40:26,-42.305,733.062,1288.879,1201.507,1199.615,0.124,-43.564
28.08.2021 16:40:27,-42.207,735.198,1290.802,1202.758,1201.355,0.092,-43.460
28.08.2021 16:40:28,-42.101,737.274,1292.450,1204.650,1203.735,0.060,-43.347
28.08.2021 16:40:29,-42.009,738.311,1294.098,1206.329,1204.437,0.124,-43.337
28.08.2021 16:40:30,-41.908,740.478,1297.027,1208.160,1206.451,0.112,-43.288
28.08.2021 16:40:31,-41.802,742.584,1298.309,1209.960,1208.068,0.124,-43.152
28.08.2021 16:40:32,-41.702,744.110,1300.354,1211.212,1209.686,0.099,-43.117
28.08.2021 16:40:33,-41.604,746.032,1302.337,1212.860,1211.242,0.105,-43.040
28.08.2021 16:40:34,-41.506,748.107,1303.069,1213.928,1212.859,0.069,-42.877
28.08.2021 16:40:35,-41.408,749.786,1304.687,1216.064,1214.599,0.095,-42.804
28.08.2021 16:40:36,-41.305,751.373,1306.243,1217.346,1215.972,0.089,-42.736
28.08.2021 16:40:37,-41.205,753.295,1308.044,1219.146,1217.437,0.111,-42.649
28.08.2021 16:40:38,-41.104,754.669,1309.356,1220.764,1219.268,0.097,-42.589
28.08.2021 16:40:39,-41.006,756.469,1311.096,1221.588,1220.672,0.059,-42.512
28.08.2021 16:40:40,-40.898,758.239,1312.835,1224.456,1222.717,0.112,-42.437
28.08.2021 16:40:42,-40.800,760.101,1313.751,1225.342,1223.876,0.094,-42.308
28.08.2021 16:40:43,-40.705,761.505,1314.636,1226.379,1225.555,0.053,-42.222
28.08.2021 16:40:44,-40.599,763.397,1316.467,1228.607,1227.447,0.074,-42.142
28.08.2021 16:40:45,-40.504,764.953,1317.932,1229.736,1228.637,0.070,-42.073
28.08.2021 16:40:46,-40.406,766.937,1319.153,1231.048,1230.377,0.043,-41.951
28.08.2021 16:40:47,-40.300,768.890,1320.251,1233.123,1231.689,0.092,-41.825
28.08.2021 16:40:48,-40.205,769.836,1320.953,1233.886,1233.123,0.049,-41.773
28.08.2021 16:40:49,-40.101,772.155,1323.333,1236.511,1235.076,0.091,-41.684
28.08.2021 16:40:50,-40.009,773.864,1324.676,1237.701,1236.389,0.084,-41.596
28.08.2021 16:40:51,-39.903,775.360,1326.354,1239.532,1238.098,0.091,-41.547
28.08.2021 16:40:52,-39.805,777.435,1326.873,1240.631,1239.135,0.095,-41.379
28.08.2021 16:40:53,-39.707,778.747,1328.399,1242.523,1240.905,0.103,-41.339
28.08.2021 16:40:54,-39.601,779.968,1329.589,1243.591,1242.767,0.052,-41.289
28.08.2021 16:40:55,-39.509,781.463,1330.688,1245.880,1244.201,0.106,-41.209
28.08.2021 16:40:56,-39.406,783.447,1332.702,1247.283,1245.666,0.102,-41.133
28.08.2021 16:40:57,-39.308,784.667,1333.648,1248.260,1247.375,0.056,-41.071
28.08.2021 16:40:58,-39.202,786.804,1335.266,1250.030,1248.809,0.077,-40.959
28.08.2021 16:40:59,-39.107,787.994,1335.906,1251.190,1249.603,0.100,-40.883
28.08.2021 16:41:00,-39.001,789.825,1338.561,1253.143,1251.708,0.090,-40.858
28.08.2021 16:41:01,-38.898,791.625,1339.538,1254.669,1253.112,0.098,-40.744
28.08.2021 16:41:02,-38.805,792.755,1341.094,1256.072,1254.455,0.102,-40.724
28.08.2021 16:41:03,-38.705,794.647,1343.261,1258.056,1256.957,0.069,-40.667
28.08.2021 16:41:04,-38.607,795.806,1344.451,1259.277,1257.568,0.107,-40.625
28.08.2021 16:41:05,-38.504,797.210,1346.099,1260.620,1259.368,0.078,-40.585
28.08.2021 16:41:06,-38.408,798.706,1347.167,1262.634,1261.016,0.101,-40.505
28.08.2021 16:41:07,-38.302,800.811,1349.426,1264.343,1262.909,0.089,-40.434
28.08.2021 16:41:08,-38.207,801.879,1350.219,1265.228,1264.007,0.076,-40.379
28.08.2021 16:41:09,-38.101,803.985,1352.111,1267.517,1266.021,0.093,-40.288
28.08.2021 16:41:10,-38.004,805.145,1353.729,1268.768,1267.395,0.085,-40.270
28.08.2021 16:41:11,-37.900,806.823,1355.010,1270.263,1269.286,0.060,-40.186
28.08.2021 16:41:12,-37.802,808.715,1356.964,1271.728,1270.568,0.072,-40.119
28.08.2021 16:41:13,-37.707,809.997,1357.971,1273.651,1271.820,0.113,-40.056
28.08.2021 16:41:14,-37.591,811.492,1360.046,1274.353,1273.437,0.056,-40.033
28.08.2021 16:41:15,-37.506,813.812,1361.450,1276.733,1275.421,0.081,-39.898
28.08.2021 16:41:16,-37.395,814.544,1362.426,1276.672,1276.000,0.041,-39.884
28.08.2021 16:41:17,-37.292,816.406,1364.318,1279.541,1277.923,0.100,-39.818
28.08.2021 16:41:18,-37.192,817.718,1365.600,1280.670,1279.266,0.086,-39.768
28.08.2021 16:41:19,-37.096,818.847,1366.180,1281.646,1280.395,0.077,-39.697
28.08.2021 16:41:20,-37.009,821.411,1368.499,1283.203,1282.348,0.052,-39.591
28.08.2021 16:41:21,-36.908,822.784,1369.171,1285.522,1283.752,0.109,-39.503
28.08.2021 16:41:22,-36.808,824.676,1371.276,1286.651,1285.461,0.073,-39.447
28.08.2021 16:41:23,-36.705,826.538,1372.924,1288.330,1286.926,0.086,-39.368
28.08.2021 16:41:24,-36.601,827.545,1373.870,1288.879,1288.055,0.050,-39.329
28.08.2021 16:41:25,-36.498,829.040,1374.938,1290.649,1288.848,0.110,-39.253
28.08.2021 16:41:26,-36.406,830.596,1375.854,1291.534,1290.527,0.061,-39.163
28.08.2021 16:41:27,-36.302,832.122,1377.075,1293.243,1291.351,0.116,-39.092
28.08.2021 16:41:28,-36.205,833.953,1378.479,1294.189,1293.121,0.065,-39.004
28.08.2021 16:41:29,-36.104,835.113,1379.547,1295.745,1294.189,0.095,-38.959
28.08.2021 16:41:30,-36.006,836.578,1380.584,1296.783,1295.410,0.083,-38.884
28.08.2021 16:41:31,-35.893,837.951,1381.134,1296.997,1295.990,0.061,-38.792
28.08.2021 16:41:32,-35.792,839.325,1381.866,1298.370,1296.661,0.104,-38.709
28.08.2021 16:41:33,-35.694,840.423,1383.422,1299.163,1298.248,0.055,-38.695
28.08.2021 16:41:34,-35.591,842.376,1383.606,1300.201,1299.255,0.057,-38.532
28.08.2021 16:41:35,-35.493,843.444,1384.429,1301.330,1299.865,0.089,-38.482
28.08.2021 16:41:36,-35.393,844.909,1386.047,1302.490,1301.696,0.048,-38.440
28.08.2021 16:41:37,-35.292,846.343,1386.352,1303.375,1302.337,0.063,-38.330
28.08.2021 16:41:38,-35.192,847.900,1386.871,1304.595,1303.588,0.061,-38.221
28.08.2021 16:41:39,-35.107,849.853,1388.580,1306.091,1304.748,0.081,-38.141
28.08.2021 16:41:40,-35.001,851.257,1388.610,1306.396,1304.748,0.100,-38.019
28.08.2021 16:41:41,-34.906,852.600,1389.495,1307.281,1306.243,0.062,-37.949
28.08.2021 16:41:42,-34.797,852.844,1389.709,1307.434,1306.579,0.051,-37.939
28.08.2021 16:41:43,-34.702,855.132,1390.411,1308.868,1307.983,0.053,-37.777
28.08.2021 16:41:44,-34.604,856.567,1391.388,1309.448,1308.959,0.029,-37.704
28.08.2021 16:41:45,-34.506,857.971,1391.632,1310.699,1309.143,0.094,-37.594
28.08.2021 16:41:46,-34.406,858.917,1392.089,1311.859,1310.394,0.088,-37.537
28.08.2021 16:41:47,-34.302,860.473,1392.974,1311.981,1311.828,0.009,-37.449
28.08.2021 16:41:48,-34.192,861.541,1392.913,1312.255,1311.523,0.044,-37.353
28.08.2021 16:41:49,-34.091,862.213,1393.646,1312.866,1311.798,0.064,-37.334
28.08.2021 16:41:50,-34.006,863.799,1394.348,1313.934,1313.262,0.040,-37.234
28.08.2021 16:41:51,-33.893,864.685,1394.103,1315.216,1313.812,0.084,-37.144
28.08.2021 16:41:52,-33.792,866.119,1395.050,1315.582,1313.873,0.103,-37.071
28.08.2021 16:41:53,-33.692,866.699,1395.812,1316.040,1315.551,0.029,-37.061
28.08.2021 16:41:54,-33.599,869.171,1396.514,1317.413,1315.979,0.086,-36.886
28.08.2021 16:41:55,-33.496,869.323,1396.209,1317.169,1316.406,0.045,-36.856
28.08.2021 16:41:56,-33.408,871.002,1397.277,1318.237,1317.504,0.044,-36.769
28.08.2021 16:41:57,-33.292,872.009,1397.949,1318.755,1317.962,0.047,-36.718
28.08.2021 16:41:58,-33.192,873.504,1398.956,1319.183,1318.756,0.025,-36.644
28.08.2021 16:41:59,-33.091,874.145,1399.535,1319.244,1319.244,0.000,-36.620
28.08.2021 16:42:00,-32.996,875.183,1400.726,1320.861,1319.335,0.091,-36.595
28.08.2021 16:42:01,-32.893,876.831,1400.726,1320.922,1320.556,0.021,-36.454
28.08.2021 16:42:02,-32.795,877.380,1401.458,1321.197,1320.648,0.032,-36.446
28.08.2021 16:42:03,-32.702,878.051,1402.404,1322.296,1320.739,0.093,-36.439
28.08.2021 16:42:04,-32.594,879.516,1402.770,1322.632,1322.204,0.025,-36.333
28.08.2021 16:42:05,-32.493,880.828,1403.869,1323.669,1322.357,0.078,-36.280
28.08.2021 16:42:06,-32.408,881.866,1404.388,1323.181,1322.815,0.021,-36.220
28.08.2021 16:42:07,-32.295,883.148,1405.181,1323.944,1323.059,0.052,-36.153
28.08.2021 16:42:08,-32.202,884.429,1405.731,1324.890,1323.425,0.087,-36.073
28.08.2021 16:42:09,-32.107,885.437,1407.165,1324.737,1324.249,0.029,-36.065
28.08.2021 16:42:10,-32.004,886.474,1406.768,1325.286,1324.554,0.043,-35.955
28.08.2021 16:42:11,-31.908,887.634,1407.592,1325.530,1324.981,0.032,-35.901
28.08.2021 16:42:12,-31.802,888.824,1408.111,1325.897,1325.683,0.012,-35.828
28.08.2021 16:42:13,-31.707,889.953,1408.599,1326.385,1325.775,0.036,-35.759
28.08.2021 16:42:14,-31.599,891.174,1409.301,1326.812,1325.897,0.054,-35.693
28.08.2021 16:42:15,-31.506,891.906,1409.790,1327.148,1325.561,0.094,-35.657
28.08.2021 16:42:16,-31.408,893.615,1409.576,1327.606,1326.477,0.067,-35.502
28.08.2021 16:42:17,-31.305,894.592,1410.888,1327.636,1327.362,0.016,-35.490
28.08.2021 16:42:18,-31.207,895.446,1411.194,1328.430,1326.965,0.087,-35.434
28.08.2021 16:42:19,-31.104,897.155,1410.980,1328.704,1327.484,0.072,-35.279
28.08.2021 16:42:20,-31.009,898.101,1411.468,1329.162,1327.942,0.072,-35.226
28.08.2021 16:42:21,-30.908,899.169,1411.804,1329.803,1329.010,0.047,-35.154
28.08.2021 16:42:22,-30.797,900.085,1412.231,1330.078,1328.826,0.074,-35.100
28.08.2021 16:42:23,-30.705,901.062,1412.078,1330.383,1328.887,0.089,-35.010
28.08.2021 16:42:25,-30.599,903.198,1412.200,1330.413,1329.712,0.041,-34.838
28.08.2021 16:42:26,-30.496,903.045,1411.590,1330.505,1328.948,0.092,-34.819
28.08.2021 16:42:27,-30.403,905.120,1412.780,1330.841,1329.528,0.078,-34.709
28.08.2021 16:42:28,-30.302,906.158,1412.506,1330.657,1330.291,0.021,-34.608
28.08.2021 16:42:29,-30.202,907.501,1412.811,1331.543,1330.261,0.076,-34.512
28.08.2021 16:42:30,-30.107,908.172,1413.482,1331.390,1330.413,0.058,-34.492
28.08.2021 16:42:31,-30.001,909.240,1413.207,1332.031,1330.810,0.072,-34.389
28.08.2021 16:42:32,-29.908,910.553,1413.329,1331.939,1330.749,0.070,-34.287
28.08.2021 16:42:33,-29.802,912.139,1413.787,1332.641,1331.115,0.090,-34.180
28.08.2021 16:42:34,-29.702,913.238,1413.543,1333.160,1331.146,0.119,-34.076
28.08.2021 16:42:35,-29.604,913.787,1413.726,1333.465,1332.000,0.087,-34.040
28.08.2021 16:42:36,-29.506,915.466,1413.421,1333.801,1332.183,0.096,-33.885
28.08.2021 16:42:37,-29.406,916.625,1414.093,1334.350,1332.092,0.134,-33.825
28.08.2021 16:42:38,-29.308,917.236,1413.543,1333.953,1332.489,0.087,-33.745
28.08.2021 16:42:39,-29.207,918.762,1413.513,1334.503,1332.946,0.092,-33.618
28.08.2021 16:42:40,-29.104,919.403,1412.689,1334.900,1332.733,0.128,-33.521
28.08.2021 16:42:41,-28.998,921.020,1413.146,1335.113,1332.946,0.128,-33.412
28.08.2021 16:42:42,-28.906,922.546,1412.933,1335.266,1333.465,0.106,-33.276
28.08.2021 16:42:43,-28.808,923.217,1412.200,1335.540,1333.496,0.121,-33.181
28.08.2021 16:42:44,-28.707,924.072,1412.597,1335.479,1333.740,0.103,-33.132
28.08.2021 16:42:45,-28.601,925.872,1411.987,1335.998,1334.289,0.101,-32.952
28.08.2021 16:42:46,-28.504,926.544,1412.048,1336.547,1334.442,0.124,-32.901
28.08.2021 16:42:47,-28.408,927.581,1411.376,1336.761,1334.503,0.133,-32.780
28.08.2021 16:42:48,-28.302,929.138,1410.858,1337.188,1334.777,0.142,-32.624
28.08.2021 16:42:49,-28.202,930.328,1411.254,1337.371,1335.235,0.126,-32.549
28.08.2021 16:42:50,-28.107,931.396,1410.858,1337.890,1335.876,0.119,-32.440
28.08.2021 16:42:51,-27.996,932.006,1410.675,1338.409,1335.815,0.153,-32.381
28.08.2021 16:42:52,-27.895,933.593,1410.369,1338.256,1336.548,0.101,-32.235
28.08.2021 16:42:53,-27.797,934.539,1410.522,1338.500,1336.975,0.090,-32.166
28.08.2021 16:42:54,-27.707,936.065,1410.125,1339.202,1337.158,0.121,-32.021
28.08.2021 16:42:55,-27.607,937.133,1409.484,1339.385,1337.341,0.121,-31.900
28.08.2021 16:42:56,-27.504,938.324,1409.057,1339.630,1337.707,0.113,-31.780
28.08.2021 16:42:57,-27.400,939.605,1409.606,1340.057,1338.073,0.117,-31.706
28.08.2021 16:42:58,-27.308,940.857,1409.576,1340.698,1338.562,0.126,-31.603
28.08.2021 16:42:59,-27.202,942.504,1409.393,1341.430,1339.019,0.142,-31.460
28.08.2021 16:43:00,-27.099,943.237,1409.362,1341.461,1339.264,0.129,-31.399
28.08.2021 16:43:01,-27.004,944.488,1408.935,1341.522,1339.660,0.110,-31.275
28.08.2021 16:43:02,-26.900,945.739,1409.301,1342.285,1339.965,0.137,-31.194
28.08.2021 16:43:03,-26.805,946.807,1409.118,1342.590,1340.026,0.151,-31.098
28.08.2021 16:43:04,-26.707,948.303,1409.118,1342.926,1341.125,0.106,-30.978
28.08.2021 16:43:05,-26.607,949.096,1409.484,1343.902,1341.217,0.158,-30.934
28.08.2021 16:43:06,-26.506,950.500,1409.637,1344.512,1341.308,0.189,-30.830
28.08.2021 16:43:07,-26.408,951.904,1409.545,1344.543,1341.797,0.162,-30.712
28.08.2021 16:43:08,-26.308,953.064,1409.393,1344.390,1341.858,0.149,-30.611
28.08.2021 16:43:09,-26.207,954.467,1410.064,1345.062,1342.773,0.134,-30.535
28.08.2021 16:43:10,-26.107,955.047,1409.973,1345.276,1342.926,0.138,-30.484
28.08.2021 16:43:11,-26.006,956.817,1409.729,1346.038,1343.566,0.145,-30.329
28.08.2021 16:43:12,-25.903,958.251,1409.301,1346.435,1343.841,0.152,-30.192
28.08.2021 16:43:13,-25.805,958.892,1409.332,1346.649,1344.451,0.129,-30.142
28.08.2021 16:43:14,-25.702,959.838,1409.759,1346.984,1344.330,0.156,-30.090
28.08.2021 16:43:15,-25.601,961.731,1409.332,1347.198,1344.665,0.149,-29.917
28.08.2021 16:43:16,-25.501,963.043,1409.179,1347.534,1345.184,0.138,-29.804
28.08.2021 16:43:17,-25.408,963.745,1409.362,1347.778,1345.520,0.132,-29.758
28.08.2021 16:43:18,-25.305,966.125,1408.538,1348.419,1346.130,0.134,-29.525
28.08.2021 16:43:19,-25.205,966.400,1408.386,1348.541,1346.038,0.147,-29.495
28.08.2021 16:43:20,-25.101,967.956,1408.660,1348.937,1347.229,0.100,-29.387
28.08.2021 16:43:21,-24.993,968.902,1408.324,1349.395,1347.106,0.134,-29.294
28.08.2021 16:43:22,-24.908,971.191,1408.050,1349.762,1347.381,0.139,-29.098
28.08.2021 16:43:23,-24.797,972.534,1407.714,1350.158,1348.205,0.114,-28.974
28.08.2021 16:43:24,-24.707,973.938,1407.318,1350.586,1348.053,0.148,-28.842
28.08.2021 16:43:25,-24.601,975.555,1406.982,1350.829,1347.991,0.166,-28.697
28.08.2021 16:43:26,-24.509,976.989,1407.409,1351.379,1348.754,0.154,-28.607
28.08.2021 16:43:27,-24.408,978.301,1406.249,1351.623,1348.693,0.171,-28.441
28.08.2021 16:43:28,-24.308,980.132,1406.219,1351.898,1349.273,0.153,-28.296
28.08.2021 16:43:29,-24.202,981.811,1406.066,1352.020,1349.578,0.143,-28.156
28.08.2021 16:43:30,-24.104,982.818,1405.914,1351.928,1350.097,0.107,-28.069
28.08.2021 16:43:31,-24.006,984.924,1405.303,1353.210,1350.464,0.160,-27.872
28.08.2021 16:43:32,-23.903,986.022,1404.632,1352.782,1351.043,0.101,-27.750
28.08.2021 16:43:33,-23.808,987.701,1404.418,1353.820,1351.104,0.159,-27.607
28.08.2021 16:43:34,-23.705,988.433,1404.113,1353.881,1351.501,0.139,-27.533
28.08.2021 16:43:35,-23.604,990.539,1403.472,1354.309,1351.684,0.153,-27.335
28.08.2021 16:43:36,-23.506,992.248,1403.472,1354.583,1351.531,0.178,-27.202
28.08.2021 16:43:37,-23.393,993.682,1403.686,1354.522,1352.600,0.112,-27.103
28.08.2021 16:43:38,-23.308,995.452,1402.526,1355.621,1352.996,0.153,-26.902
28.08.2021 16:43:39,-23.202,996.765,1402.160,1355.224,1353.362,0.108,-26.781
28.08.2021 16:43:40,-23.107,998.382,1401.580,1355.346,1353.302,0.119,-26.624
28.08.2021 16:43:41,-23.004,999.725,1400.665,1356.567,1353.332,0.189,-26.470
28.08.2021 16:43:42,-22.906,1001.434,1400.787,1355.895,1354.156,0.101,-26.345
28.08.2021 16:43:43,-22.805,1003.265,1400.085,1356.597,1354.248,0.137,-26.166
28.08.2021 16:43:44,-22.705,1004.455,1399.566,1356.964,1354.705,0.131,-26.046
28.08.2021 16:43:45,-22.591,1005.584,1398.925,1356.872,1354.553,0.135,-25.924
28.08.2021 16:43:46,-22.493,1007.385,1397.918,1357.391,1354.888,0.146,-25.731
28.08.2021 16:43:47,-22.400,1009.429,1397.125,1357.452,1354.827,0.153,-25.530
28.08.2021 16:43:48,-22.308,1011.077,1396.911,1357.818,1355.255,0.149,-25.393
28.08.2021 16:43:49,-22.202,1012.390,1396.087,1357.452,1355.712,0.101,-25.247
28.08.2021 16:43:50,-22.107,1013.793,1395.782,1357.910,1355.621,0.133,-25.123
28.08.2021 16:43:51,-22.009,1015.167,1394.958,1357.849,1356.292,0.090,-24.973
28.08.2021 16:43:52,-21.903,1017.303,1394.470,1358.032,1356.292,0.101,-24.783
28.08.2021 16:43:53,-21.805,1019.012,1394.134,1358.917,1356.353,0.149,-24.635
28.08.2021 16:43:54,-21.707,1019.714,1393.554,1358.337,1355.896,0.142,-24.549
28.08.2021 16:43:55,-21.601,1022.125,1393.157,1358.825,1356.598,0.130,-24.345
28.08.2021 16:43:56,-21.509,1023.345,1392.730,1359.100,1356.353,0.160,-24.229
28.08.2021 16:43:57,-21.400,1024.688,1392.425,1358.856,1356.842,0.117,-24.110
28.08.2021 16:43:58,-21.305,1027.038,1391.387,1359.008,1356.872,0.124,-23.875
28.08.2021 16:43:59,-21.202,1028.198,1391.327,1358.551,1356.597,0.114,-23.784
28.08.2021 16:44:00,-21.104,1029.724,1390.869,1359.069,1357.452,0.094,-23.644
28.08.2021 16:44:01,-21.004,1031.707,1390.380,1358.917,1356.903,0.117,-23.468
28.08.2021 16:44:02,-20.903,1032.898,1390.289,1359.557,1357.208,0.137,-23.373
28.08.2021 16:44:03,-20.805,1034.484,1390.136,1359.466,1356.475,0.174,-23.246
28.08.2021 16:44:04,-20.705,1035.858,1389.343,1359.039,1356.658,0.138,-23.099
28.08.2021 16:44:05,-20.599,1037.200,1388.275,1359.344,1356.781,0.149,-22.938
28.08.2021 16:44:06,-20.506,1038.696,1388.092,1358.581,1356.598,0.115,-22.816
28.08.2021 16:44:08,-20.408,1040.405,1387.664,1358.520,1356.414,0.122,-22.665
28.08.2021 16:44:09,-20.305,1041.625,1386.901,1359.008,1356.475,0.147,-22.531
28.08.2021 16:44:10,-20.207,1042.999,1387.237,1358.489,1356.658,0.106,-22.448
28.08.2021 16:44:11,-20.101,1044.677,1386.139,1358.642,1356.445,0.128,-22.261
28.08.2021 16:44:12,-19.993,1045.410,1385.742,1358.429,1356.262,0.126,-22.185
28.08.2021 16:44:13,-19.908,1047.302,1384.613,1358.489,1356.048,0.142,-21.981
28.08.2021 16:44:14,-19.802,1049.163,1384.643,1358.184,1355.865,0.135,-21.844
28.08.2021 16:44:15,-19.702,1050.659,1383.545,1358.703,1356.445,0.131,-21.672
28.08.2021 16:44:16,-19.596,1052.337,1383.178,1357.788,1355.529,0.131,-21.527
28.08.2021 16:44:17,-19.506,1054.077,1382.537,1357.757,1355.712,0.119,-21.363
28.08.2021 16:44:18,-19.406,1054.962,1381.683,1357.879,1355.316,0.149,-21.249
28.08.2021 16:44:19,-19.305,1056.549,1380.828,1357.299,1355.163,0.124,-21.084
28.08.2021 16:44:20,-19.199,1058.410,1379.364,1356.872,1354.491,0.139,-20.865
28.08.2021 16:44:21,-19.101,1059.783,1378.448,1356.872,1354.583,0.133,-20.712
28.08.2021 16:44:22,-19.004,1061.828,1377.990,1356.567,1354.492,0.121,-20.536
28.08.2021 16:44:23,-18.908,1062.896,1377.593,1356.292,1353.820,0.144,-20.435
28.08.2021 16:44:24,-18.808,1064.361,1375.885,1356.598,1353.423,0.185,-20.231
28.08.2021 16:44:25,-18.707,1066.223,1375.671,1356.109,1354.065,0.119,-20.083
28.08.2021 16:44:26,-18.596,1066.925,1374.389,1355.499,1353.698,0.105,-19.959
28.08.2021 16:44:27,-18.504,1069.519,1373.535,1355.499,1352.478,0.176,-19.721
28.08.2021 16:44:28,-18.398,1070.922,1372.772,1354.431,1351.898,0.148,-19.575
28.08.2021 16:44:29,-18.302,1072.448,1371.276,1354.522,1352.081,0.142,-19.379
28.08.2021 16:44:30,-18.205,1074.066,1370.666,1353.973,1352.020,0.114,-19.226
28.08.2021 16:44:31,-18.107,1075.347,1369.323,1353.759,1351.379,0.139,-19.057
28.08.2021 16:44:32,-18.009,1077.362,1368.255,1353.149,1351.043,0.123,-18.850
28.08.2021 16:44:33,-17.903,1078.765,1366.760,1353.424,1350.433,0.175,-18.663
28.08.2021 16:44:34,-17.802,1079.986,1366.424,1352.569,1350.372,0.128,-18.555
28.08.2021 16:44:35,-17.707,1081.146,1365.051,1352.294,1350.006,0.134,-18.392
28.08.2021 16:44:36,-17.599,1082.855,1364.013,1351.684,1348.938,0.161,-18.210
28.08.2021 16:44:37,-17.509,1084.075,1362.915,1351.379,1348.663,0.159,-18.058
28.08.2021 16:44:38,-17.406,1085.449,1361.633,1351.226,1348.358,0.168,-17.886
28.08.2021 16:44:39,-17.302,1086.761,1360.107,1350.219,1347.595,0.154,-17.704
28.08.2021 16:44:40,-17.205,1087.493,1358.856,1348.907,1347.625,0.075,-17.579
28.08.2021 16:44:41,-17.104,1088.958,1357.879,1349.334,1347.564,0.104,-17.417
28.08.2021 16:44:42,-17.006,1089.843,1356.415,1348.449,1346.099,0.138,-17.269
28.08.2021 16:44:43,-16.903,1091.369,1355.651,1347.778,1345.703,0.122,-17.115
28.08.2021 16:44:44,-16.808,1092.712,1353.973,1347.656,1345.489,0.127,-16.922
28.08.2021 16:44:45,-16.707,1093.841,1353.057,1347.198,1344.787,0.141,-16.788
28.08.2021 16:44:46,-16.607,1094.299,1351.959,1346.160,1344.055,0.124,-16.692
28.08.2021 16:44:47,-16.504,1095.977,1349.762,1345.581,1343.750,0.107,-16.444
28.08.2021 16:44:48,-16.408,1096.588,1348.724,1345.123,1343.200,0.113,-16.340
28.08.2021 16:44:49,-16.308,1097.412,1348.297,1344.696,1342.010,0.158,-16.257
28.08.2021 16:44:50,-16.205,1098.968,1346.832,1344.238,1342.193,0.120,-16.060
28.08.2021 16:44:51,-16.099,1099.456,1346.099,1344.055,1341.217,0.167,-15.983
28.08.2021 16:44:52,-16.004,1100.280,1345.336,1342.498,1340.392,0.124,-15.879
28.08.2021 16:44:53,-15.906,1101.654,1344.482,1342.101,1340.149,0.115,-15.732
28.08.2021 16:44:54,-15.802,1102.539,1343.383,1341.735,1339.294,0.144,-15.605
28.08.2021 16:44:55,-15.707,1103.454,1342.041,1340.759,1338.439,0.137,-15.461
28.08.2021 16:44:56,-15.599,1104.492,1341.430,1339.752,1337.402,0.139,-15.351
28.08.2021 16:44:57,-15.504,1105.072,1340.270,1339.904,1337.585,0.137,-15.242
28.08.2021 16:44:58,-15.408,1105.865,1339.691,1339.843,1336.975,0.169,-15.152
28.08.2021 16:44:59,-15.308,1107.086,1338.439,1338.348,1336.364,0.117,-14.992
28.08.2021 16:45:00,-15.207,1108.215,1337.463,1338.256,1335.022,0.191,-14.855
28.08.2021 16:45:01,-15.096,1108.459,1337.219,1337.768,1335.205,0.151,-14.823
28.08.2021 16:45:02,-15.001,1110.260,1336.120,1336.120,1333.984,0.126,-14.631
28.08.2021 16:45:03,-14.900,1110.687,1335.083,1335.937,1333.739,0.130,-14.540
28.08.2021 16:45:04,-14.808,1111.480,1334.381,1335.235,1332.916,0.137,-14.442
28.08.2021 16:45:05,-14.705,1112.396,1333.465,1334.961,1332.336,0.155,-14.324
28.08.2021 16:45:06,-14.607,1113.403,1332.214,1333.953,1331.573,0.141,-14.179
28.08.2021 16:45:07,-14.501,1114.044,1331.115,1333.740,1331.329,0.143,-14.069
28.08.2021 16:45:08,-14.403,1115.539,1331.329,1332.916,1330.627,0.136,-13.976
28.08.2021 16:45:09,-14.308,1115.814,1329.711,1332.550,1329.681,0.170,-13.861
28.08.2021 16:45:10,-14.207,1116.515,1328.979,1331.665,1328.796,0.170,-13.768
28.08.2021 16:45:11,-14.107,1117.309,1328.552,1331.329,1328.460,0.170,-13.687
28.08.2021 16:45:12,-14.009,1118.469,1327.209,1331.054,1328.094,0.176,-13.526
28.08.2021 16:45:13,-13.908,1119.232,1326.782,1329.681,1327.636,0.121,-13.447
28.08.2021 16:45:14,-13.805,1120.544,1326.324,1329.620,1326.659,0.176,-13.327
28.08.2021 16:45:15,-13.707,1121.216,1325.286,1328.948,1326.233,0.162,-13.219
28.08.2021 16:45:16,-13.604,1121.917,1323.822,1328.185,1325.408,0.165,-13.082
28.08.2021 16:45:17,-13.506,1122.589,1322.936,1327.667,1325.256,0.144,-12.983
28.08.2021 16:45:18,-13.406,1123.870,1321.685,1326.934,1323.211,0.222,-12.818
28.08.2021 16:45:19,-13.300,1124.633,1320.922,1326.477,1323.577,0.173,-12.720
28.08.2021 16:45:20,-13.207,1125.396,1320.251,1325.439,1323.333,0.125,-12.626
28.08.2021 16:45:21,-13.104,1126.831,1319.152,1325.042,1322.387,0.158,-12.460
28.08.2021 16:45:22,-12.996,1127.105,1318.115,1324.615,1321.472,0.188,-12.379
28.08.2021 16:45:23,-12.906,1128.662,1317.108,1323.608,1320.953,0.159,-12.210
28.08.2021 16:45:24,-12.808,1129.180,1315.795,1323.150,1320.312,0.170,-12.096
28.08.2021 16:45:25,-12.705,1130.371,1314.574,1321.563,1319.000,0.153,-11.939
28.08.2021 16:45:26,-12.604,1131.378,1313.659,1321.319,1318.634,0.161,-11.814
28.08.2021 16:45:27,-12.506,1132.598,1312.316,1321.075,1317.901,0.190,-11.649
28.08.2021 16:45:28,-12.408,1133.209,1311.065,1319.976,1317.413,0.154,-11.531
28.08.2021 16:45:29,-12.302,1134.246,1309.173,1319.000,1316.802,0.132,-11.345
28.08.2021 16:45:30,-12.202,1135.833,1308.166,1318.450,1315.460,0.179,-11.174
28.08.2021 16:45:31,-12.101,1136.016,1307.861,1317.871,1315.307,0.154,-11.143
28.08.2021 16:45:32,-12.004,1138.061,1306.304,1317.474,1315.124,0.141,-10.907
28.08.2021 16:45:33,-11.900,1138.885,1305.359,1316.711,1313.232,0.209,-10.793
28.08.2021 16:45:34,-11.808,1139.587,1303.893,1315.795,1313.629,0.130,-10.656
28.08.2021 16:45:35,-11.707,1140.991,1302.917,1315.002,1312.530,0.149,-10.500
28.08.2021 16:45:36,-11.601,1141.174,1301.208,1314.453,1311.645,0.169,-10.384
28.08.2021 16:45:37,-11.509,1141.998,1299.896,1313.415,1311.279,0.128,-10.247
28.08.2021 16:45:38,-11.403,1143.371,1298.004,1313.110,1310.546,0.154,-10.037
28.08.2021 16:45:39,-11.305,1143.829,1296.905,1312.744,1309.783,0.178,-9.939
28.08.2021 16:45:40,-11.202,1144.775,1296.630,1311.828,1309.509,0.140,-9.857
28.08.2021 16:45:41,-11.107,1145.385,1294.342,1311.157,1308.838,0.140,-9.675
28.08.2021 16:45:42,-11.006,1145.660,1293.182,1310.699,1307.739,0.179,-9.586
28.08.2021 16:45:43,-10.908,1146.240,1292.144,1309.844,1307.372,0.149,-9.482
28.08.2021 16:45:44,-10.805,1147.125,1290.557,1308.685,1306.396,0.138,-9.324
28.08.2021 16:45:45,-10.707,1147.705,1289.123,1308.593,1305.480,0.188,-9.197
28.08.2021 16:45:46,-10.604,1148.101,1288.085,1307.586,1305.236,0.142,-9.106
28.08.2021 16:45:47,-10.504,1148.681,1286.407,1307.220,1304.260,0.179,-8.963
28.08.2021 16:45:48,-10.406,1148.895,1285.858,1306.457,1303.741,0.164,-8.914
28.08.2021 16:45:49,-10.305,1148.895,1284.576,1305.938,1303.649,0.138,-8.836
28.08.2021 16:45:51,-10.205,1149.505,1283.172,1304.870,1302.551,0.140,-8.707
28.08.2021 16:45:52,-10.107,1149.566,1282.379,1304.595,1301.879,0.165,-8.654
28.08.2021 16:45:53,-10.004,1150.024,1281.616,1303.924,1301.361,0.155,-8.576
28.08.2021 16:45:54,-9.908,1150.756,1280.242,1303.192,1300.781,0.146,-8.441
28.08.2021 16:45:55,-9.808,1151.092,1279.876,1303.222,1299.804,0.208,-8.395
28.08.2021 16:45:56,-9.702,1151.153,1278.350,1302.185,1299.987,0.133,-8.297
28.08.2021 16:45:57,-9.601,1151.550,1277.953,1301.788,1299.011,0.169,-8.245
28.08.2021 16:45:58,-9.506,1152.099,1276.947,1300.659,1298.126,0.154,-8.145
28.08.2021 16:45:59,-9.406,1152.740,1275.543,1300.292,1297.943,0.143,-8.014
28.08.2021 16:46:00,-9.292,1152.862,1275.024,1300.201,1297.576,0.160,-7.974
28.08.2021 16:46:01,-9.205,1153.350,1273.834,1299.011,1296.661,0.143,-7.866
28.08.2021 16:46:02,-9.101,1153.900,1272.796,1298.614,1296.295,0.141,-7.764
28.08.2021 16:46:03,-9.006,1154.144,1272.125,1298.431,1295.623,0.171,-7.706
28.08.2021 16:46:04,-8.908,1154.693,1271.423,1297.485,1295.074,0.147,-7.625
28.08.2021 16:46:05,-8.808,1154.998,1270.263,1297.240,1294.189,0.186,-7.531
28.08.2021 16:46:06,-8.702,1155.090,1269.897,1296.600,1293.975,0.160,-7.502
28.08.2021 16:46:07,-8.604,1155.670,1268.920,1295.776,1293.121,0.162,-7.402
28.08.2021 16:46:08,-8.506,1156.799,1267.730,1295.379,1292.388,0.183,-7.250
28.08.2021 16:46:09,-8.406,1156.829,1267.395,1294.494,1290.954,0.216,-7.227
28.08.2021 16:46:10,-8.305,1157.287,1266.845,1294.098,1291.595,0.153,-7.162
28.08.2021 16:46:11,-8.199,1158.081,1265.502,1293.334,1290.710,0.160,-7.024
28.08.2021 16:46:12,-8.101,1158.019,1265.197,1292.968,1290.038,0.179,-7.009
28.08.2021 16:46:13,-8.004,1158.447,1263.855,1292.083,1289.855,0.136,-6.896
28.08.2021 16:46:14,-7.906,1159.362,1262.420,1292.205,1289.245,0.181,-6.743
28.08.2021 16:46:15,-7.808,1159.637,1262.298,1291.595,1288.696,0.178,-6.717
28.08.2021 16:46:16,-7.699,1160.095,1261.413,1291.015,1288.330,0.164,-6.630
28.08.2021 16:46:17,-7.599,1160.827,1260.650,1290.832,1287.628,0.196,-6.533
28.08.2021 16:46:18,-7.506,1160.980,1259.368,1289.306,1286.956,0.144,-6.442
28.08.2021 16:46:19,-7.408,1161.285,1258.575,1289.306,1286.560,0.168,-6.371
28.08.2021 16:46:20,-7.302,1162.384,1257.568,1288.696,1285.797,0.178,-6.233
28.08.2021 16:46:21,-7.197,1162.475,1257.507,1288.207,1285.827,0.146,-6.223
28.08.2021 16:46:22,-7.101,1163.635,1255.889,1288.146,1285.247,0.178,-6.042
28.08.2021 16:46:23,-7.004,1163.482,1255.157,1287.170,1284.179,0.184,-6.006
28.08.2021 16:46:24,-6.906,1164.245,1254.546,1286.254,1284.027,0.137,-5.916
28.08.2021 16:46:25,-6.808,1164.703,1253.509,1286.163,1283.630,0.156,-5.819
28.08.2021 16:46:26,-6.702,1164.673,1252.532,1285.766,1283.172,0.160,-5.760
28.08.2021 16:46:27,-6.607,1166.107,1251.709,1285.308,1282.958,0.145,-5.610
28.08.2021 16:46:28,-6.509,1166.412,1250.365,1284.545,1281.921,0.162,-5.505
28.08.2021 16:46:29,-6.408,1167.053,1249.633,1284.607,1281.372,0.199,-5.415
28.08.2021 16:46:30,-6.292,1167.999,1248.596,1284.210,1281.524,0.165,-5.285
28.08.2021 16:46:31,-6.192,1168.701,1247.833,1283.966,1280.395,0.220,-5.189
28.08.2021 16:46:32,-6.101,1169.464,1246.917,1283.172,1280.670,0.154,-5.079
28.08.2021 16:46:33,-6.001,1170.654,1245.544,1282.714,1280.731,0.122,-4.912
28.08.2021 16:46:34,-5.908,1170.898,1244.750,1282.196,1280.029,0.134,-4.845
28.08.2021 16:46:35,-5.805,1171.935,1243.865,1281.738,1279.296,0.151,-4.718
28.08.2021 16:46:36,-5.694,1172.363,1242.889,1281.341,1279.022,0.143,-4.627
28.08.2021 16:46:37,-5.601,1173.034,1241.394,1280.914,1278.533,0.147,-4.486
28.08.2021 16:46:38,-5.506,1173.583,1240.997,1280.609,1277.832,0.172,-4.424
28.08.2021 16:46:39,-5.400,1174.224,1238.464,1279.724,1277.557,0.134,-4.219
28.08.2021 16:46:40,-5.305,1174.377,1238.403,1279.846,1276.702,0.194,-4.205
28.08.2021 16:46:41,-5.202,1175.567,1236.480,1278.839,1276.397,0.151,-4.002
28.08.2021 16:46:42,-5.104,1175.872,1235.717,1279.113,1276.580,0.157,-3.932
28.08.2021 16:46:43,-5.009,1176.818,1234.893,1278.472,1276.000,0.153,-3.816
28.08.2021 16:46:44,-4.903,1176.788,1233.886,1278.625,1275.787,0.176,-3.753
28.08.2021 16:46:45,-4.805,1177.490,1233.184,1278.442,1275.787,0.164,-3.661
28.08.2021 16:46:46,-4.702,1177.825,1232.238,1277.374,1275.146,0.138,-3.578
28.08.2021 16:46:47,-4.607,1178.161,1230.834,1277.679,1275.054,0.162,-3.465
28.08.2021 16:46:48,-4.504,1178.161,1230.194,1276.885,1274.109,0.172,-3.423
28.08.2021 16:46:49,-4.406,1178.710,1228.851,1276.489,1274.261,0.138,-3.300
28.08.2021 16:46:50,-4.308,1179.138,1227.996,1276.336,1274.505,0.113,-3.216
28.08.2021 16:46:51,-4.199,1179.748,1227.020,1276.153,1273.193,0.183,-3.112
28.08.2021 16:46:52,-4.107,1179.168,1226.562,1275.695,1273.406,0.142,-3.122
28.08.2021 16:46:53,-3.996,1180.359,1225.830,1275.787,1273.376,0.149,-2.994
28.08.2021 16:46:54,-3.895,1179.870,1225.006,1275.238,1272.491,0.170,-2.974
28.08.2021 16:46:55,-3.792,1180.450,1224.365,1274.932,1272.369,0.159,-2.894
28.08.2021 16:46:56,-3.705,1180.633,1223.541,1274.536,1272.552,0.123,-2.828
28.08.2021 16:46:57,-3.604,1181.091,1222.442,1274.597,1272.094,0.155,-2.726
28.08.2021 16:46:58,-3.493,1181.640,1222.320,1274.688,1271.881,0.174,-2.681
28.08.2021 16:46:59,-3.398,1182.189,1221.466,1274.139,1271.759,0.148,-2.589
28.08.2021 16:47:00,-3.297,1182.129,1220.489,1274.383,1271.178,0.199,-2.530
28.08.2021 16:47:01,-3.205,1182.952,1220.092,1273.285,1271.362,0.119,-2.449
28.08.2021 16:47:02,-3.104,1183.258,1219.299,1273.406,1270.782,0.163,-2.377
28.08.2021 16:47:03,-3.001,1182.769,1219.360,1273.651,1270.751,0.180,-2.414
28.08.2021 16:47:04,-2.893,1183.959,1217.926,1273.071,1270.263,0.174,-2.241
28.08.2021 16:47:05,-2.808,1184.173,1217.681,1273.132,1270.294,0.176,-2.210
28.08.2021 16:47:06,-2.692,1184.570,1217.498,1272.796,1270.172,0.163,-2.172
28.08.2021 16:47:07,-2.607,1185.241,1216.308,1272.613,1269.500,0.194,-2.050
28.08.2021 16:47:08,-2.493,1185.913,1215.820,1272.308,1269.470,0.176,-1.973
28.08.2021 16:47:09,-2.400,1186.004,1215.332,1271.728,1269.409,0.144,-1.935
28.08.2021 16:47:10,-2.308,1187.072,1214.630,1271.972,1269.561,0.150,-1.818
28.08.2021 16:47:11,-2.207,1186.828,1214.111,1272.003,1268.798,0.199,-1.800
28.08.2021 16:47:12,-2.107,1187.774,1213.531,1271.240,1268.676,0.159,-1.699
28.08.2021 16:47:13,-2.009,1188.995,1213.073,1271.942,1269.103,0.177,-1.588
28.08.2021 16:47:14,-1.906,1188.903,1212.097,1270.751,1268.554,0.137,-1.530
28.08.2021 16:47:15,-1.800,1189.544,1212.677,1271.209,1268.585,0.163,-1.526
28.08.2021 16:47:16,-1.705,1190.673,1211.151,1270.660,1268.554,0.131,-1.351
28.08.2021 16:47:17,-1.604,1190.338,1210.723,1270.538,1268.341,0.137,-1.345
28.08.2021 16:47:18,-1.493,1190.551,1210.662,1270.141,1268.493,0.102,-1.327
28.08.2021 16:47:19,-1.408,1191.711,1209.167,1270.721,1267.761,0.184,-1.152
28.08.2021 16:47:20,-1.308,1191.863,1208.892,1269.775,1267.822,0.121,-1.124
28.08.2021 16:47:21,-1.197,1193.054,1208.496,1269.866,1267.730,0.133,-1.019
28.08.2021 16:47:22,-1.096,1193.145,1207.641,1270.110,1267.395,0.169,-0.956
28.08.2021 16:47:23,-0.993,1193.847,1207.214,1269.622,1267.791,0.114,-0.882
28.08.2021 16:47:24,-0.908,1195.129,1206.085,1269.775,1267.211,0.160,-0.723
28.08.2021 16:47:25,-0.797,1194.915,1206.115,1269.989,1267.303,0.167,-0.739
28.08.2021 16:47:26,-0.692,1195.953,1205.261,1270.019,1267.700,0.144,-0.614
28.08.2021 16:47:27,-0.604,1197.479,1204.040,1269.714,1268.005,0.106,-0.432
28.08.2021 16:47:28,-0.493,1197.235,1203.735,1269.256,1266.967,0.143,-0.429
28.08.2021 16:47:29,-0.400,1198.303,1203.063,1269.866,1267.547,0.144,-0.314
28.08.2021 16:47:30,-0.292,1199.340,1202.575,1269.622,1267.639,0.123,-0.213
28.08.2021 16:47:31,-0.194,1199.737,1201.995,1269.256,1266.906,0.146,-0.149
28.08.2021 16:47:32,-0.101,1201.110,1200.317,1269.348,1267.791,0.097,0.052
28.08.2021 16:47:34,-0.004,1201.812,1199.951,1269.683,1267.700,0.123,0.122
28.08.2021 16:47:35,0.100,1202.850,1199.646,1269.195,1267.425,0.110,0.211
28.08.2021 16:47:36,0.195,1204.010,1198.455,1269.439,1267.486,0.122,0.366
28.08.2021 16:47:37,0.293,1204.589,1197.662,1269.195,1267.456,0.108,0.457
28.08.2021 16:47:38,0.399,1205.596,1197.113,1269.836,1267.974,0.116,0.559
28.08.2021 16:47:39,0.491,1206.848,1196.227,1269.531,1267.608,0.120,0.700
28.08.2021 16:47:40,0.592,1207.244,1195.953,1269.897,1267.547,0.146,0.744
28.08.2021 16:47:41,0.695,1208.160,1194.641,1270.202,1267.486,0.169,0.891
28.08.2021 16:47:42,0.798,1209.320,1193.725,1269.989,1267.517,0.154,1.028
28.08.2021 16:47:43,0.899,1209.686,1193.298,1269.592,1267.761,0.114,1.080
28.08.2021 16:47:44,0.991,1210.601,1191.894,1269.378,1267.456,0.120,1.234
28.08.2021 16:47:45,1.094,1211.273,1191.467,1269.958,1267.578,0.148,1.306
28.08.2021 16:47:46,1.200,1211.730,1191.040,1269.836,1268.188,0.102,1.364
28.08.2021 16:47:47,1.295,1212.432,1189.575,1270.141,1268.188,0.121,1.508
28.08.2021 16:47:48,1.396,1212.859,1188.659,1270.172,1267.730,0.152,1.596
28.08.2021 16:47:49,1.496,1213.806,1188.049,1269.897,1268.005,0.118,1.699
28.08.2021 16:47:50,1.592,1214.202,1186.706,1270.385,1268.280,0.131,1.814
28.08.2021 16:47:51,1.692,1213.989,1186.401,1269.561,1268.066,0.093,1.821
28.08.2021 16:47:52,1.795,1215.423,1185.669,1269.897,1268.493,0.087,1.963
28.08.2021 16:47:53,1.899,1215.454,1184.478,1270.629,1268.401,0.139,2.045
28.08.2021 16:47:54,1.996,1216.064,1184.448,1270.416,1268.310,0.131,2.087
28.08.2021 16:47:55,2.094,1216.400,1183.258,1270.324,1268.798,0.095,2.188
28.08.2021 16:47:56,2.192,1216.857,1182.586,1271.117,1268.554,0.159,2.263
28.08.2021 16:47:57,2.298,1217.040,1181.884,1270.141,1268.829,0.081,2.322
28.08.2021 16:47:58,2.399,1218.383,1180.785,1270.935,1268.646,0.142,2.483
28.08.2021 16:47:59,2.499,1218.811,1180.725,1271.362,1269.469,0.118,2.515
28.08.2021 16:48:00,2.592,1218.139,1179.779,1271.209,1269.042,0.135,2.535
28.08.2021 16:48:01,2.698,1219.177,1179.199,1271.148,1269.103,0.127,2.641
28.08.2021 16:48:02,2.798,1220.001,1178.741,1271.728,1269.653,0.129,2.725
28.08.2021 16:48:03,2.899,1221.069,1178.222,1271.636,1270.019,0.100,2.830
28.08.2021 16:48:04,2.994,1221.252,1177.581,1272.369,1270.324,0.127,2.885
28.08.2021 16:48:05,3.094,1221.557,1177.429,1271.972,1270.538,0.089,2.915
28.08.2021 16:48:06,3.195,1222.534,1176.696,1272.582,1269.867,0.169,3.027
28.08.2021 16:48:07,3.298,1222.808,1176.757,1272.857,1270.629,0.138,3.041
28.08.2021 16:48:08,3.396,1224.029,1176.177,1272.644,1270.843,0.112,3.159
28.08.2021 16:48:09,3.496,1224.212,1175.781,1273.193,1270.751,0.152,3.198
28.08.2021 16:48:10,3.597,1225.219,1175.140,1273.071,1271.209,0.115,3.306
28.08.2021 16:48:11,3.695,1225.708,1175.079,1273.559,1271.484,0.129,3.342
28.08.2021 16:48:12,3.795,1226.684,1174.347,1273.559,1271.484,0.129,3.454
28.08.2021 16:48:13,3.893,1226.989,1173.889,1273.834,1271.911,0.119,3.505
28.08.2021 16:48:14,3.996,1228.301,1174.133,1274.230,1272.186,0.127,3.573
28.08.2021 16:48:15,4.092,1228.820,1173.095,1274.383,1272.186,0.136,3.676
28.08.2021 16:48:16,4.198,1229.675,1173.614,1274.902,1273.132,0.110,3.696
28.08.2021 16:48:17,4.298,1230.682,1172.760,1275.787,1273.040,0.170,3.819
28.08.2021 16:48:18,4.396,1230.987,1172.271,1275.360,1273.742,0.100,3.871
28.08.2021 16:48:19,4.491,1232.055,1171.356,1275.604,1273.803,0.111,4.002
28.08.2021 16:48:20,4.594,1232.574,1170.959,1276.367,1273.895,0.153,4.062
28.08.2021 16:48:21,4.695,1233.123,1170.898,1276.428,1274.047,0.147,4.102
28.08.2021 16:48:22,4.793,1234.039,1170.013,1277.038,1274.902,0.132,4.220
28.08.2021 16:48:23,4.896,1234.741,1169.342,1277.221,1274.993,0.138,4.311
28.08.2021 16:48:24,4.999,1236.022,1169.158,1276.916,1275.115,0.111,4.405
28.08.2021 16:48:25,5.097,1236.541,1168.395,1277.801,1275.237,0.159,4.490
28.08.2021 16:48:26,5.195,1237.213,1167.907,1277.526,1275.665,0.115,4.566
28.08.2021 16:48:27,5.301,1237.640,1167.724,1277.557,1276.184,0.085,4.606
28.08.2021 16:48:28,5.401,1240.051,1167.144,1278.686,1276.794,0.117,4.799
28.08.2021 16:48:29,5.496,1239.959,1166.656,1279.113,1277.221,0.117,4.827
28.08.2021 16:48:30,5.592,1240.997,1165.649,1278.961,1277.313,0.102,4.961
28.08.2021 16:48:31,5.692,1241.912,1165.557,1279.632,1277.709,0.119,5.026
28.08.2021 16:48:32,5.801,1243.194,1165.008,1280.151,1278.655,0.092,5.145
28.08.2021 16:48:33,5.899,1243.804,1163.909,1280.700,1279.327,0.085,5.258
28.08.2021 16:48:34,5.994,1245.086,1164.245,1281.524,1279.235,0.141,5.317
28.08.2021 16:48:35,6.100,1246.002,1163.390,1281.616,1280.151,0.090,5.433
28.08.2021 16:48:36,6.192,1247.100,1162.200,1281.677,1279.937,0.107,5.584
28.08.2021 16:48:37,6.295,1248.016,1161.651,1282.104,1280.212,0.117,5.680
28.08.2021 16:48:38,6.396,1249.298,1160.858,1282.470,1280.426,0.126,5.815
28.08.2021 16:48:39,6.496,1250.549,1160.156,1282.928,1281.128,0.111,5.942
28.08.2021 16:48:40,6.594,1251.648,1158.874,1282.958,1281.127,0.113,6.099
28.08.2021 16:48:41,6.698,1252.655,1158.142,1283.630,1281.555,0.128,6.212
28.08.2021 16:48:42,6.793,1252.716,1157.501,1283.660,1281.616,0.126,6.260
28.08.2021 16:48:43,6.896,1254.241,1156.616,1284.057,1282.623,0.088,6.417
28.08.2021 16:48:44,6.994,1255.523,1155.395,1284.515,1282.470,0.126,6.581
28.08.2021 16:48:45,7.097,1255.920,1154.388,1283.966,1282.592,0.084,6.675
28.08.2021 16:48:46,7.198,1256.683,1153.625,1284.912,1282.958,0.120,6.776
28.08.2021 16:48:47,7.298,1258.117,1152.221,1285.186,1283.508,0.103,6.962
28.08.2021 16:48:48,7.399,1258.972,1151.489,1285.949,1283.874,0.127,7.066
28.08.2021 16:48:49,7.499,1259.704,1151.123,1286.529,1284.912,0.099,7.137
28.08.2021 16:48:50,7.592,1260.681,1149.719,1286.621,1284.668,0.120,7.295
28.08.2021 16:48:51,7.695,1261.108,1149.230,1287.078,1285.339,0.107,7.355
28.08.2021 16:48:52,7.801,1262.023,1147.857,1287.750,1285.614,0.131,7.507
28.08.2021 16:48:53,7.893,1262.634,1146.972,1287.933,1286.132,0.110,7.606
28.08.2021 16:48:54,7.994,1264.099,1146.453,1288.391,1286.499,0.116,7.734
28.08.2021 16:48:55,8.097,1264.282,1145.446,1288.543,1286.743,0.110,7.815
28.08.2021 16:48:56,8.195,1264.404,1144.317,1289.215,1287.139,0.127,7.900
28.08.2021 16:48:57,8.295,1265.685,1143.463,1289.367,1287.841,0.093,8.040
28.08.2021 16:48:58,8.393,1266.388,1142.700,1290.130,1288.543,0.097,8.136
28.08.2021 16:48:59,8.491,1266.754,1141.906,1290.374,1288.635,0.106,8.214
28.08.2021 16:49:00,8.594,1267.456,1140.869,1291.107,1289.550,0.095,8.329
28.08.2021 16:49:01,8.692,1268.127,1140.106,1291.534,1289.398,0.131,8.424
28.08.2021 16:49:02,8.798,1269.256,1139.221,1291.900,1290.649,0.076,8.556
28.08.2021 16:49:03,8.896,1269.714,1138.702,1292.449,1290.527,0.117,8.620
28.08.2021 16:49:04,8.994,1270.568,1138.366,1293.212,1291.229,0.121,8.697
28.08.2021 16:49:05,9.092,1271.118,1137.115,1293.182,1291.839,0.082,8.818
28.08.2021 16:49:06,9.195,1271.881,1136.810,1293.914,1292.083,0.112,8.886
28.08.2021 16:49:07,9.293,1272.491,1136.230,1294.677,1292.999,0.102,8.965
28.08.2021 16:49:08,9.393,1273.346,1134.918,1294.769,1292.938,0.112,9.109
28.08.2021 16:49:09,9.494,1273.620,1134.460,1295.745,1293.853,0.115,9.158
28.08.2021 16:49:10,9.592,1274.810,1134.490,1295.837,1294.128,0.104,9.229
28.08.2021 16:49:11,9.695,1276.214,1133.239,1296.508,1295.043,0.089,9.403
28.08.2021 16:49:12,9.795,1276.825,1132.995,1296.996,1295.715,0.078,9.458
28.08.2021 16:49:13,9.896,1277.496,1132.263,1297.668,1295.593,0.126,9.551
28.08.2021 16:49:14,9.996,1278.716,1131.958,1298.217,1296.569,0.100,9.647
28.08.2021 16:49:15,10.092,1280.120,1131.591,1298.492,1297.332,0.070,9.760
28.08.2021 16:49:16,10.192,1280.212,1130.859,1299.377,1297.576,0.109,9.816
28.08.2021 16:49:18,10.293,1280.761,1129.821,1299.133,1297.943,0.072,9.923
28.08.2021 16:49:19,10.399,1281.585,1129.425,1299.713,1298.431,0.078,10.001
28.08.2021 16:49:20,10.494,1282.318,1127.868,1300.079,1298.461,0.098,10.155
28.08.2021 16:49:21,10.592,1283.386,1127.929,1300.933,1299.102,0.111,10.217
28.08.2021 16:49:22,10.692,1283.843,1126.770,1301.238,1299.652,0.096,10.326
28.08.2021 16:49:23,10.793,1284.637,1125.762,1301.360,1298.919,0.148,10.445
28.08.2021 16:49:24,10.896,1285.675,1125.396,1302.063,1300.354,0.104,10.535
28.08.2021 16:49:25,10.999,1287.170,1124.359,1302.978,1301.483,0.090,10.699
28.08.2021 16:49:26,11.094,1287.658,1123.504,1303.009,1301.635,0.083,10.789
28.08.2021 16:49:27,11.192,1287.902,1122.863,1303.192,1301.696,0.090,10.849
28.08.2021 16:49:28,11.298,1289.428,1121.978,1304.351,1302.551,0.109,11.004
28.08.2021 16:49:29,11.396,1289.947,1120.208,1304.321,1303.039,0.077,11.161
28.08.2021 16:49:30,11.494,1290.557,1119.720,1304.656,1303.344,0.079,11.232
28.08.2021 16:49:31,11.597,1292.633,1118.866,1305.206,1303.344,0.113,11.419
28.08.2021 16:49:32,11.692,1293.029,1117.797,1305.816,1304.290,0.092,11.519
28.08.2021 16:49:33,11.793,1293.975,1116.790,1306.335,1304.321,0.122,11.647
28.08.2021 16:49:34,11.896,1295.409,1115.661,1306.610,1305.297,0.079,11.814
28.08.2021 16:49:35,11.994,1295.898,1114.807,1307.220,1305.358,0.112,11.904
28.08.2021 16:49:36,12.094,1297.332,1113.952,1307.342,1305.755,0.096,12.052
28.08.2021 16:49:37,12.198,1298.828,1112.609,1308.227,1306.976,0.075,12.238
28.08.2021 16:49:38,12.293,1299.682,1111.969,1308.654,1306.488,0.131,12.335
28.08.2021 16:49:39,12.396,1300.994,1110.534,1308.563,1307.677,0.053,12.516
28.08.2021 16:49:40,12.499,1301.940,1108.947,1309.692,1307.891,0.109,12.686
28.08.2021 16:49:41,12.594,1302.795,1107.513,1309.570,1307.983,0.096,12.839
28.08.2021 16:49:42,12.695,1304.260,1107.208,1309.905,1308.441,0.088,12.950
28.08.2021 16:49:43,12.795,1305.755,1105.621,1310.394,1309.173,0.073,13.153
28.08.2021 16:49:44,12.904,1306.610,1103.851,1310.974,1309.692,0.077,13.330
28.08.2021 16:49:45,12.994,1307.800,1102.844,1311.523,1310.333,0.071,13.474
28.08.2021 16:49:46,13.094,1309.051,1101.593,1312.286,1310.302,0.119,13.638
28.08.2021 16:49:47,13.198,1309.875,1100.158,1312.103,1311.035,0.064,13.790
28.08.2021 16:49:48,13.295,1311.614,1099.029,1312.744,1311.706,0.062,13.975
28.08.2021 16:49:49,13.393,1312.988,1097.412,1313.537,1311.584,0.117,14.173
28.08.2021 16:49:50,13.494,1313.903,1096.466,1313.568,1312.469,0.066,14.296
28.08.2021 16:49:51,13.592,1314.636,1094.970,1314.392,1312.744,0.099,14.447
28.08.2021 16:49:52,13.700,1315.368,1092.803,1314.574,1312.561,0.121,14.646
28.08.2021 16:49:53,13.798,1315.856,1092.285,1314.849,1313.659,0.071,14.713
28.08.2021 16:49:54,13.893,1316.558,1090.728,1314.697,1313.842,0.051,14.867
28.08.2021 16:49:55,13.996,1317.779,1089.019,1314.758,1313.629,0.068,15.062
28.08.2021 16:49:56,14.097,1318.359,1086.944,1316.131,1313.934,0.132,15.247
28.08.2021 16:49:57,14.195,1319.396,1086.334,1316.009,1314.758,0.075,15.353
28.08.2021 16:49:58,14.298,1320.037,1084.777,1316.253,1315.063,0.071,15.503
28.08.2021 16:49:59,14.393,1320.129,1083.465,1317.321,1315.155,0.130,15.604
28.08.2021 16:50:00,14.494,1321.044,1081.695,1317.016,1315.551,0.088,15.786
28.08.2021 16:50:01,14.594,1320.800,1080.535,1317.535,1316.039,0.089,15.856
28.08.2021 16:50:02,14.692,1321.441,1079.376,1317.352,1316.497,0.051,15.978
28.08.2021 16:50:03,14.795,1321.838,1077.636,1318.145,1316.558,0.095,16.128
28.08.2021 16:50:04,14.893,1322.723,1076.324,1318.023,1316.925,0.066,16.276
28.08.2021 16:50:05,14.991,1323.333,1074.707,1318.695,1317.321,0.082,16.430
28.08.2021 16:50:06,15.094,1323.730,1074.157,1318.817,1317.321,0.089,16.494
28.08.2021 16:50:07,15.190,1323.944,1072.937,1319.244,1317.474,0.106,16.596
28.08.2021 16:50:08,15.293,1324.707,1071.319,1318.878,1318.084,0.047,16.759
28.08.2021 16:50:09,15.393,1324.859,1070.465,1319.580,1317.535,0.122,16.831
28.08.2021 16:50:10,15.494,1325.744,1068.756,1319.427,1318.206,0.073,17.008
28.08.2021 16:50:11,15.594,1325.988,1067.840,1319.305,1318.115,0.071,17.090
28.08.2021 16:50:12,15.695,1326.324,1066.497,1319.915,1318.054,0.111,17.208
28.08.2021 16:50:13,15.795,1327.087,1065.002,1320.007,1318.817,0.071,17.363
28.08.2021 16:50:14,15.896,1327.911,1063.873,1320.404,1318.817,0.095,17.495
28.08.2021 16:50:15,15.996,1328.063,1062.866,1320.037,1319.000,0.062,17.578
28.08.2021 16:50:16,16.107,1328.613,1061.096,1320.251,1318.206,0.122,17.740
28.08.2021 16:50:17,16.195,1329.223,1060.455,1320.922,1318.664,0.135,17.824
28.08.2021 16:50:18,16.293,1330.474,1059.143,1320.190,1319.640,0.032,17.994
28.08.2021 16:50:19,16.393,1330.810,1057.800,1320.495,1318.939,0.093,18.113
28.08.2021 16:50:20,16.491,1331.359,1056.732,1321.014,1319.732,0.076,18.224
28.08.2021 16:50:21,16.594,1332.244,1055.602,1320.709,1319.641,0.064,18.360
28.08.2021 16:50:22,16.698,1332.519,1053.497,1321.105,1319.152,0.117,18.532
28.08.2021 16:50:23,16.793,1332.946,1053.131,1321.167,1319.335,0.109,18.584
28.08.2021 16:50:24,16.896,1333.892,1051.666,1321.472,1319.854,0.097,18.749
28.08.2021 16:50:25,16.991,1334.503,1049.926,1321.411,1320.190,0.073,18.914
28.08.2021 16:50:26,17.092,1334.686,1048.370,1320.678,1319.335,0.080,19.040
28.08.2021 16:50:27,17.198,1335.449,1046.905,1321.350,1319.671,0.100,19.194
28.08.2021 16:50:28,17.295,1335.937,1045.349,1321.044,1319.183,0.111,19.339
28.08.2021 16:50:29,17.399,1336.791,1044.097,1321.228,1319.519,0.102,19.482
28.08.2021 16:50:30,17.499,1337.829,1042.724,1321.014,1319.671,0.080,19.645
28.08.2021 16:50:31,17.592,1338.378,1040.771,1321.136,1319.824,0.078,19.824
28.08.2021 16:50:32,17.698,1338.897,1039.123,1320.648,1319.000,0.098,19.977
28.08.2021 16:50:33,17.798,1338.989,1037.353,1320.587,1318.756,0.109,20.116
28.08.2021 16:50:34,17.896,1339.904,1036.193,1320.892,1318.389,0.150,20.256
28.08.2021 16:50:35,17.994,1340.637,1034.820,1320.739,1318.237,0.150,20.402
28.08.2021 16:50:36,18.094,1341.552,1032.531,1320.281,1318.237,0.122,20.628
28.08.2021 16:50:37,18.195,1341.735,1031.097,1320.098,1317.901,0.132,20.747
28.08.2021 16:50:38,18.293,1342.712,1029.113,1319.946,1318.298,0.098,20.953
28.08.2021 16:50:39,18.393,1344.055,1027.282,1319.976,1317.687,0.137,21.170
28.08.2021 16:50:40,18.494,1344.360,1026.031,1319.488,1317.596,0.113,21.282
28.08.2021 16:50:41,18.594,1344.970,1024.200,1319.183,1317.321,0.111,21.456
28.08.2021 16:50:42,18.695,1345.855,1021.728,1319.275,1317.169,0.126,21.696
28.08.2021 16:50:43,18.798,1346.282,1020.172,1318.908,1316.344,0.154,21.839
28.08.2021 16:50:44,18.893,1346.954,1018.585,1318.420,1316.558,0.111,21.998
28.08.2021 16:50:45,18.996,1347.991,1016.601,1318.481,1316.497,0.119,22.210
28.08.2021 16:50:46,19.094,1348.419,1015.594,1317.840,1315.429,0.145,22.311
28.08.2021 16:50:47,19.198,1348.907,1013.610,1318.084,1316.009,0.124,22.491
28.08.2021 16:50:48,19.293,1348.846,1011.444,1317.382,1314.849,0.152,22.654
28.08.2021 16:50:49,19.393,1349.975,1009.857,1317.138,1314.575,0.154,22.841
28.08.2021 16:50:50,19.491,1350.250,1008.209,1317.108,1314.758,0.141,22.983
28.08.2021 16:50:51,19.592,1351.013,1006.256,1316.833,1314.361,0.148,23.177
28.08.2021 16:50:52,19.692,1351.013,1004.516,1316.467,1313.629,0.171,23.312
28.08.2021 16:50:53,19.793,1350.921,1002.899,1315.734,1314.117,0.097,23.431
28.08.2021 16:50:54,19.896,1351.806,1000.854,1315.338,1313.232,0.126,23.640
28.08.2021 16:50:55,19.991,1352.081,999.389,1315.307,1312.316,0.180,23.769
28.08.2021 16:50:56,20.097,1352.447,997.131,1314.941,1312.713,0.134,23.966
28.08.2021 16:50:57,20.198,1352.538,995.666,1314.483,1311.706,0.167,24.085
28.08.2021 16:50:58,20.295,1352.691,994.110,1313.629,1311.126,0.151,24.214
28.08.2021 16:50:59,20.399,1352.874,991.515,1313.385,1310.669,0.164,24.427
28.08.2021 16:51:01,20.496,1352.996,990.570,1313.506,1310.089,0.206,24.508
28.08.2021 16:51:02,20.592,1353.271,989.196,1312.683,1309.783,0.175,24.631
28.08.2021 16:51:03,20.692,1353.332,987.884,1312.194,1309.600,0.156,24.737
28.08.2021 16:51:04,20.793,1353.210,986.145,1311.798,1308.959,0.171,24.866
28.08.2021 16:51:05,20.893,1353.332,984.191,1311.034,1308.135,0.175,25.026
28.08.2021 16:51:06,20.994,1353.485,982.421,1310.943,1308.074,0.173,25.174
28.08.2021 16:51:07,21.094,1353.363,980.590,1310.211,1308.319,0.114,25.311
28.08.2021 16:51:08,21.192,1353.088,980.132,1309.906,1307.678,0.134,25.332
28.08.2021 16:51:09,21.295,1353.302,977.691,1309.448,1307.067,0.144,25.536
28.08.2021 16:51:10,21.399,1353.454,976.318,1309.021,1305.786,0.196,25.653
28.08.2021 16:51:11,21.494,1353.698,975.128,1308.502,1305.877,0.159,25.762
28.08.2021 16:51:12,21.592,1353.057,973.815,1308.227,1304.901,0.201,25.829
28.08.2021 16:51:13,21.698,1352.783,972.656,1307.708,1305.023,0.162,25.905
28.08.2021 16:51:14,21.793,1353.698,970.581,1306.915,1304.321,0.157,26.122
28.08.2021 16:51:15,21.896,1353.393,969.360,1306.640,1303.680,0.179,26.202
28.08.2021 16:51:16,21.991,1353.393,967.773,1305.938,1303.405,0.153,26.328
28.08.2021 16:51:17,22.092,1353.423,966.735,1305.694,1302.459,0.196,26.412
28.08.2021 16:51:18,22.195,1352.905,965.637,1305.084,1302.490,0.157,26.470
28.08.2021 16:51:19,22.298,1353.668,964.202,1304.992,1302.154,0.172,26.628
28.08.2021 16:51:20,22.393,1353.820,962.646,1304.321,1300.842,0.211,26.761
28.08.2021 16:51:21,22.491,1353.118,961.578,1303.039,1300.292,0.167,26.807
28.08.2021 16:51:22,22.592,1353.393,960.235,1302.764,1299.865,0.176,26.930
28.08.2021 16:51:23,22.695,1353.088,958.679,1302.581,1298.980,0.219,27.037
28.08.2021 16:51:24,22.795,1353.912,957.519,1301.910,1298.980,0.178,27.177
28.08.2021 16:51:25,22.896,1353.881,956.054,1300.872,1298.401,0.150,27.293
28.08.2021 16:51:26,22.994,1354.431,954.986,1300.781,1297.515,0.199,27.410
28.08.2021 16:51:27,23.097,1353.942,953.369,1300.048,1296.905,0.191,27.513
28.08.2021 16:51:28,23.195,1354.065,952.148,1299.255,1296.173,0.188,27.618
28.08.2021 16:51:29,23.295,1354.278,951.385,1299.102,1295.745,0.205,27.692
28.08.2021 16:51:30,23.393,1354.339,949.768,1298.675,1295.623,0.186,27.826
28.08.2021 16:51:31,23.491,1354.827,948.242,1298.065,1294.677,0.207,27.977
28.08.2021 16:51:32,23.594,1355.193,946.289,1297.149,1293.945,0.195,28.156
28.08.2021 16:51:33,23.690,1355.224,944.976,1296.753,1293.731,0.184,28.265
28.08.2021 16:51:34,23.788,1355.072,943.450,1296.081,1293.457,0.160,28.380
28.08.2021 16:51:35,23.888,1355.682,941.925,1296.234,1292.541,0.226,28.539
28.08.2021 16:51:36,23.994,1355.591,939.910,1295.226,1292.205,0.185,28.698
28.08.2021 16:51:37,24.089,1356.201,938.934,1295.135,1291.564,0.218,28.812
28.08.2021 16:51:38,24.190,1356.109,937.072,1294.311,1290.954,0.205,28.959
28.08.2021 16:51:39,24.288,1356.536,935.211,1293.334,1290.191,0.192,29.135
28.08.2021 16:51:40,24.391,1356.628,933.837,1293.304,1289.672,0.222,29.253
28.08.2021 16:51:41,24.486,1356.811,932.128,1293.365,1289.275,0.250,29.403
28.08.2021 16:51:42,24.587,1357.727,930.633,1292.266,1289.031,0.198,29.578
28.08.2021 16:51:43,24.690,1356.811,928.771,1291.534,1288.421,0.191,29.679
28.08.2021 16:51:44,24.790,1357.757,927.032,1291.381,1287.902,0.213,29.876
28.08.2021 16:51:45,24.891,1358.001,925.872,1290.588,1287.689,0.178,29.985
28.08.2021 16:51:46,24.991,1357.940,924.346,1290.313,1287.017,0.202,30.108
28.08.2021 16:51:47,25.094,1358.093,922.485,1289.856,1286.529,0.204,30.270
28.08.2021 16:51:48,25.190,1358.642,921.050,1289.123,1286.376,0.169,30.420
28.08.2021 16:51:49,25.290,1358.764,919.464,1288.482,1285.827,0.163,30.558
28.08.2021 16:51:50,25.388,1358.673,918.060,1289.245,1285.583,0.225,30.670
28.08.2021 16:51:51,25.486,1358.093,916.564,1287.994,1285.217,0.171,30.761
28.08.2021 16:51:52,25.592,1358.032,915.405,1287.170,1284.759,0.148,30.854
28.08.2021 16:51:53,25.692,1357.574,913.421,1287.506,1284.057,0.212,30.994
28.08.2021 16:51:54,25.788,1357.757,912.567,1286.773,1283.569,0.197,31.076
28.08.2021 16:51:55,25.888,1357.910,911.315,1286.590,1283.386,0.197,31.189
28.08.2021 16:51:56,25.991,1357.238,909.820,1286.010,1282.867,0.193,31.276
28.08.2021 16:51:57,26.089,1357.025,908.416,1285.491,1282.959,0.156,31.382
28.08.2021 16:51:58,26.192,1357.910,906.982,1286.132,1282.257,0.239,31.552
28.08.2021 16:51:59,26.288,1356.506,906.067,1284.881,1281.982,0.178,31.550
28.08.2021 16:52:00,26.391,1357.055,904.541,1284.515,1281.738,0.171,31.709
28.08.2021 16:52:01,26.491,1356.689,902.954,1284.149,1281.158,0.184,31.822
28.08.2021 16:52:02,26.589,1356.262,901.977,1283.660,1280.761,0.179,31.880
28.08.2021 16:52:03,26.687,1355.743,900.970,1283.874,1280.364,0.216,31.936
28.08.2021 16:52:04,26.790,1355.804,899.658,1283.386,1279.968,0.211,32.050
28.08.2021 16:52:05,26.888,1355.224,898.162,1283.142,1279.357,0.234,32.144
28.08.2021 16:52:06,26.989,1354.736,896.942,1282.928,1278.930,0.247,32.220
28.08.2021 16:52:07,27.087,1354.248,895.935,1282.379,1278.625,0.232,32.278
28.08.2021 16:52:08,27.187,1354.278,894.042,1281.921,1278.198,0.230,32.440
28.08.2021 16:52:09,27.290,1354.065,893.035,1281.677,1278.228,0.213,32.514
28.08.2021 16:52:10,27.391,1353.088,891.662,1281.280,1277.862,0.211,32.576
28.08.2021 16:52:11,27.491,1352.661,890.258,1281.249,1277.282,0.245,32.672
28.08.2021 16:52:12,27.592,1352.234,888.793,1280.792,1276.641,0.257,32.773
28.08.2021 16:52:13,27.692,1352.295,887.664,1280.456,1276.580,0.240,32.872
28.08.2021 16:52:14,27.788,1351.776,886.505,1280.364,1276.519,0.238,32.942
28.08.2021 16:52:15,27.893,1350.830,885.253,1280.242,1275.848,0.272,32.996
28.08.2021 16:52:16,27.989,1350.799,883.911,1279.388,1275.359,0.249,33.110
28.08.2021 16:52:17,28.087,1349.975,882.904,1278.900,1275.390,0.217,33.150
28.08.2021 16:52:18,28.192,1349.273,882.385,1278.717,1274.963,0.232,33.155
28.08.2021 16:52:19,28.288,1349.639,881.225,1278.228,1274.719,0.217,33.275
28.08.2021 16:52:20,28.388,1348.419,879.699,1278.656,1273.895,0.295,33.338
28.08.2021 16:52:21,28.489,1348.052,878.753,1277.954,1273.742,0.261,33.399
28.08.2021 16:52:22,28.589,1347.778,877.807,1278.076,1273.742,0.269,33.465
28.08.2021 16:52:23,28.687,1346.924,876.495,1277.282,1272.735,0.282,33.530
28.08.2021 16:52:24,28.788,1347.015,876.464,1277.099,1273.101,0.248,33.538
28.08.2021 16:52:25,28.888,1346.679,874.603,1276.947,1272.338,0.286,33.680
28.08.2021 16:52:26,28.991,1346.130,873.687,1276.153,1272.003,0.258,33.728
28.08.2021 16:52:27,29.087,1345.977,872.772,1275.878,1272.033,0.239,33.799
28.08.2021 16:52:28,29.190,1345.214,871.063,1275.482,1270.812,0.290,33.905
28.08.2021 16:52:29,29.303,1344.696,869.934,1274.902,1270.721,0.260,33.973
28.08.2021 16:52:30,29.388,1344.573,868.957,1274.597,1270.355,0.264,34.051
28.08.2021 16:52:31,29.489,1344.085,867.431,1274.566,1270.111,0.277,34.157
28.08.2021 16:52:32,29.587,1343.597,866.363,1273.864,1269.958,0.243,34.222
28.08.2021 16:52:33,29.690,1343.231,865.020,1273.712,1269.317,0.273,34.319
28.08.2021 16:52:34,29.801,1343.078,863.403,1273.223,1268.676,0.283,34.452
28.08.2021 16:52:35,29.888,1342.437,862.335,1272.369,1267.852,0.281,34.509
28.08.2021 16:52:36,29.986,1342.285,860.656,1272.186,1267.455,0.295,34.648
28.08.2021 16:52:37,30.092,1342.010,859.222,1271.392,1266.845,0.283,34.758
28.08.2021 16:52:38,30.187,1341.918,858.093,1270.904,1266.326,0.285,34.852
28.08.2021 16:52:39,30.290,1341.918,856.048,1270.568,1265.838,0.295,35.032
28.08.2021 16:52:40,30.388,1340.881,854.705,1270.172,1265.533,0.289,35.092
28.08.2021 16:52:41,30.494,1341.186,853.179,1269.195,1264.587,0.288,35.244
28.08.2021 16:52:42,30.587,1341.186,851.623,1269.409,1264.221,0.324,35.381
28.08.2021 16:52:44,30.690,1340.820,849.639,1268.188,1263.580,0.288,35.536
28.08.2021 16:52:45,30.790,1340.636,848.754,1268.188,1263.336,0.303,35.604
28.08.2021 16:52:46,30.891,1339.569,847.198,1267.364,1262.237,0.321,35.682
28.08.2021 16:52:47,30.986,1339.263,845.703,1266.876,1262.237,0.290,35.798
28.08.2021 16:52:48,31.089,1339.080,844.116,1266.235,1261.169,0.317,35.929
28.08.2021 16:52:49,31.187,1338.470,843.078,1265.655,1260.345,0.333,35.987
28.08.2021 16:52:50,31.290,1337.707,841.400,1264.678,1260.040,0.291,36.094
28.08.2021 16:52:51,31.391,1337.493,839.782,1264.312,1258.941,0.337,36.227
28.08.2021 16:52:52,31.489,1337.066,838.806,1263.305,1258.850,0.279,36.290
28.08.2021 16:52:53,31.587,1336.486,837.036,1262.786,1257.995,0.301,36.416
28.08.2021 16:52:54,31.695,1335.296,835.876,1262.146,1256.866,0.332,36.453
28.08.2021 16:52:55,31.788,1334.625,834.503,1261.078,1255.767,0.334,36.539
28.08.2021 16:52:56,31.888,1334.045,833.190,1260.742,1255.279,0.344,36.624
28.08.2021 16:52:57,31.986,1333.221,831.481,1259.582,1254.455,0.323,36.732
28.08.2021 16:52:58,32.087,1332.488,830.505,1259.124,1253.875,0.331,36.779
28.08.2021 16:52:59,32.187,1332.427,828.887,1258.148,1253.112,0.317,36.922
28.08.2021 16:53:00,32.293,1330.383,826.904,1257.171,1251.983,0.327,36.986
28.08.2021 16:53:01,32.391,1330.230,825.531,1255.950,1251.281,0.295,37.102
28.08.2021 16:53:02,32.486,1329.162,824.432,1256.256,1250.213,0.382,37.142
28.08.2021 16:53:03,32.592,1328.185,823.150,1254.486,1249.267,0.330,37.203
28.08.2021 16:53:04,32.690,1326.690,821.228,1253.631,1248.260,0.340,37.294
28.08.2021 16:53:05,32.790,1326.354,820.434,1252.960,1247.375,0.353,37.347
28.08.2021 16:53:06,32.891,1324.615,819.366,1251.800,1246.093,0.362,37.346
28.08.2021 16:53:07,32.989,1323.852,816.833,1250.305,1245.361,0.313,37.535
28.08.2021 16:53:08,33.087,1322.998,815.979,1249.511,1244.628,0.310,37.565
28.08.2021 16:53:09,33.190,1321.594,814.361,1248.474,1243.011,0.347,37.634
28.08.2021 16:53:10,33.288,1320.892,812.652,1247.619,1242.034,0.355,37.751
28.08.2021 16:53:11,33.388,1319.457,811.126,1246.276,1241.180,0.324,37.811
28.08.2021 16:53:12,33.486,1317.840,809.112,1245.056,1240.142,0.313,37.905
28.08.2021 16:53:13,33.587,1317.321,807.983,1244.384,1238.525,0.373,37.980
28.08.2021 16:53:14,33.692,1315.948,806.640,1242.797,1237.396,0.345,38.026
28.08.2021 16:53:15,33.793,1314.880,804.962,1241.760,1236.053,0.364,38.121
28.08.2021 16:53:16,33.899,1313.018,803.558,1240.203,1234.466,0.367,38.145
28.08.2021 16:53:17,33.986,1312.805,802.337,1238.433,1233.062,0.344,38.247
28.08.2021 16:53:18,34.100,1310.974,800.415,1237.609,1231.780,0.374,38.322
28.08.2021 16:53:19,34.195,1309.539,799.346,1236.663,1230.529,0.394,38.339
28.08.2021 16:53:20,34.290,1308.349,797.637,1234.466,1229.644,0.310,38.431
28.08.2021 16:53:21,34.404,1306.701,796.142,1233.520,1227.905,0.361,38.477
28.08.2021 16:53:22,34.486,1305.389,794.952,1232.147,1226.532,0.361,38.514
28.08.2021 16:53:23,34.587,1304.473,793.395,1230.346,1224.945,0.348,38.608
28.08.2021 16:53:24,34.692,1302.551,792.266,1228.546,1223.419,0.331,38.604
28.08.2021 16:53:25,34.788,1301.086,790.588,1226.745,1221.801,0.319,38.678
28.08.2021 16:53:26,34.891,1300.536,789.154,1225.646,1220.398,0.340,38.782
28.08.2021 16:53:27,34.991,1298.523,787.902,1223.999,1218.841,0.334,38.785
28.08.2021 16:53:28,35.094,1297.363,786.590,1222.717,1217.346,0.348,38.842
28.08.2021 16:53:29,35.187,1296.356,784.851,1221.252,1215.454,0.377,38.949
28.08.2021 16:53:30,35.293,1294.372,783.294,1219.116,1214.599,0.294,38.983
28.08.2021 16:53:31,35.391,1293.274,781.463,1217.895,1212.799,0.332,39.094
28.08.2021 16:53:32,35.486,1292.266,780.181,1216.888,1211.029,0.382,39.158
28.08.2021 16:53:33,35.589,1290.588,778.625,1214.996,1210.083,0.321,39.210
28.08.2021 16:53:34,35.692,1289.734,777.099,1213.073,1207.702,0.351,39.307
28.08.2021 16:53:35,35.788,1288.330,775.848,1211.791,1206.146,0.370,39.346
28.08.2021 16:53:36,35.888,1287.078,774.108,1210.022,1204.925,0.334,39.440
28.08.2021 16:53:37,35.986,1286.010,772.521,1209.106,1203.186,0.388,39.531
28.08.2021 16:53:38,36.092,1284.942,770.874,1207.244,1201.721,0.363,39.628
28.08.2021 16:53:39,36.195,1283.630,769.378,1205.657,1200.134,0.363,39.696
28.08.2021 16:53:40,36.293,1282.592,767.333,1204.010,1198.547,0.360,39.834
28.08.2021 16:53:41,36.391,1281.616,765.960,1201.812,1197.113,0.310,39.910
28.08.2021 16:53:42,36.491,1279.968,763.916,1200.592,1195.770,0.318,40.013
28.08.2021 16:53:43,36.589,1278.991,762.298,1199.066,1193.695,0.355,40.114
28.08.2021 16:53:44,36.687,1277.557,760.559,1196.899,1192.169,0.313,40.200
28.08.2021 16:53:45,36.790,1276.550,758.117,1195.404,1190.429,0.330,40.380
28.08.2021 16:53:46,36.891,1274.597,756.622,1193.664,1189.208,0.296,40.413
28.08.2021 16:53:47,36.996,1273.590,754.791,1191.894,1187.652,0.282,40.534
28.08.2021 16:53:48,37.097,1272.002,753.051,1190.429,1185.791,0.309,40.612
28.08.2021 16:53:49,37.192,1270.538,751.831,1188.690,1184.173,0.301,40.647
28.08.2021 16:53:50,37.288,1269.439,750.000,1187.072,1182.372,0.314,40.763
28.08.2021 16:53:51,37.399,1267.059,747.436,1185.272,1180.389,0.327,40.878
28.08.2021 16:53:52,37.491,1265.685,746.063,1183.349,1178.741,0.309,40.934
28.08.2021 16:53:53,37.587,1264.770,744.171,1181.762,1177.337,0.297,41.068
28.08.2021 16:53:54,37.690,1262.695,742.553,1179.809,1175.994,0.256,41.107
28.08.2021 16:53:55,37.788,1261.169,740.631,1178.558,1174.530,0.271,41.209
28.08.2021 16:53:56,37.899,1259.552,739.013,1176.849,1172.119,0.319,41.276
28.08.2021 16:53:57,37.989,1257.751,737.335,1175.262,1170.532,0.319,41.338
28.08.2021 16:53:58,38.094,1256.256,734.893,1173.187,1168.670,0.305,41.496
28.08.2021 16:53:59,38.192,1254.333,732.757,1171.630,1167.175,0.301,41.597
28.08.2021 16:54:00,38.293,1252.868,732.025,1169.891,1165.588,0.291,41.585
28.08.2021 16:54:01,38.393,1251.464,730.102,1168.823,1164.031,0.325,41.696
28.08.2021 16:54:02,38.499,1249.298,728.088,1166.595,1161.987,0.313,41.772
28.08.2021 16:54:03,38.589,1246.734,726.287,1164.276,1160.430,0.262,41.803
28.08.2021 16:54:04,38.698,1245.788,724.151,1163.574,1159.118,0.304,41.964
28.08.2021 16:54:05,38.795,1243.713,722.900,1161.316,1157.318,0.273,41.969
28.08.2021 16:54:06,38.896,1241.760,720.794,1159.515,1155.731,0.259,42.068
28.08.2021 16:54:07,38.991,1239.715,718.475,1157.745,1153.594,0.284,42.184
28.08.2021 16:54:08,39.092,1237.670,716.857,1155.853,1151.733,0.282,42.228
28.08.2021 16:54:09,39.187,1235.961,715.026,1154.174,1150.787,0.232,42.315
28.08.2021 16:54:10,39.288,1233.795,713.439,1152.893,1148.803,0.281,42.349
28.08.2021 16:54:11,39.396,1231.689,711.120,1150.573,1146.606,0.273,42.463
28.08.2021 16:54:12,39.489,1230.102,709.014,1148.712,1145.324,0.234,42.587
28.08.2021 16:54:13,39.594,1227.477,707.641,1147.308,1142.944,0.301,42.572
28.08.2021 16:54:14,39.690,1226.226,705.810,1145.538,1142.273,0.226,42.688
28.08.2021 16:54:15,39.793,1223.968,703.826,1144.165,1140.106,0.281,42.759
28.08.2021 16:54:16,39.888,1221.771,702.178,1141.815,1137.908,0.271,42.799
28.08.2021 16:54:17,39.989,1219.818,700.317,1139.770,1136.230,0.246,42.877
28.08.2021 16:54:18,40.087,1217.559,698.486,1138.183,1134.033,0.289,42.933
28.08.2021 16:54:19,40.192,1215.179,696.441,1135.772,1132.843,0.204,43.004
28.08.2021 16:54:20,40.293,1213.317,694.763,1134.704,1130.462,0.296,43.069
28.08.2021 16:54:21,40.388,1210.937,692.993,1132.507,1129.302,0.224,43.112
28.08.2021 16:54:22,40.499,1208.496,691.345,1130.493,1127.136,0.235,43.139
28.08.2021 16:54:23,40.587,1206.787,689.239,1128.662,1125.213,0.242,43.259
28.08.2021 16:54:24,40.687,1204.712,688.201,1127.502,1124.267,0.227,43.243
28.08.2021 16:54:25,40.795,1202.819,686.126,1125.518,1121.948,0.251,43.349
28.08.2021 16:54:27,40.888,1201.293,684.722,1123.932,1120.727,0.226,43.406
28.08.2021 16:54:28,40.994,1199.096,683.441,1122.344,1118.957,0.239,43.409
28.08.2021 16:54:29,41.097,1197.509,681.427,1120.208,1117.218,0.211,43.528
28.08.2021 16:54:30,41.187,1195.037,679.992,1118.927,1115.295,0.257,43.531
28.08.2021 16:54:31,41.290,1192.871,678.375,1116.943,1114.074,0.203,43.573
28.08.2021 16:54:32,41.391,1191.589,676.757,1115.600,1112.213,0.240,43.669
28.08.2021 16:54:33,41.486,1189.849,675.384,1113.494,1110.595,0.206,43.711
28.08.2021 16:54:34,41.594,1188.018,673.919,1111.724,1108.795,0.209,43.757
28.08.2021 16:54:35,41.690,1185.943,671.691,1110.382,1107.055,0.237,43.871
28.08.2021 16:54:36,41.790,1184.448,670.257,1108.398,1105.621,0.198,43.935
28.08.2021 16:54:37,41.888,1183.624,668.640,1106.933,1103.546,0.242,44.061
28.08.2021 16:54:38,41.996,1180.938,666.656,1105.224,1101.684,0.254,44.112
28.08.2021 16:54:39,42.087,1179.443,665.100,1102.996,1100.128,0.206,44.191
28.08.2021 16:54:40,42.192,1177.734,663.055,1101.409,1098.510,0.208,44.310
28.08.2021 16:54:41,42.288,1176.055,662.353,1099.792,1096.649,0.226,44.283
28.08.2021 16:54:42,42.391,1174.560,660.125,1098.083,1095.398,0.194,44.436
28.08.2021 16:54:43,42.491,1172.454,658.477,1096.191,1093.109,0.223,44.487
28.08.2021 16:54:44,42.597,1171.447,656.707,1094.726,1091.644,0.223,44.621
28.08.2021 16:54:45,42.687,1170.166,654.724,1092.651,1089.996,0.192,44.762
28.08.2021 16:54:46,42.790,1168.151,653.198,1091.827,1088.348,0.252,44.806
28.08.2021 16:54:47,42.891,1166.748,651.397,1089.263,1086.212,0.222,44.920
28.08.2021 16:54:48,42.986,1164.672,649.475,1087.646,1084.442,0.233,45.006
28.08.2021 16:54:49,43.089,1163.421,648.254,1085.540,1082.336,0.234,45.064
28.08.2021 16:54:50,43.187,1161.041,646.118,1083.618,1080.993,0.192,45.156
28.08.2021 16:54:51,43.290,1159.606,644.683,1081.939,1079.223,0.199,45.227
28.08.2021 16:54:52,43.393,1157.348,643.035,1079.498,1076.995,0.183,45.272
28.08.2021 16:54:53,43.489,1155.761,640.808,1077.911,1075.072,0.208,45.424
28.08.2021 16:54:54,43.589,1153.411,639.495,1076.538,1073.425,0.229,45.426
28.08.2021 16:54:55,43.692,1151.458,638.031,1074.005,1071.594,0.178,45.469
28.08.2021 16:54:56,43.793,1149.383,636.291,1072.326,1069.458,0.212,45.536
28.08.2021 16:54:57,43.888,1148.162,634.552,1070.678,1067.962,0.201,45.658
28.08.2021 16:54:58,43.996,1145.873,632.843,1068.328,1065.765,0.190,45.709
28.08.2021 16:54:59,44.089,1143.920,630.584,1066.497,1063.476,0.224,45.845
28.08.2021 16:55:00,44.187,1141.296,629.180,1064.483,1062.042,0.181,45.840
28.08.2021 16:55:01,44.290,1138.885,627.807,1062.072,1059.844,0.166,45.845
28.08.2021 16:55:02,44.391,1136.413,626.129,1059.661,1057.190,0.185,45.882
28.08.2021 16:55:03,44.489,1134.216,624.359,1058.105,1055.450,0.199,45.947
28.08.2021 16:55:04,44.589,1131.805,622.192,1055.236,1052.978,0.169,46.044
28.08.2021 16:55:05,44.690,1129.485,620.910,1053.802,1051.177,0.197,46.045
28.08.2021 16:55:06,44.803,1127.227,619.415,1051.330,1049.102,0.168,46.075
28.08.2021 16:55:07,44.896,1125.305,617.645,1049.621,1047.149,0.186,46.159
28.08.2021 16:55:08,44.986,1123.321,616.210,1047.119,1045.379,0.131,46.199
28.08.2021 16:55:09,45.092,1120.605,614.685,1044.891,1042.907,0.150,46.204
28.08.2021 16:55:10,45.187,1117.675,612.365,1042.236,1040.496,0.132,46.288
28.08.2021 16:55:11,45.295,1115.783,611.022,1040.374,1038.360,0.153,46.324
28.08.2021 16:55:12,45.388,1113.494,609.375,1038.085,1036.224,0.142,46.371
28.08.2021 16:55:13,45.491,1110.504,607.147,1035.797,1033.325,0.189,46.442
28.08.2021 16:55:14,45.592,1108.459,606.292,1033.752,1031.707,0.156,46.410
28.08.2021 16:55:15,45.695,1105.957,604.644,1030.822,1029.083,0.133,46.444
28.08.2021 16:55:16,45.790,1103.515,603.332,1029.174,1026.855,0.178,46.441
28.08.2021 16:55:17,45.891,1100.921,601.318,1026.519,1025.207,0.101,46.513
28.08.2021 16:55:18,45.991,1098.663,599.945,1024.749,1022.491,0.174,46.529
28.08.2021 16:55:19,46.087,1096.527,599.090,1022.033,1020.507,0.118,46.492
28.08.2021 16:55:20,46.187,1094.451,597.625,1020.324,1018.279,0.158,46.532
28.08.2021 16:55:21,46.301,1091.247,595.916,1017.852,1015.808,0.159,46.527
28.08.2021 16:55:22,46.391,1089.111,594.360,1015.411,1013.671,0.135,46.574
28.08.2021 16:55:23,46.491,1086.547,592.590,1013.854,1012.176,0.131,46.620
28.08.2021 16:55:24,46.587,1084.350,591.766,1011.413,1009.613,0.141,46.574
28.08.2021 16:55:25,46.690,1081.573,590.118,1008.666,1007.293,0.107,46.590
28.08.2021 16:55:26,46.790,1079.742,588.745,1006.805,1004.943,0.146,46.636
28.08.2021 16:55:27,46.888,1076.599,587.066,1004.150,1002.105,0.161,46.632
28.08.2021 16:55:28,46.986,1075.012,586.090,1002.136,1000.335,0.142,46.645
28.08.2021 16:55:29,47.092,1072.662,585.052,999.694,997.680,0.159,46.615
28.08.2021 16:55:30,47.187,1070.312,583.770,997.863,996.124,0.138,46.615
28.08.2021 16:55:31,47.293,1067.840,581.817,995.056,993.743,0.104,46.691
28.08.2021 16:55:32,47.401,1065.795,580.810,992.614,991.210,0.112,46.677
28.08.2021 16:55:33,47.489,1063.781,579.589,990.936,989.196,0.139,46.693
28.08.2021 16:55:34,47.587,1061.126,578.399,988.281,986.968,0.105,46.660
28.08.2021 16:55:35,47.692,1058.654,577.056,985.443,984.314,0.090,46.660
28.08.2021 16:55:36,47.793,1056.915,575.531,983.490,981.994,0.120,46.732
28.08.2021 16:55:37,47.893,1054.260,574.340,980.957,979.186,0.143,46.700
28.08.2021 16:55:38,47.989,1052.490,572.509,978.301,977.447,0.069,46.810
28.08.2021 16:55:39,48.087,1050.018,570.861,976.440,974.853,0.128,46.848
28.08.2021 16:55:40,48.187,1048.156,570.159,974.029,972.473,0.126,46.809
28.08.2021 16:55:41,48.290,1045.837,568.450,971.710,970.428,0.104,46.866
28.08.2021 16:55:42,48.391,1043.457,567.565,969.055,967.864,0.097,46.814
28.08.2021 16:55:43,48.489,1041.473,565.917,966.491,965.698,0.065,46.886
28.08.2021 16:55:44,48.587,1039.611,564.605,964.233,962.860,0.112,46.925
28.08.2021 16:55:45,48.687,1037.200,562.835,961.914,961.151,0.062,46.984
28.08.2021 16:55:46,48.795,1034.759,561.035,959.136,957.885,0.103,47.045
28.08.2021 16:55:47,48.888,1032.928,560.150,957.092,956.085,0.083,47.031
28.08.2021 16:55:48,48.986,1030.639,558.898,954.742,954.009,0.060,47.033
28.08.2021 16:55:49,49.087,1028.686,557.678,952.117,951.507,0.050,47.053
28.08.2021 16:55:50,49.192,1026.031,555.480,949.401,948.547,0.071,47.152
28.08.2021 16:55:51,49.290,1023.803,554.290,946.899,946.319,0.048,47.150
28.08.2021 16:55:52,49.388,1021.606,552.764,944.549,943.878,0.056,47.194
28.08.2021 16:55:53,49.489,1018.951,552.032,942.108,941.314,0.066,47.102
28.08.2021 16:55:54,49.600,1017.120,550.201,939.636,939.147,0.041,47.212
28.08.2021 16:55:55,49.690,1014.251,548.889,937.164,936.401,0.064,47.180
28.08.2021 16:55:56,49.790,1012.145,547.515,934.753,934.845,-0.007,47.211
28.08.2021 16:55:57,49.891,1009.918,545.928,931.854,931.823,0.002,47.261
28.08.2021 16:55:58,49.991,1006.988,544.433,929.321,929.992,-0.057,47.250
28.08.2021 16:55:59,50.089,1005.035,542.938,926.940,927.276,-0.028,47.308
28.08.2021 16:56:00,50.190,1002.655,541.809,924.713,924.804,-0.007,47.287
28.08.2021 16:56:01,50.295,999.694,540.222,921.569,922.271,-0.060,47.286
28.08.2021 16:56:02,50.388,997.161,538.696,919.311,919.586,-0.023,47.307
28.08.2021 16:56:03,50.489,994.720,537.139,917.022,917.083,-0.005,47.338
28.08.2021 16:56:04,50.587,992.126,535.614,914.733,915.100,-0.031,47.355
28.08.2021 16:56:05,50.687,990.295,534.210,912.261,912.811,-0.047,47.411
28.08.2021 16:56:06,50.793,987.060,532.653,909.637,910.064,-0.037,47.386
28.08.2021 16:56:07,50.888,984.771,531.219,907.714,908.172,-0.039,47.413
28.08.2021 16:56:08,50.989,982.086,529.510,905.090,905.609,-0.045,47.448
28.08.2021 16:56:09,51.092,979.827,528.381,902.832,902.832,0.000,47.436
28.08.2021 16:56:11,51.190,977.203,527.191,900.085,900.970,-0.077,47.405
28.08.2021 16:56:12,51.288,975.097,525.421,898.132,898.681,-0.048,47.492
28.08.2021 16:56:13,51.391,972.473,524.230,895.385,896.881,-0.132,47.462
28.08.2021 16:56:14,51.486,970.520,522.888,893.341,894.500,-0.102,47.502
28.08.2021 16:56:15,51.589,967.926,521.270,891.204,892.272,-0.094,47.532
28.08.2021 16:56:16,51.692,965.667,519.897,888.671,890.167,-0.133,47.554
28.08.2021 16:56:17,51.788,963.317,518.615,887.023,888.336,-0.117,47.556
28.08.2021 16:56:18,51.891,960.815,517.120,884.338,885.894,-0.139,47.577
28.08.2021 16:56:19,51.989,958.191,515.899,882.537,883.697,-0.104,47.550
28.08.2021 16:56:20,52.087,956.115,514.678,880.310,881.500,-0.107,47.564
28.08.2021 16:56:21,52.187,954.040,513.397,878.723,879.821,-0.099,47.588
28.08.2021 16:56:22,52.288,951.568,512.176,875.915,877.899,-0.179,47.572
28.08.2021 16:56:23,52.393,948.547,509.887,873.382,875.305,-0.174,47.666
28.08.2021 16:56:24,52.496,946.075,508.850,871.337,873.046,-0.155,47.625
28.08.2021 16:56:25,52.587,944.305,508.239,869.567,871.551,-0.180,47.576
28.08.2021 16:56:26,52.687,941.680,506.042,867.645,869.598,-0.178,47.688
28.08.2021 16:56:27,52.788,939.026,505.493,865.570,867.889,-0.212,47.563
28.08.2021 16:56:28,52.891,937.469,503.601,863.372,865.142,-0.162,47.713
28.08.2021 16:56:29,52.989,934.661,502.441,861.419,863.555,-0.196,47.663
28.08.2021 16:56:30,53.087,931.976,500.885,858.856,861.389,-0.233,47.679
28.08.2021 16:56:31,53.190,929.168,499.725,856.872,859.405,-0.233,47.629
28.08.2021 16:56:32,53.293,927.490,497.955,854.736,857.849,-0.288,47.754
28.08.2021 16:56:33,53.391,924.804,496.704,852.783,855.621,-0.263,47.727
28.08.2021 16:56:34,53.491,922.149,495.269,850.677,853.698,-0.280,47.728
28.08.2021 16:56:35,53.592,920.318,493.682,848.693,851.104,-0.224,47.816
28.08.2021 16:56:36,53.692,917.724,492.523,846.252,849.395,-0.293,47.782
28.08.2021 16:56:37,53.790,915.405,491.088,844.116,847.259,-0.294,47.810
28.08.2021 16:56:38,53.891,913.360,489.837,842.132,844.940,-0.263,47.833
28.08.2021 16:56:39,53.989,911.132,488.464,839.782,842.895,-0.293,47.859
28.08.2021 16:56:40,54.087,908.660,487.030,838.104,840.911,-0.265,47.875
28.08.2021 16:56:41,54.187,906.463,485.717,835.937,839.294,-0.317,47.895
28.08.2021 16:56:42,54.290,904.266,483.428,834.014,837.188,-0.300,48.060
28.08.2021 16:56:43,54.388,901.580,482.513,831.817,834.869,-0.290,47.983
28.08.2021 16:56:44,54.489,899.810,481.048,829.742,832.885,-0.299,48.060
28.08.2021 16:56:45,54.587,897.705,479.278,827.667,830.841,-0.303,48.157
28.08.2021 16:56:46,54.687,895.294,478.210,825.531,828.460,-0.280,48.124
28.08.2021 16:56:47,54.788,893.310,476.654,823.181,826.751,-0.342,48.199
28.08.2021 16:56:48,54.893,890.594,475.006,820.739,824.279,-0.341,48.229
28.08.2021 16:56:49,54.989,888.824,473.480,818.756,822.235,-0.335,48.317
28.08.2021 16:56:50,55.092,885.589,472.045,816.131,819.427,-0.319,48.273
28.08.2021 16:56:51,55.187,883.941,470.611,814.239,817.443,-0.311,48.358
28.08.2021 16:56:52,55.288,881.317,468.444,812.072,815.643,-0.347,48.476
28.08.2021 16:56:53,55.388,879.608,467.163,810.089,813.598,-0.342,48.533
28.08.2021 16:56:54,55.489,877.166,465.698,808.105,811.523,-0.334,48.559
28.08.2021 16:56:55,55.587,875.335,464.263,805.755,809.204,-0.338,48.631
28.08.2021 16:56:56,55.703,872.863,462.524,803.894,807.006,-0.306,48.697
28.08.2021 16:56:57,55.798,870.513,461.151,801.177,804.626,-0.340,48.717
28.08.2021 16:56:58,55.891,868.347,459.381,799.163,802.703,-0.350,48.814
28.08.2021 16:56:59,55.996,865.936,457.641,796.905,800.445,-0.351,48.887
28.08.2021 16:57:00,56.089,863.555,456.024,794.433,798.156,-0.370,48.943
28.08.2021 16:57:01,56.187,861.785,454.498,792.510,795.837,-0.331,49.036
28.08.2021 16:57:02,56.290,859.130,452.850,790.344,793.884,-0.354,49.075
28.08.2021 16:57:03,56.388,857.360,451.202,788.574,792.114,-0.354,49.189
28.08.2021 16:57:04,56.486,854.644,449.890,786.376,789.733,-0.337,49.170
28.08.2021 16:57:05,56.594,852.416,448.089,784.118,787.780,-0.369,49.270
28.08.2021 16:57:06,56.692,849.914,446.258,782.104,785.339,-0.327,49.353
28.08.2021 16:57:07,56.803,849.121,445.251,780.242,783.782,-0.358,49.448
28.08.2021 16:57:08,56.888,845.947,442.993,777.770,781.036,-0.331,49.544
28.08.2021 16:57:09,56.986,843.078,442.077,775.695,779.083,-0.345,49.449
28.08.2021 16:57:10,57.094,841.369,440.124,772.979,776.794,-0.390,49.620
28.08.2021 16:57:11,57.187,838.836,438.964,770.935,774.658,-0.381,49.593
28.08.2021 16:57:12,57.288,836.578,437.255,768.890,773.101,-0.432,49.679
28.08.2021 16:57:13,57.391,834.167,435.485,766.845,770.019,-0.327,49.763
28.08.2021 16:57:14,57.489,830.780,433.776,763.916,768.096,-0.432,49.753
28.08.2021 16:57:15,57.589,829.315,432.281,761.962,765.472,-0.364,49.874
28.08.2021 16:57:16,57.687,826.904,431.457,760.101,764.007,-0.406,49.802
28.08.2021 16:57:17,57.793,824.615,429.199,757.446,761.047,-0.375,49.979
28.08.2021 16:57:18,57.891,821.502,427.551,755.310,759.490,-0.437,49.984
28.08.2021 16:57:19,57.989,819.580,425.964,752.960,756.774,-0.400,50.082
28.08.2021 16:57:20,58.087,817.230,424.865,750.976,754.730,-0.395,50.061
28.08.2021 16:57:21,58.192,814.331,422.973,747.955,752.288,-0.457,50.126
28.08.2021 16:57:22,58.288,812.591,421.203,746.307,749.725,-0.362,50.273
28.08.2021 16:57:23,58.393,809.387,419.738,743.713,747.528,-0.405,50.239
28.08.2021 16:57:24,58.489,807.434,417.846,741.394,745.086,-0.393,50.389
28.08.2021 16:57:25,58.587,805.023,416.809,739.044,743.072,-0.430,50.353
28.08.2021 16:57:26,58.687,802.215,415.222,736.907,740.997,-0.438,50.376
28.08.2021 16:57:27,58.793,799.987,413.848,734.222,738.006,-0.407,50.414
28.08.2021 16:57:28,58.891,797.119,411.834,731.811,735.961,-0.448,50.505
28.08.2021 16:57:29,58.989,795.074,410.797,729.766,733.642,-0.419,50.502
28.08.2021 16:57:30,59.087,792.999,409.271,727.264,731.445,-0.454,50.581
28.08.2021 16:57:31,59.187,789.306,407.623,724.853,728.851,-0.435,50.536
28.08.2021 16:57:32,59.290,787.445,406.402,722.534,726.379,-0.420,50.581
28.08.2021 16:57:33,59.393,784.301,404.235,719.848,723.510,-0.402,50.677
28.08.2021 16:57:34,59.491,782.073,402.923,717.712,721.649,-0.433,50.706
28.08.2021 16:57:35,59.589,779.785,401.214,715.148,719.360,-0.465,50.800
28.08.2021 16:57:36,59.692,776.977,399.749,712.463,716.430,-0.440,50.804
28.08.2021 16:57:37,59.790,774.169,398.132,709.625,713.958,-0.482,50.834
28.08.2021 16:57:38,59.888,771.575,396.484,707.763,711.334,-0.398,50.891
28.08.2021 16:57:39,59.986,768.768,394.958,705.047,709.045,-0.448,50.906
