# Sensor: ADPD2140, Rotationstage: ELL18M
Datetime,Stage Angle,xL,xR,yL,yR,X,Y
28.08.2021 17:20:56,-60.004,834.289,824.188,500.701,927.154,-47.332,0.965
28.08.2021 17:20:57,-59.906,838.836,827.880,502.197,929.779,-47.321,1.041
28.08.2021 17:20:58,-59.798,840.545,830.200,503.417,931.030,-47.242,0.981
28.08.2021 17:20:59,-59.693,844.146,833.770,504.821,934.082,-47.278,0.980
28.08.2021 17:21:00,-59.595,848.480,838.134,506.988,936.676,-47.169,0.972
28.08.2021 17:21:01,-59.497,852.264,841.918,508.544,940.063,-47.208,0.967
28.08.2021 17:21:03,-59.406,855.102,844.665,510.131,942.657,-47.182,0.973
28.08.2021 17:21:04,-59.308,858.093,848.052,511.077,944.702,-47.205,0.932
28.08.2021 17:21:05,-59.193,860.809,850.006,512.573,945.953,-47.089,1.000
28.08.2021 17:21:06,-59.100,864.105,853.576,513.763,948.913,-47.147,0.971
28.08.2021 17:21:07,-59.002,866.638,857.208,515.777,951.934,-47.094,0.866
28.08.2021 17:21:08,-58.896,870.330,860.473,517.700,953.949,-46.978,0.902
28.08.2021 17:21:09,-58.798,874.572,864.257,519.805,957.855,-46.980,0.940
28.08.2021 17:21:10,-58.703,876.312,865.844,520.111,959.014,-47.025,0.952
28.08.2021 17:21:11,-58.597,878.692,868.591,521.667,961.242,-46.977,0.916
28.08.2021 17:21:12,-58.499,882.934,872.863,523.742,965.209,-46.988,0.908
28.08.2021 17:21:13,-58.401,885.833,875.549,525.726,967.346,-46.874,0.925
28.08.2021 17:21:14,-58.301,888.702,878.417,527.038,969.879,-46.883,0.922
28.08.2021 17:21:15,-58.198,891.143,881.439,528.442,972.106,-46.857,0.867
28.08.2021 17:21:16,-58.100,892.852,883.178,529.144,974.212,-46.917,0.863
28.08.2021 17:21:17,-57.999,895.263,885.437,531.066,975.952,-46.784,0.874
28.08.2021 17:21:18,-57.904,898.590,889.038,533.325,979.705,-46.755,0.846
28.08.2021 17:21:19,-57.798,901.062,890.960,534.179,981.719,-46.787,0.893
28.08.2021 17:21:20,-57.700,902.526,893.524,535.736,984.161,-46.756,0.794
28.08.2021 17:21:21,-57.597,904.693,895.904,536.987,986.297,-46.745,0.773
28.08.2021 17:21:22,-57.504,906.463,897.552,538.696,988.708,-46.691,0.782
28.08.2021 17:21:23,-57.406,908.355,899.322,540.191,990.783,-46.642,0.791
28.08.2021 17:21:24,-57.303,910.797,902.007,541.717,993.743,-46.654,0.768
28.08.2021 17:21:25,-57.205,912.658,903.961,542.663,995.483,-46.655,0.758
28.08.2021 17:21:26,-57.100,913.452,904.724,543.731,996.856,-46.612,0.760
28.08.2021 17:21:27,-57.004,916.046,907.226,545.410,999.786,-46.601,0.766
28.08.2021 17:21:28,-56.904,917.907,909.149,546.752,1002.624,-46.628,0.759
28.08.2021 17:21:29,-56.803,920.043,911.621,548.095,1004.913,-46.616,0.728
28.08.2021 17:21:30,-56.708,921.112,912.933,549.591,1006.988,-46.568,0.706
28.08.2021 17:21:31,-56.597,922.973,914.886,550.445,1008.453,-46.561,0.697
28.08.2021 17:21:32,-56.492,925.506,917.236,551.788,1011.260,-46.586,0.711
28.08.2021 17:21:33,-56.396,927.154,918.884,552.917,1013.305,-46.584,0.709
28.08.2021 17:21:34,-56.306,929.321,920.410,554.809,1015.106,-46.465,0.763
28.08.2021 17:21:35,-56.208,931.732,923.736,556.060,1018.920,-46.574,0.682
28.08.2021 17:21:36,-56.107,934.722,925.536,557.342,1020.721,-46.535,0.782
28.08.2021 17:21:37,-56.002,936.859,928.314,559.265,1023.284,-46.467,0.726
28.08.2021 17:21:38,-55.901,938.964,930.114,560.119,1025.024,-46.479,0.750
28.08.2021 17:21:39,-55.806,942.566,933.349,561.798,1027.923,-46.467,0.778
28.08.2021 17:21:40,-55.693,943.450,934.905,562.805,1030.181,-46.497,0.720
28.08.2021 17:21:41,-55.600,946.197,937.316,564.270,1032.623,-46.480,0.747
28.08.2021 17:21:42,-55.507,950.347,941.528,565.979,1035.583,-46.468,0.738
28.08.2021 17:21:43,-55.399,952.423,942.932,567.108,1037.750,-46.475,0.793
28.08.2021 17:21:44,-55.303,955.688,946.685,568.878,1040.740,-46.458,0.749
28.08.2021 17:21:45,-55.205,958.526,949.493,569.702,1042.816,-46.497,0.750
28.08.2021 17:21:46,-55.095,960.479,951.446,570.861,1045.349,-46.526,0.748
28.08.2021 17:21:47,-55.002,965.454,956.207,572.631,1048.736,-46.536,0.762
28.08.2021 17:21:48,-54.899,967.285,957.824,573.089,1050.323,-46.587,0.778
28.08.2021 17:21:49,-54.793,970.642,961.425,575.103,1052.795,-46.504,0.755
28.08.2021 17:21:50,-54.708,974.243,964.507,576.141,1055.786,-46.578,0.795
28.08.2021 17:21:51,-54.592,976.318,966.339,577.209,1057.098,-46.534,0.814
28.08.2021 17:21:52,-54.507,980.499,971.038,578.704,1060.638,-46.589,0.768
28.08.2021 17:21:53,-54.404,983.581,973.358,579.772,1062.805,-46.603,0.827
28.08.2021 17:21:54,-54.308,986.297,976.623,581.695,1065.368,-46.538,0.781
28.08.2021 17:21:55,-54.205,989.746,979.492,582.092,1068.206,-46.681,0.825
28.08.2021 17:21:56,-54.105,992.797,983.093,583.831,1070.343,-46.610,0.778
28.08.2021 17:21:57,-54.002,994.720,984.436,584.808,1071.868,-46.592,0.823
28.08.2021 17:21:58,-53.901,999.603,989.288,586.761,1076.415,-46.657,0.821
28.08.2021 17:21:59,-53.801,1002.868,991.790,588.256,1078.155,-46.590,0.880
28.08.2021 17:22:00,-53.705,1003.662,993.316,588.775,1079.315,-46.604,0.821
28.08.2021 17:22:01,-53.605,1008.392,997.894,591.033,1083.923,-46.635,0.829
28.08.2021 17:22:02,-53.504,1011.169,1000.518,592.407,1086.364,-46.630,0.839
28.08.2021 17:22:03,-53.406,1013.885,1003.387,593.170,1088.348,-46.669,0.824
28.08.2021 17:22:04,-53.298,1017.669,1006.103,594.726,1091.247,-46.672,0.905
28.08.2021 17:22:05,-53.208,1019.989,1009.460,596.374,1094.482,-46.686,0.822
28.08.2021 17:22:06,-53.100,1022.491,1012.451,597.991,1096.801,-46.643,0.781
28.08.2021 17:22:07,-52.999,1025.817,1014.465,598.876,1099.365,-46.705,0.881
28.08.2021 17:22:08,-52.901,1028.533,1017.242,600.494,1101.928,-46.678,0.874
28.08.2021 17:22:09,-52.796,1030.395,1019.683,601.745,1104.309,-46.684,0.828
28.08.2021 17:22:10,-52.698,1032.440,1020.935,602.844,1106.323,-46.683,0.887
28.08.2021 17:22:11,-52.595,1035.766,1024.566,604.522,1109.680,-46.701,0.861
28.08.2021 17:22:12,-52.492,1038.513,1026.733,605.834,1111.907,-46.690,0.903
28.08.2021 17:22:13,-52.401,1040.832,1029.358,607.177,1114.318,-46.686,0.878
28.08.2021 17:22:14,-52.293,1043.029,1032.226,608.947,1117.675,-46.693,0.825
28.08.2021 17:22:15,-52.205,1046.966,1035.095,610.656,1121.429,-46.733,0.903
28.08.2021 17:22:16,-52.092,1049.407,1037.231,612.030,1123.840,-46.726,0.924
28.08.2021 17:22:17,-52.004,1052.490,1040.374,614.349,1126.922,-46.650,0.917
28.08.2021 17:22:18,-51.896,1054.260,1041.900,615.356,1129.119,-46.673,0.934
28.08.2021 17:22:19,-51.803,1056.762,1045.257,617.462,1132.812,-46.662,0.867
28.08.2021 17:22:20,-51.703,1059.814,1047.698,618.530,1135.284,-46.695,0.911
28.08.2021 17:22:21,-51.602,1062.347,1049.255,620.025,1137.847,-46.683,0.982
28.08.2021 17:22:22,-51.502,1065.154,1052.520,621.551,1141.235,-46.720,0.945
28.08.2021 17:22:23,-51.406,1067.718,1054.748,623.352,1144.348,-46.708,0.968
28.08.2021 17:22:24,-51.303,1069.458,1057.556,624.816,1146.820,-46.694,0.886
28.08.2021 17:22:25,-51.193,1071.441,1059.661,626.556,1149.352,-46.653,0.875
28.08.2021 17:22:26,-51.105,1075.164,1062.560,628.082,1153.167,-46.717,0.934
28.08.2021 17:22:27,-51.007,1076.873,1065.277,630.035,1155.822,-46.658,0.857
28.08.2021 17:22:28,-50.906,1079.254,1067.596,631.072,1159.027,-46.740,0.860
28.08.2021 17:22:29,-50.808,1082.702,1070.159,633.087,1162.475,-46.724,0.923
28.08.2021 17:22:30,-50.695,1084.289,1072.113,634.582,1164.825,-46.699,0.894
28.08.2021 17:22:31,-50.600,1085.723,1074.126,635.559,1166.107,-46.668,0.850
28.08.2021 17:22:32,-50.499,1088.989,1076.446,637.573,1169.738,-46.664,0.917
28.08.2021 17:22:33,-50.399,1092.224,1080.078,639.831,1173.248,-46.625,0.886
28.08.2021 17:22:34,-50.301,1093.750,1081.481,641.052,1174.835,-46.585,0.893
28.08.2021 17:22:35,-50.195,1096.588,1084.594,643.218,1177.825,-46.524,0.871
28.08.2021 17:22:36,-50.102,1098.480,1086.883,644.256,1180.236,-46.556,0.840
28.08.2021 17:22:37,-49.994,1102.416,1090.392,646.575,1183.288,-46.482,0.869
28.08.2021 17:22:38,-49.901,1104.461,1092.986,648.742,1187.255,-46.483,0.827
28.08.2021 17:22:39,-49.798,1106.811,1095.275,650.085,1189.270,-46.456,0.830
28.08.2021 17:22:40,-49.695,1109.680,1097.900,652.221,1192.749,-46.430,0.845
28.08.2021 17:22:41,-49.610,1112.426,1100.219,654.022,1195.373,-46.389,0.874
28.08.2021 17:22:42,-49.502,1114.776,1102.539,655.700,1198.211,-46.375,0.874
28.08.2021 17:22:43,-49.404,1117.401,1105.865,657.409,1201.324,-46.375,0.822
28.08.2021 17:22:44,-49.306,1119.812,1107.665,659.118,1203.613,-46.324,0.864
28.08.2021 17:22:45,-49.193,1121.765,1110.290,660.217,1205.963,-46.345,0.814
28.08.2021 17:22:47,-49.095,1124.450,1111.938,662.963,1209.075,-46.231,0.886
28.08.2021 17:22:48,-49.007,1127.441,1114.868,664.184,1211.853,-46.264,0.888
28.08.2021 17:22:49,-48.901,1129.577,1117.370,666.107,1214.782,-46.229,0.860
28.08.2021 17:22:50,-48.793,1131.134,1118.255,666.870,1216.736,-46.263,0.907
28.08.2021 17:22:51,-48.693,1133.361,1121.093,669.342,1219.909,-46.184,0.862
28.08.2021 17:22:52,-48.592,1136.047,1123.413,671.356,1223.144,-46.158,0.886
28.08.2021 17:22:53,-48.507,1138.824,1125.976,673.156,1225.860,-46.124,0.899
28.08.2021 17:22:54,-48.406,1140.441,1128.875,675.109,1228.698,-46.082,0.807
28.08.2021 17:22:55,-48.306,1142.883,1130.432,676.208,1231.475,-46.128,0.868
28.08.2021 17:22:56,-48.208,1144.653,1131.988,678.253,1234.039,-46.060,0.881
28.08.2021 17:22:57,-48.107,1146.362,1133.972,680.236,1236.724,-46.005,0.861
28.08.2021 17:22:58,-47.999,1148.254,1135.955,681.884,1239.227,-45.976,0.853
28.08.2021 17:22:59,-47.906,1150.177,1138.000,683.959,1242.676,-45.958,0.843
28.08.2021 17:23:00,-47.803,1152.038,1140.747,686.004,1245.025,-45.878,0.780
28.08.2021 17:23:01,-47.708,1153.625,1141.967,687.591,1248.260,-45.899,0.804
28.08.2021 17:23:02,-47.607,1155.151,1143.554,689.483,1250.335,-45.820,0.799
28.08.2021 17:23:03,-47.492,1157.287,1145.568,691.345,1252.960,-45.776,0.806
28.08.2021 17:23:04,-47.404,1158.477,1146.820,693.145,1255.981,-45.762,0.801
28.08.2021 17:23:05,-47.293,1159.790,1147.857,695.312,1258.514,-45.682,0.819
28.08.2021 17:23:06,-47.195,1162.048,1150.207,697.174,1261.230,-45.644,0.811
28.08.2021 17:23:07,-47.095,1162.689,1151.153,698.608,1263.275,-45.613,0.790
28.08.2021 17:23:08,-46.994,1164.367,1153.503,701.049,1266.387,-45.538,0.742
28.08.2021 17:23:09,-46.891,1165.863,1154.571,702.972,1269.287,-45.505,0.771
28.08.2021 17:23:10,-46.803,1167.388,1156.158,704.833,1272.155,-45.477,0.765
28.08.2021 17:23:11,-46.703,1169.433,1158.294,707.244,1274.688,-45.373,0.758
28.08.2021 17:23:12,-46.592,1169.860,1159.179,708.312,1277.832,-45.443,0.726
28.08.2021 17:23:13,-46.499,1172.057,1160.736,710.784,1280.334,-45.332,0.769
28.08.2021 17:23:14,-46.406,1172.760,1162.750,712.921,1282.898,-45.259,0.679
28.08.2021 17:23:15,-46.308,1174.377,1163.940,715.026,1286.071,-45.224,0.707
28.08.2021 17:23:16,-46.203,1175.811,1164.855,717.376,1289.367,-45.171,0.741
28.08.2021 17:23:17,-46.097,1176.452,1166.290,718.505,1290.984,-45.148,0.687
28.08.2021 17:23:18,-45.994,1177.581,1167.541,720.733,1293.670,-45.074,0.678
28.08.2021 17:23:19,-45.894,1178.924,1168.792,722.839,1296.417,-45.016,0.683
28.08.2021 17:23:20,-45.796,1179.901,1170.196,724.578,1299.072,-44.990,0.654
28.08.2021 17:23:21,-45.695,1181.793,1171.356,727.050,1301.300,-44.867,0.702
28.08.2021 17:23:22,-45.592,1182.434,1173.004,729.156,1305.053,-44.866,0.634
28.08.2021 17:23:23,-45.504,1184.204,1174.713,731.109,1307.769,-44.822,0.637
28.08.2021 17:23:24,-45.396,1185.363,1175.720,733.581,1309.906,-44.695,0.647
28.08.2021 17:23:25,-45.298,1186.157,1176.605,734.893,1311.096,-44.631,0.640
28.08.2021 17:23:26,-45.195,1187.530,1177.612,736.968,1314.026,-44.588,0.664
28.08.2021 17:23:27,-45.100,1188.140,1178.924,738.464,1316.497,-44.577,0.617
28.08.2021 17:23:28,-44.992,1189.361,1179.962,740.661,1319.366,-44.519,0.628
28.08.2021 17:23:29,-44.891,1190.521,1181.091,742.340,1321.289,-44.461,0.630
28.08.2021 17:23:30,-44.803,1191.314,1182.281,744.323,1323.913,-44.411,0.603
28.08.2021 17:23:31,-44.700,1191.802,1183.135,746.765,1326.629,-44.321,0.578
28.08.2021 17:23:32,-44.592,1193.023,1184.844,748.718,1328.887,-44.255,0.545
28.08.2021 17:23:33,-44.494,1194.427,1185.394,750.885,1330.780,-44.147,0.601
28.08.2021 17:23:34,-44.399,1195.007,1186.431,752.441,1332.855,-44.110,0.570
28.08.2021 17:23:35,-44.301,1196.105,1187.622,754.577,1335.723,-44.060,0.564
28.08.2021 17:23:36,-44.203,1197.204,1188.446,757.049,1337.860,-43.937,0.581
28.08.2021 17:23:37,-44.092,1197.936,1189.239,758.636,1339.843,-43.893,0.577
28.08.2021 17:23:38,-43.994,1198.699,1190.368,760.498,1342.254,-43.845,0.552
28.08.2021 17:23:39,-43.899,1198.608,1191.009,762.023,1344.024,-43.795,0.503
28.08.2021 17:23:40,-43.793,1200.225,1191.741,764.404,1347.106,-43.734,0.562
28.08.2021 17:23:41,-43.708,1200.866,1192.687,766.418,1349.060,-43.647,0.541
28.08.2021 17:23:42,-43.600,1201.141,1193.206,767.852,1350.952,-43.613,0.525
28.08.2021 17:23:43,-43.507,1201.873,1193.664,769.714,1352.722,-43.532,0.543
28.08.2021 17:23:44,-43.399,1202.636,1194.732,772.583,1355.896,-43.431,0.522
28.08.2021 17:23:45,-43.303,1203.155,1195.373,774.047,1357.544,-43.381,0.514
28.08.2021 17:23:46,-43.205,1203.918,1196.136,775.543,1359.680,-43.355,0.513
28.08.2021 17:23:47,-43.105,1204.833,1196.868,778.076,1362.091,-43.246,0.525
28.08.2021 17:23:48,-43.007,1204.651,1197.753,780.548,1364.929,-43.166,0.454
28.08.2021 17:23:49,-42.906,1205.657,1198.303,782.562,1366.668,-43.070,0.484
28.08.2021 17:23:50,-42.808,1206.665,1198.333,784.057,1368.621,-43.035,0.548
28.08.2021 17:23:51,-42.705,1206.970,1199.340,785.614,1370.147,-42.971,0.502
28.08.2021 17:23:52,-42.597,1207.458,1200.225,787.506,1372.528,-42.922,0.476
28.08.2021 17:23:53,-42.504,1207.611,1200.683,789.184,1373.840,-42.836,0.455
28.08.2021 17:23:54,-42.404,1208.831,1201.629,792.083,1376.922,-42.731,0.473
28.08.2021 17:23:55,-42.301,1209.228,1201.751,793.273,1378.509,-42.705,0.491
28.08.2021 17:23:56,-42.208,1209.960,1202.819,795.837,1380.950,-42.598,0.469
28.08.2021 17:23:57,-42.105,1210.540,1203.613,796.936,1382.385,-42.573,0.454
28.08.2021 17:23:58,-42.007,1211.120,1204.162,799.133,1383.758,-42.443,0.456
28.08.2021 17:23:59,-41.896,1211.578,1204.376,801.666,1386.322,-42.347,0.472
28.08.2021 17:24:00,-41.793,1211.730,1205.261,803.314,1388.153,-42.293,0.424
28.08.2021 17:24:01,-41.700,1213.500,1206.268,805.938,1391.296,-42.219,0.473
28.08.2021 17:24:02,-41.595,1213.714,1206.939,807.220,1391.906,-42.135,0.443
28.08.2021 17:24:03,-41.507,1214.172,1207.702,809.753,1394.439,-42.038,0.423
28.08.2021 17:24:04,-41.401,1215.362,1207.885,811.157,1396.057,-41.995,0.488
28.08.2021 17:24:05,-41.303,1215.576,1209.197,813.934,1398.590,-41.877,0.416
28.08.2021 17:24:06,-41.200,1216.247,1210.205,815.887,1401.062,-41.831,0.394
28.08.2021 17:24:07,-41.102,1216.674,1209.747,817.321,1402.038,-41.753,0.452
28.08.2021 17:24:08,-41.007,1217.376,1210.876,819.641,1404.174,-41.656,0.424
28.08.2021 17:24:09,-40.891,1218.322,1211.730,821.044,1405.761,-41.613,0.429
28.08.2021 17:24:10,-40.793,1219.238,1211.944,823.059,1407.440,-41.520,0.475
28.08.2021 17:24:11,-40.700,1219.573,1212.707,825.134,1409.545,-41.445,0.447
28.08.2021 17:24:12,-40.607,1220.214,1213.806,827.056,1411.132,-41.356,0.417
28.08.2021 17:24:13,-40.499,1221.130,1213.989,828.735,1412.750,-41.291,0.464
28.08.2021 17:24:14,-40.406,1221.740,1215.148,831.359,1415.374,-41.194,0.428
28.08.2021 17:24:15,-40.308,1222.564,1215.667,833.435,1417.633,-41.128,0.448
28.08.2021 17:24:16,-40.203,1223.266,1216.827,835.266,1419.464,-41.061,0.418
28.08.2021 17:24:17,-40.095,1223.876,1217.498,836.700,1421.295,-41.030,0.414
28.08.2021 17:24:18,-39.994,1224.334,1217.682,838.714,1423.065,-40.944,0.431
28.08.2021 17:24:19,-39.891,1225.219,1218.567,840.026,1424.102,-40.882,0.431
28.08.2021 17:24:20,-39.796,1225.768,1219.604,841.583,1426.239,-40.856,0.399
28.08.2021 17:24:21,-39.703,1226.318,1219.635,844.146,1428.039,-40.724,0.433
28.08.2021 17:24:22,-39.605,1227.203,1221.008,846.374,1430.236,-40.643,0.401
28.08.2021 17:24:23,-39.504,1227.630,1221.283,847.137,1431.457,-40.640,0.410
28.08.2021 17:24:24,-39.394,1227.813,1222.320,848.754,1433.105,-40.584,0.355
28.08.2021 17:24:25,-39.306,1229.065,1223.022,851.440,1435.546,-40.476,0.390
28.08.2021 17:24:26,-39.198,1229.583,1223.785,852.142,1436.370,-40.457,0.374
28.08.2021 17:24:27,-39.097,1230.468,1224.151,853.698,1437.835,-40.397,0.407
28.08.2021 17:24:28,-38.994,1231.048,1224.700,855.499,1438.842,-40.293,0.409
28.08.2021 17:24:29,-38.894,1231.598,1225.463,856.933,1441.436,-40.303,0.395
28.08.2021 17:24:30,-38.796,1232.055,1226.073,858.276,1442.077,-40.219,0.385
28.08.2021 17:24:32,-38.693,1232.238,1226.623,859.893,1443.817,-40.169,0.361
28.08.2021 17:24:33,-38.600,1233.673,1227.386,861.175,1445.281,-40.134,0.404
28.08.2021 17:24:34,-38.492,1234.008,1227.569,863.464,1446.838,-40.017,0.414
28.08.2021 17:24:35,-38.404,1234.374,1229.522,864.807,1448.852,-40.005,0.312
28.08.2021 17:24:36,-38.308,1235.626,1229.705,866.485,1449.828,-39.911,0.380
28.08.2021 17:24:37,-38.203,1235.687,1230.346,868.194,1451.110,-39.830,0.343
28.08.2021 17:24:38,-38.107,1236.175,1230.499,868.743,1452.575,-39.858,0.364
28.08.2021 17:24:39,-38.002,1237.640,1231.628,871.002,1454.803,-39.779,0.385
28.08.2021 17:24:40,-37.904,1237.396,1231.872,873.321,1455.810,-39.633,0.354
28.08.2021 17:24:41,-37.793,1238.464,1232.971,874.328,1457.763,-39.647,0.352
28.08.2021 17:24:42,-37.700,1238.922,1233.154,876.068,1458.953,-39.560,0.369
28.08.2021 17:24:43,-37.595,1239.532,1233.581,877.166,1459.777,-39.509,0.381
28.08.2021 17:24:44,-37.502,1240.234,1234.252,877.990,1460.693,-39.486,0.383
28.08.2021 17:24:45,-37.406,1241.241,1235.443,880.371,1462.371,-39.370,0.371
28.08.2021 17:24:46,-37.308,1241.058,1235.931,881.561,1463.226,-39.313,0.328
28.08.2021 17:24:47,-37.205,1242.309,1236.328,882.781,1465.271,-39.314,0.382
28.08.2021 17:24:48,-37.095,1242.614,1236.907,884.674,1465.545,-39.168,0.364
28.08.2021 17:24:49,-36.992,1243.713,1238.006,886.321,1467.223,-39.115,0.364
28.08.2021 17:24:50,-36.904,1243.865,1238.372,887.786,1468.231,-39.043,0.350
28.08.2021 17:24:51,-36.798,1244.628,1238.372,889.160,1468.597,-38.947,0.399
28.08.2021 17:24:52,-36.700,1244.873,1239.410,890.686,1469.787,-38.880,0.348
28.08.2021 17:24:53,-36.595,1245.880,1240.692,892.028,1471.252,-38.841,0.330
28.08.2021 17:24:54,-36.502,1246.124,1240.783,894.073,1471.679,-38.693,0.340
28.08.2021 17:24:55,-36.404,1247.100,1241.912,895.141,1472.778,-38.659,0.330
28.08.2021 17:24:56,-36.298,1247.436,1242.004,896.911,1473.724,-38.560,0.345
28.08.2021 17:24:57,-36.200,1247.772,1242.736,897.369,1473.602,-38.516,0.320
28.08.2021 17:24:58,-36.105,1248.504,1243.011,899.108,1474.060,-38.394,0.349
28.08.2021 17:24:59,-36.004,1249.145,1244.079,901.580,1475.006,-38.237,0.322
28.08.2021 17:25:00,-35.891,1249.420,1244.171,901.611,1475.158,-38.243,0.333
28.08.2021 17:25:01,-35.801,1250.427,1245.300,904.174,1476.226,-38.085,0.325
28.08.2021 17:25:02,-35.705,1251.312,1246.154,905.883,1476.593,-37.962,0.327
28.08.2021 17:25:03,-35.592,1251.342,1246.582,906.677,1477.203,-37.928,0.302
28.08.2021 17:25:04,-35.507,1252.014,1246.551,908.020,1477.325,-37.823,0.346
28.08.2021 17:25:05,-35.391,1252.532,1247.528,909.362,1478.088,-37.751,0.317
28.08.2021 17:25:06,-35.293,1252.929,1248.718,910.430,1478.271,-37.673,0.266
28.08.2021 17:25:07,-35.200,1253.540,1248.840,911.865,1478.454,-37.564,0.297
28.08.2021 17:25:08,-35.092,1254.425,1249.725,913.787,1479.217,-37.446,0.297
28.08.2021 17:25:09,-35.002,1254.882,1250.549,915.344,1479.095,-37.312,0.274
28.08.2021 17:25:10,-34.904,1255.615,1250.946,916.564,1478.942,-37.204,0.295
28.08.2021 17:25:11,-34.808,1255.828,1251.953,917.297,1479.553,-37.176,0.244
28.08.2021 17:25:12,-34.708,1256.927,1252.258,918.518,1479.858,-37.091,0.294
28.08.2021 17:25:13,-34.607,1257.568,1252.929,920.257,1479.552,-36.934,0.292
28.08.2021 17:25:14,-34.492,1257.842,1253.997,920.623,1479.980,-36.926,0.242
28.08.2021 17:25:15,-34.391,1258.972,1254.058,922.058,1479.705,-36.795,0.309
28.08.2021 17:25:16,-34.293,1258.697,1255.004,922.943,1479.949,-36.736,0.232
28.08.2021 17:25:17,-34.205,1259.368,1255.126,924.224,1480.010,-36.635,0.267
28.08.2021 17:25:18,-34.102,1260.070,1255.096,924.896,1479.949,-36.577,0.313
28.08.2021 17:25:19,-33.999,1260.681,1256.347,926.605,1479.675,-36.425,0.272
28.08.2021 17:25:20,-33.899,1260.894,1257.415,927.581,1479.675,-36.346,0.218
28.08.2021 17:25:21,-33.806,1261.535,1257.293,928.314,1479.827,-36.294,0.266
28.08.2021 17:25:22,-33.705,1262.298,1257.781,929.626,1480.590,-36.227,0.284
28.08.2021 17:25:23,-33.605,1262.908,1259.155,930.938,1480.071,-36.095,0.235
28.08.2021 17:25:24,-33.502,1263.671,1259.246,931.823,1479.492,-35.994,0.277
28.08.2021 17:25:25,-33.404,1264.129,1260.040,932.891,1479.675,-35.917,0.256
28.08.2021 17:25:26,-33.293,1264.282,1260.345,932.922,1480.041,-35.933,0.247
28.08.2021 17:25:27,-33.193,1264.984,1260.406,934.570,1479.766,-35.787,0.287
28.08.2021 17:25:28,-33.107,1264.892,1261.169,935.821,1480.468,-35.722,0.233
28.08.2021 17:25:29,-33.002,1265.838,1261.993,936.431,1480.071,-35.652,0.241
28.08.2021 17:25:30,-32.904,1266.479,1262.420,937.805,1480.560,-35.567,0.254
28.08.2021 17:25:31,-32.801,1266.998,1263.305,939.331,1480.835,-35.459,0.231
28.08.2021 17:25:32,-32.700,1266.906,1263.397,940.216,1480.682,-35.380,0.219
28.08.2021 17:25:33,-32.597,1267.394,1263.549,940.673,1480.163,-35.317,0.240
28.08.2021 17:25:34,-32.497,1268.249,1264.312,941.955,1480.651,-35.239,0.246
28.08.2021 17:25:35,-32.396,1268.279,1264.556,942.596,1480.499,-35.180,0.232
28.08.2021 17:25:36,-32.293,1269.226,1265.014,944.458,1480.804,-35.047,0.263
28.08.2021 17:25:37,-32.205,1269.042,1265.746,944.732,1480.529,-35.011,0.206
28.08.2021 17:25:38,-32.092,1270.294,1266.357,946.655,1481.536,-34.909,0.245
28.08.2021 17:25:39,-32.004,1269.927,1266.143,946.960,1480.377,-34.826,0.236
28.08.2021 17:25:40,-31.906,1270.019,1266.723,947.814,1480.499,-34.764,0.205
28.08.2021 17:25:41,-31.801,1270.629,1267.730,949.554,1481.018,-34.652,0.181
28.08.2021 17:25:42,-31.698,1271.942,1267.791,950.744,1480.743,-34.544,0.258
28.08.2021 17:25:43,-31.607,1272.521,1268.768,951.446,1481.262,-34.514,0.234
28.08.2021 17:25:44,-31.507,1272.705,1268.707,952.972,1481.201,-34.390,0.249
28.08.2021 17:25:45,-31.404,1272.979,1269.775,954.040,1481.750,-34.334,0.199
28.08.2021 17:25:46,-31.306,1272.735,1270.050,954.956,1481.964,-34.272,0.167
28.08.2021 17:25:47,-31.205,1273.834,1270.202,956.451,1482.238,-34.168,0.226
28.08.2021 17:25:48,-31.097,1274.047,1270.568,956.878,1481.872,-34.115,0.216
28.08.2021 17:25:49,-31.004,1274.505,1271.545,958.251,1482.391,-34.034,0.184
28.08.2021 17:25:50,-30.899,1274.902,1271.484,959.137,1481.964,-33.942,0.212
28.08.2021 17:25:51,-30.793,1274.658,1272.003,960.449,1482.147,-33.848,0.165
28.08.2021 17:25:52,-30.703,1275.146,1272.064,960.723,1482.421,-33.840,0.191
28.08.2021 17:25:53,-30.597,1275.268,1272.155,962.890,1482.086,-33.653,0.193
28.08.2021 17:25:54,-30.507,1275.451,1273.071,963.745,1483.001,-33.632,0.148
28.08.2021 17:25:55,-30.394,1276.061,1273.254,964.691,1482.330,-33.524,0.174
28.08.2021 17:25:56,-30.293,1276.092,1273.376,966.247,1482.116,-33.391,0.168
28.08.2021 17:25:57,-30.198,1276.489,1273.834,966.857,1483.154,-33.396,0.164
28.08.2021 17:25:58,-30.105,1276.458,1273.986,968.658,1482.177,-33.205,0.153
28.08.2021 17:25:59,-29.992,1276.824,1274.108,969.970,1482.665,-33.128,0.168
28.08.2021 17:26:00,-29.891,1277.160,1274.200,970.916,1482.788,-33.060,0.183
28.08.2021 17:26:01,-29.793,1277.557,1274.505,972.167,1482.421,-32.944,0.189
28.08.2021 17:26:02,-29.705,1277.404,1275.207,973.754,1483.398,-32.870,0.136
28.08.2021 17:26:03,-29.592,1278.015,1275.390,975.372,1483.703,-32.760,0.162
28.08.2021 17:26:04,-29.497,1278.076,1275.421,976.562,1482.116,-32.586,0.164
28.08.2021 17:26:05,-29.399,1278.228,1275.665,977.844,1483.123,-32.538,0.159
28.08.2021 17:26:06,-29.303,1278.350,1276.061,979.370,1483.093,-32.418,0.142
28.08.2021 17:26:07,-29.208,1277.770,1275.360,980.194,1482.666,-32.332,0.149
28.08.2021 17:26:08,-29.092,1278.076,1276.245,981.262,1482.574,-32.245,0.113
28.08.2021 17:26:09,-28.997,1278.838,1276.489,982.971,1483.215,-32.145,0.145
28.08.2021 17:26:10,-28.899,1278.198,1276.031,983.917,1482.757,-32.049,0.134
28.08.2021 17:26:11,-28.803,1278.961,1276.733,985.870,1482.726,-31.897,0.138
28.08.2021 17:26:12,-28.698,1278.930,1277.160,987.121,1483.215,-31.825,0.109
28.08.2021 17:26:13,-28.595,1279.235,1277.130,988.403,1482.605,-31.695,0.130
28.08.2021 17:26:14,-28.502,1279.907,1277.435,989.593,1482.879,-31.618,0.153
28.08.2021 17:26:16,-28.404,1279.510,1277.008,990.631,1482.482,-31.518,0.155
28.08.2021 17:26:17,-28.296,1279.846,1277.954,992.462,1483.001,-31.404,0.117
28.08.2021 17:26:18,-28.193,1279.510,1277.832,993.560,1482.665,-31.302,0.104
28.08.2021 17:26:19,-28.102,1279.998,1278.076,995.391,1482.879,-31.173,0.119
28.08.2021 17:26:20,-27.992,1280.426,1278.625,996.032,1483.367,-31.149,0.111
28.08.2021 17:26:21,-27.894,1280.242,1278.808,997.711,1483.032,-31.004,0.088
28.08.2021 17:26:22,-27.798,1280.487,1278.808,999.542,1482.544,-30.839,0.103
28.08.2021 17:26:23,-27.705,1280.731,1278.503,1000.579,1482.330,-30.749,0.137
28.08.2021 17:26:24,-27.600,1280.883,1278.716,1001.556,1482.483,-30.682,0.134
28.08.2021 17:26:25,-27.504,1280.700,1278.656,1003.082,1482.666,-30.575,0.126
28.08.2021 17:26:26,-27.396,1280.639,1279.052,1004.852,1482.635,-30.439,0.098
28.08.2021 17:26:27,-27.293,1280.792,1279.296,1006.133,1482.544,-30.337,0.092
28.08.2021 17:26:28,-27.205,1280.822,1279.113,1007.415,1482.452,-30.235,0.105
28.08.2021 17:26:29,-27.095,1280.853,1279.449,1009.216,1482.269,-30.089,0.086
28.08.2021 17:26:30,-26.992,1280.792,1279.174,1010.650,1482.086,-29.972,0.100
28.08.2021 17:26:31,-26.894,1281.280,1279.327,1012.298,1482.238,-29.855,0.120
28.08.2021 17:26:32,-26.798,1281.067,1279.418,1013.244,1481.872,-29.765,0.102
28.08.2021 17:26:33,-26.698,1280.883,1280.334,1015.258,1482.452,-29.643,0.033
28.08.2021 17:26:34,-26.602,1280.975,1279.541,1016.754,1482.269,-29.521,0.088
28.08.2021 17:26:35,-26.507,1281.005,1279.937,1018.249,1482.269,-29.408,0.066
28.08.2021 17:26:36,-26.406,1281.463,1280.273,1020.111,1482.971,-29.305,0.073
28.08.2021 17:26:37,-26.303,1281.280,1280.059,1021.514,1482.238,-29.162,0.075
28.08.2021 17:26:38,-26.205,1281.036,1280.426,1022.705,1482.330,-29.077,0.037
28.08.2021 17:26:39,-26.095,1281.127,1279.968,1024.475,1482.513,-28.954,0.071
28.08.2021 17:26:40,-25.997,1281.280,1280.304,1025.878,1481.994,-28.823,0.060
28.08.2021 17:26:41,-25.896,1281.219,1280.059,1027.557,1483.062,-28.753,0.071
28.08.2021 17:26:42,-25.806,1282.165,1279.998,1029.632,1482.635,-28.576,0.134
28.08.2021 17:26:43,-25.705,1281.707,1280.975,1031.677,1483.123,-28.449,0.045
28.08.2021 17:26:44,-25.602,1281.951,1280.639,1033.203,1483.001,-28.329,0.081
28.08.2021 17:26:45,-25.504,1282.196,1281.524,1035.064,1483.276,-28.205,0.041
28.08.2021 17:26:46,-25.394,1281.982,1280.426,1036.407,1482.757,-28.079,0.096
28.08.2021 17:26:47,-25.303,1282.226,1281.310,1037.994,1483.215,-27.985,0.056
28.08.2021 17:26:48,-25.203,1282.348,1281.310,1039.672,1483.490,-27.875,0.064
28.08.2021 17:26:49,-25.100,1282.257,1281.677,1041.870,1483.520,-27.715,0.035
28.08.2021 17:26:50,-24.997,1282.104,1281.372,1042.724,1483.093,-27.630,0.045
28.08.2021 17:26:51,-24.896,1282.379,1281.402,1044.250,1483.673,-27.547,0.060
28.08.2021 17:26:52,-24.798,1282.287,1281.372,1046.081,1483.337,-27.395,0.056
28.08.2021 17:26:53,-24.703,1282.562,1281.738,1048.065,1483.428,-27.254,0.050
28.08.2021 17:26:54,-24.607,1282.409,1281.768,1050.201,1483.001,-27.076,0.039
28.08.2021 17:26:55,-24.497,1282.958,1281.677,1051.971,1482.971,-26.945,0.079
28.08.2021 17:26:56,-24.396,1282.501,1281.738,1053.100,1482.971,-26.862,0.047
28.08.2021 17:26:57,-24.303,1282.989,1281.707,1054.718,1482.604,-26.725,0.079
28.08.2021 17:26:58,-24.200,1282.989,1282.134,1056.060,1482.543,-26.624,0.052
28.08.2021 17:26:59,-24.107,1282.379,1282.287,1058.502,1482.665,-26.452,0.005
28.08.2021 17:27:00,-23.992,1283.264,1282.226,1060.027,1482.208,-26.317,0.064
28.08.2021 17:27:01,-23.896,1283.111,1281.860,1061.676,1482.391,-26.207,0.077
28.08.2021 17:27:02,-23.793,1282.806,1282.318,1063.079,1482.452,-26.109,0.030
28.08.2021 17:27:03,-23.698,1282.867,1281.433,1065.307,1481.902,-25.919,0.088
28.08.2021 17:27:04,-23.597,1283.020,1282.012,1066.863,1481.506,-25.785,0.062
28.08.2021 17:27:05,-23.497,1283.386,1282.501,1069.397,1481.872,-25.621,0.054
28.08.2021 17:27:06,-23.391,1283.111,1282.135,1071.441,1481.750,-25.468,0.060
28.08.2021 17:27:07,-23.301,1283.081,1282.989,1073.242,1482.147,-25.359,0.005
28.08.2021 17:27:08,-23.193,1282.745,1282.684,1074.859,1481.384,-25.203,0.003
28.08.2021 17:27:09,-23.105,1283.111,1281.646,1076.904,1480.987,-25.035,0.090
28.08.2021 17:27:10,-23.007,1282.714,1282.196,1078.369,1481.140,-24.938,0.032
28.08.2021 17:27:11,-22.891,1282.593,1282.165,1079.651,1480.682,-24.822,0.026
28.08.2021 17:27:12,-22.806,1283.141,1282.531,1081.878,1480.590,-24.658,0.037
28.08.2021 17:27:13,-22.705,1282.318,1281.738,1083.404,1479.949,-24.516,0.035
28.08.2021 17:27:14,-22.607,1282.592,1282.837,1085.113,1480.041,-24.399,-0.015
28.08.2021 17:27:15,-22.494,1283.020,1282.257,1087.127,1479.369,-24.220,0.047
28.08.2021 17:27:16,-22.404,1282.592,1282.135,1089.568,1478.851,-24.019,0.028
28.08.2021 17:27:17,-22.293,1282.897,1281.890,1090.484,1478.729,-23.948,0.062
28.08.2021 17:27:18,-22.193,1282.501,1281.951,1092.590,1478.576,-23.790,0.033
28.08.2021 17:27:19,-22.100,1282.348,1282.135,1093.933,1477.752,-23.652,0.013
28.08.2021 17:27:20,-22.004,1282.867,1281.982,1096.130,1477.905,-23.505,0.054
28.08.2021 17:27:21,-21.906,1282.684,1282.013,1097.839,1476.776,-23.325,0.041
28.08.2021 17:27:22,-21.806,1282.226,1281.738,1099.120,1476.531,-23.221,0.030
28.08.2021 17:27:23,-21.700,1282.287,1281.799,1100.219,1476.623,-23.149,0.030
28.08.2021 17:27:24,-21.595,1282.684,1281.158,1103.363,1475.647,-22.876,0.094
28.08.2021 17:27:25,-21.502,1282.165,1282.073,1105.193,1474.884,-22.707,0.005
28.08.2021 17:27:26,-21.399,1282.226,1281.616,1106.322,1474.365,-22.601,0.037
28.08.2021 17:27:27,-21.296,1281.951,1280.731,1107.727,1474.151,-22.491,0.075
28.08.2021 17:27:28,-21.195,1281.097,1280.914,1110.015,1473.266,-22.284,0.011
28.08.2021 17:27:29,-21.100,1281.829,1281.646,1111.633,1472.931,-22.153,0.011
28.08.2021 17:27:30,-21.002,1281.555,1280.914,1112.854,1472.564,-22.049,0.039
28.08.2021 17:27:31,-20.896,1281.250,1280.517,1115.265,1471.954,-21.848,0.045
28.08.2021 17:27:32,-20.801,1281.280,1280.822,1117.034,1471.740,-21.714,0.028
28.08.2021 17:27:33,-20.700,1281.005,1280.792,1118.591,1470.581,-21.544,0.013
28.08.2021 17:27:34,-20.605,1280.944,1280.700,1120.483,1469.909,-21.377,0.015
28.08.2021 17:27:35,-20.502,1280.487,1281.036,1122.558,1470.184,-21.248,-0.033
28.08.2021 17:27:36,-20.394,1281.310,1280.181,1124.633,1469.360,-21.060,0.069
28.08.2021 17:27:37,-20.303,1280.212,1280.517,1125.885,1468.811,-20.945,-0.018
28.08.2021 17:27:38,-20.193,1280.181,1279.876,1127.716,1468.200,-20.786,0.018
28.08.2021 17:27:39,-20.100,1280.059,1280.059,1129.882,1467.529,-20.601,0.000
28.08.2021 17:27:40,-19.999,1279.388,1279.083,1131.225,1467.407,-20.502,0.018
28.08.2021 17:27:41,-19.904,1279.907,1279.693,1132.629,1467.254,-20.397,0.013
28.08.2021 17:27:42,-19.806,1279.022,1279.052,1135.345,1466.400,-20.165,-0.001
28.08.2021 17:27:43,-19.700,1278.686,1278.930,1136.993,1465.576,-20.008,-0.015
28.08.2021 17:27:44,-19.595,1278.198,1278.656,1138.549,1465.789,-19.913,-0.028
28.08.2021 17:27:45,-19.494,1278.320,1278.015,1140.411,1465.209,-19.754,0.018
28.08.2021 17:27:46,-19.404,1277.893,1277.831,1141.998,1464.172,-19.591,0.003
28.08.2021 17:27:47,-19.296,1277.404,1278.289,1142.822,1463.806,-19.515,-0.054
28.08.2021 17:27:48,-19.193,1277.496,1277.008,1144.744,1462.829,-19.331,0.030
28.08.2021 17:27:49,-19.097,1277.282,1277.435,1146.515,1462.890,-19.214,-0.009
28.08.2021 17:27:50,-18.992,1276.580,1277.465,1147.399,1462.890,-19.154,-0.054
28.08.2021 17:27:51,-18.904,1277.160,1277.160,1149.505,1461.486,-18.936,-0.000
28.08.2021 17:27:52,-18.808,1276.550,1275.879,1150.756,1460.357,-18.790,0.041
28.08.2021 17:27:53,-18.698,1276.031,1276.519,1152.313,1460.113,-18.672,-0.030
28.08.2021 17:27:54,-18.592,1276.001,1275.817,1153.381,1459.106,-18.545,0.011
28.08.2021 17:27:55,-18.499,1275.268,1275.360,1155.639,1458.282,-18.348,-0.005
28.08.2021 17:27:56,-18.399,1275.177,1275.665,1156.616,1457.885,-18.261,-0.030
28.08.2021 17:27:57,-18.298,1274.810,1274.627,1157.348,1456.604,-18.143,0.011
28.08.2021 17:27:58,-18.208,1274.749,1274.902,1159.484,1455.688,-17.949,-0.009
28.08.2021 17:28:00,-18.102,1274.139,1273.559,1160.552,1455.383,-17.861,0.036
28.08.2021 17:28:01,-17.997,1273.742,1274.230,1162.841,1454.315,-17.649,-0.030
28.08.2021 17:28:02,-17.896,1273.193,1273.162,1164.825,1453.124,-17.452,0.001
28.08.2021 17:28:03,-17.808,1272.979,1272.796,1165.832,1451.507,-17.297,0.011
28.08.2021 17:28:04,-17.695,1272.552,1273.162,1166.992,1451.202,-17.203,-0.037
28.08.2021 17:28:05,-17.602,1272.460,1272.583,1168.426,1450.561,-17.072,-0.007
28.08.2021 17:28:06,-17.499,1272.064,1272.033,1169.403,1449.401,-16.944,0.001
28.08.2021 17:28:07,-17.404,1271.301,1272.155,1171.447,1448.516,-16.759,-0.053
28.08.2021 17:28:08,-17.298,1270.996,1271.423,1173.462,1447.509,-16.570,-0.026
28.08.2021 17:28:09,-17.200,1270.355,1271.270,1173.828,1446.563,-16.494,-0.057
28.08.2021 17:28:10,-17.092,1270.446,1270.751,1175.231,1445.861,-16.363,-0.019
28.08.2021 17:28:11,-17.004,1270.080,1269.958,1176.879,1444.305,-16.168,0.007
28.08.2021 17:28:12,-16.896,1269.592,1270.050,1177.520,1444.366,-16.129,-0.028
28.08.2021 17:28:13,-16.803,1269.012,1269.256,1179.015,1442.535,-15.930,-0.015
28.08.2021 17:28:14,-16.695,1268.890,1268.707,1180.145,1442.566,-15.856,0.011
28.08.2021 17:28:15,-16.600,1268.401,1268.432,1181.335,1441.467,-15.718,-0.001
28.08.2021 17:28:16,-16.494,1267.913,1268.524,1182.159,1441.009,-15.638,-0.038
28.08.2021 17:28:17,-16.406,1268.127,1268.310,1183.929,1439.788,-15.454,-0.011
28.08.2021 17:28:18,-16.296,1267.089,1267.761,1185.241,1438.659,-15.305,-0.041
28.08.2021 17:28:19,-16.198,1266.632,1267.242,1185.791,1438.567,-15.264,-0.038
28.08.2021 17:28:20,-16.095,1266.174,1266.357,1186.492,1436.981,-15.131,-0.011
28.08.2021 17:28:21,-16.004,1265.899,1265.960,1188.018,1435.638,-14.957,-0.003
28.08.2021 17:28:22,-15.906,1265.502,1265.777,1189.026,1435.668,-14.892,-0.017
28.08.2021 17:28:23,-15.798,1265.136,1265.197,1190.216,1434.387,-14.743,-0.003
28.08.2021 17:28:24,-15.695,1264.068,1265.167,1191.253,1433.471,-14.624,-0.068
28.08.2021 17:28:25,-15.600,1263.916,1264.099,1192.138,1432.830,-14.531,-0.011
28.08.2021 17:28:26,-15.492,1264.160,1263.946,1193.054,1431.396,-14.392,0.013
28.08.2021 17:28:27,-15.406,1263.061,1263.092,1194.915,1429.962,-14.191,-0.001
28.08.2021 17:28:28,-15.293,1263.061,1262.786,1195.831,1429.321,-14.095,0.017
28.08.2021 17:28:29,-15.195,1262.573,1262.786,1196.411,1428.253,-13.998,-0.013
28.08.2021 17:28:30,-15.107,1261.718,1261.932,1197.784,1426.177,-13.794,-0.013
28.08.2021 17:28:31,-15.007,1261.108,1261.627,1198.730,1426.360,-13.742,-0.032
28.08.2021 17:28:32,-14.904,1260.528,1260.681,1199.920,1424.865,-13.581,-0.009
28.08.2021 17:28:33,-14.803,1260.345,1260.375,1201.660,1423.889,-13.413,-0.001
28.08.2021 17:28:34,-14.700,1260.070,1260.070,1201.293,1422.668,-13.370,0.000
28.08.2021 17:28:35,-14.607,1259.155,1259.216,1202.667,1420.867,-13.180,-0.003
28.08.2021 17:28:36,-14.507,1258.880,1259.368,1204.223,1420.074,-13.034,-0.030
28.08.2021 17:28:37,-14.406,1258.483,1258.758,1204.498,1418.945,-12.954,-0.017
28.08.2021 17:28:38,-14.293,1257.751,1258.117,1205.749,1417.694,-12.803,-0.023
28.08.2021 17:28:39,-14.200,1256.958,1257.843,1207.427,1416.534,-12.629,-0.055
28.08.2021 17:28:40,-14.102,1257.049,1258.026,1207.641,1415.649,-12.566,-0.061
28.08.2021 17:28:41,-13.992,1256.286,1256.774,1208.832,1414.428,-12.420,-0.030
28.08.2021 17:28:42,-13.896,1255.554,1256.164,1209.381,1413.574,-12.337,-0.038
28.08.2021 17:28:43,-13.801,1255.462,1255.828,1210.845,1412.872,-12.202,-0.023
28.08.2021 17:28:44,-13.695,1255.035,1256.011,1211.425,1411.316,-12.078,-0.061
28.08.2021 17:28:45,-13.605,1254.302,1255.126,1212.493,1410.400,-11.957,-0.052
28.08.2021 17:28:46,-13.492,1254.150,1254.547,1212.890,1409.423,-11.877,-0.025
28.08.2021 17:28:47,-13.391,1253.509,1253.845,1212.799,1408.294,-11.820,-0.021
28.08.2021 17:28:48,-13.293,1252.563,1253.234,1214.050,1407.623,-11.701,-0.042
28.08.2021 17:28:49,-13.198,1252.166,1252.838,1214.691,1406.097,-11.574,-0.042
28.08.2021 17:28:50,-13.095,1252.258,1253.082,1215.698,1405.517,-11.476,-0.052
28.08.2021 17:28:51,-12.997,1251.281,1252.197,1216.308,1404.693,-11.390,-0.057
28.08.2021 17:28:52,-12.904,1250.885,1251.861,1216.949,1402.984,-11.253,-0.061
28.08.2021 17:28:53,-12.796,1250.000,1250.946,1217.498,1402.282,-11.178,-0.059
28.08.2021 17:28:54,-12.695,1249.908,1250.793,1218.322,1401.885,-11.102,-0.056
28.08.2021 17:28:55,-12.607,1249.572,1250.000,1219.513,1400.665,-10.956,-0.027
28.08.2021 17:28:56,-12.497,1249.206,1249.939,1220.062,1399.536,-10.857,-0.046
28.08.2021 17:28:57,-12.394,1248.412,1248.840,1220.092,1398.956,-10.823,-0.027
28.08.2021 17:28:58,-12.293,1247.894,1248.687,1221.130,1396.972,-10.644,-0.050
28.08.2021 17:28:59,-12.195,1247.283,1248.046,1221.679,1395.934,-10.549,-0.048
28.08.2021 17:29:00,-12.092,1246.795,1247.985,1222.351,1395.385,-10.475,-0.075
28.08.2021 17:29:01,-11.994,1245.788,1247.558,1223.113,1394.012,-10.348,-0.112
28.08.2021 17:29:02,-11.901,1245.666,1246.673,1223.327,1392.028,-10.222,-0.064
28.08.2021 17:29:03,-11.793,1245.147,1246.246,1223.968,1391.113,-10.129,-0.069
28.08.2021 17:29:04,-11.705,1244.842,1245.086,1225.525,1389.678,-9.947,-0.015
28.08.2021 17:29:05,-11.600,1244.171,1244.872,1224.822,1388.580,-9.930,-0.044
28.08.2021 17:29:06,-11.502,1243.743,1244.842,1226.440,1387.939,-9.789,-0.069
28.08.2021 17:29:07,-11.391,1242.889,1243.988,1226.867,1386.566,-9.684,-0.070
28.08.2021 17:29:08,-11.301,1242.950,1244.323,1227.233,1385.711,-9.611,-0.087
28.08.2021 17:29:09,-11.208,1242.004,1242.889,1227.935,1384.338,-9.488,-0.056
28.08.2021 17:29:10,-11.092,1241.790,1243.072,1228.759,1383.819,-9.405,-0.081
28.08.2021 17:29:11,-10.994,1241.149,1241.882,1229.126,1382.476,-9.305,-0.046
28.08.2021 17:29:12,-10.901,1240.325,1241.455,1229.064,1381.469,-9.252,-0.072
28.08.2021 17:29:13,-10.808,1239.990,1240.844,1229.980,1380.554,-9.140,-0.054
28.08.2021 17:29:14,-10.705,1239.227,1240.478,1230.773,1380.065,-9.062,-0.079
28.08.2021 17:29:15,-10.597,1239.257,1239.471,1230.926,1378.875,-8.984,-0.013
28.08.2021 17:29:16,-10.507,1238.586,1239.074,1231.719,1377.685,-8.865,-0.031
28.08.2021 17:29:17,-10.391,1237.854,1238.677,1232.116,1377.746,-8.843,-0.052
28.08.2021 17:29:18,-10.303,1237.457,1238.403,1232.452,1376.312,-8.739,-0.060
28.08.2021 17:29:19,-10.205,1236.541,1237.823,1232.483,1375.518,-8.691,-0.082
28.08.2021 17:29:20,-10.092,1236.267,1237.335,1233.367,1374.389,-8.570,-0.068
28.08.2021 17:29:21,-9.992,1236.083,1236.450,1233.795,1373.443,-8.488,-0.023
28.08.2021 17:29:22,-9.894,1235.626,1236.572,1234.130,1372.680,-8.423,-0.060
28.08.2021 17:29:23,-9.801,1234.497,1235.961,1234.344,1371.307,-8.330,-0.093
28.08.2021 17:29:24,-9.700,1234.375,1234.649,1234.985,1370.086,-8.218,-0.017
28.08.2021 17:29:25,-9.602,1233.947,1234.100,1235.809,1368.469,-8.072,-0.009
28.08.2021 17:29:26,-9.497,1233.001,1234.130,1236.023,1368.499,-8.060,-0.072
28.08.2021 17:29:27,-9.391,1232.330,1233.764,1236.724,1367.431,-7.954,-0.092
28.08.2021 17:29:28,-9.301,1232.605,1232.879,1237.396,1365.753,-7.814,-0.017
28.08.2021 17:29:29,-9.195,1231.628,1233.032,1237.823,1364.746,-7.728,-0.090
28.08.2021 17:29:30,-9.092,1230.987,1231.811,1238.250,1363.556,-7.632,-0.053
28.08.2021 17:29:31,-9.002,1231.079,1231.719,1239.715,1362.701,-7.489,-0.041
28.08.2021 17:29:32,-8.889,1230.041,1230.926,1240.264,1361.389,-7.378,-0.057
28.08.2021 17:29:33,-8.793,1229.766,1230.468,1240.570,1360.321,-7.296,-0.045
28.08.2021 17:29:34,-8.698,1229.492,1230.407,1242.187,1359.008,-7.117,-0.058
28.08.2021 17:29:35,-8.600,1229.095,1229.644,1241.882,1357.818,-7.067,-0.035
28.08.2021 17:29:36,-8.499,1228.759,1229.522,1242.340,1356.811,-6.979,-0.049
28.08.2021 17:29:37,-8.404,1228.027,1229.156,1243.469,1354.797,-6.790,-0.072
28.08.2021 17:29:38,-8.306,1227.844,1229.583,1244.262,1354.644,-6.730,-0.112
28.08.2021 17:29:39,-8.195,1227.356,1227.935,1244.812,1352.966,-6.597,-0.037
28.08.2021 17:29:40,-8.107,1227.051,1228.057,1245.635,1351.623,-6.467,-0.064
28.08.2021 17:29:41,-7.997,1226.776,1228.179,1244.903,1351.348,-6.497,-0.090
28.08.2021 17:29:42,-7.906,1225.982,1226.867,1245.849,1349.090,-6.305,-0.057
28.08.2021 17:29:44,-7.806,1226.257,1226.959,1246.612,1348.724,-6.235,-0.045
28.08.2021 17:29:45,-7.705,1225.402,1226.836,1247.039,1347.656,-6.145,-0.092
28.08.2021 17:29:46,-7.600,1224.945,1226.104,1247.558,1346.954,-6.071,-0.074
28.08.2021 17:29:47,-7.492,1224.731,1225.799,1248.108,1346.191,-5.991,-0.069
28.08.2021 17:29:48,-7.406,1224.029,1225.433,1248.229,1345.184,-5.924,-0.090
28.08.2021 17:29:49,-7.306,1224.090,1224.822,1248.535,1344.543,-5.867,-0.047
28.08.2021 17:29:50,-7.193,1223.297,1225.006,1249.176,1343.322,-5.755,-0.110
28.08.2021 17:29:51,-7.105,1223.205,1224.212,1249.328,1342.773,-5.713,-0.065
28.08.2021 17:29:52,-6.999,1222.778,1224.212,1249.084,1341.949,-5.680,-0.092
28.08.2021 17:29:53,-6.896,1222.198,1223.724,1249.420,1341.217,-5.615,-0.098
28.08.2021 17:29:54,-6.798,1222.107,1223.083,1250.457,1340.393,-5.501,-0.063
28.08.2021 17:29:55,-6.698,1221.313,1222.991,1250.915,1339.324,-5.409,-0.108
28.08.2021 17:29:56,-6.590,1221.191,1223.022,1250.946,1338.806,-5.376,-0.118
28.08.2021 17:29:57,-6.494,1220.916,1222.168,1251.251,1337.921,-5.304,-0.081
28.08.2021 17:29:58,-6.399,1220.489,1222.229,1252.349,1337.219,-5.193,-0.112
28.08.2021 17:29:59,-6.293,1220.184,1221.740,1252.105,1335.937,-5.133,-0.101
28.08.2021 17:30:00,-6.195,1220.184,1221.221,1252.655,1335.113,-5.049,-0.067
28.08.2021 17:30:01,-6.095,1219.177,1221.557,1252.899,1334.167,-4.978,-0.154
28.08.2021 17:30:02,-6.002,1219.543,1220.947,1253.845,1333.434,-4.875,-0.091
28.08.2021 17:30:03,-5.906,1219.268,1220.428,1253.997,1332.641,-4.818,-0.075
28.08.2021 17:30:04,-5.796,1218.658,1220.641,1254.333,1331.481,-4.728,-0.128
28.08.2021 17:30:05,-5.698,1218.719,1219.665,1254.821,1330.413,-4.633,-0.061
28.08.2021 17:30:06,-5.592,1218.383,1219.482,1255.340,1330.444,-4.602,-0.071
28.08.2021 17:30:07,-5.502,1217.926,1219.268,1255.676,1328.979,-4.494,-0.087
28.08.2021 17:30:08,-5.394,1217.803,1218.810,1256.072,1328.491,-4.440,-0.065
28.08.2021 17:30:09,-5.296,1217.498,1218.475,1256.439,1327.178,-4.339,-0.063
28.08.2021 17:30:10,-5.208,1216.979,1218.383,1257.171,1326.476,-4.251,-0.091
28.08.2021 17:30:11,-5.105,1217.010,1218.170,1257.598,1325.531,-4.167,-0.075
28.08.2021 17:30:12,-4.992,1217.193,1218.505,1258.178,1325.408,-4.123,-0.085
28.08.2021 17:30:13,-4.906,1216.827,1217.559,1259.063,1324.371,-4.006,-0.047
28.08.2021 17:30:14,-4.796,1216.094,1217.590,1259.338,1323.730,-3.950,-0.097
28.08.2021 17:30:15,-4.700,1216.705,1217.010,1259.704,1322.418,-3.849,-0.019
28.08.2021 17:30:16,-4.602,1215.545,1217.407,1260.742,1322.021,-3.760,-0.121
28.08.2021 17:30:17,-4.507,1215.911,1217.193,1260.681,1321.258,-3.718,-0.083
28.08.2021 17:30:18,-4.399,1216.094,1216.552,1261.169,1320.861,-3.663,-0.029
28.08.2021 17:30:19,-4.296,1214.752,1216.552,1261.840,1319.671,-3.550,-0.117
28.08.2021 17:30:20,-4.205,1215.240,1216.186,1261.932,1319.091,-3.509,-0.061
28.08.2021 17:30:21,-4.097,1215.148,1215.667,1263.183,1318.695,-3.407,-0.033
28.08.2021 17:30:22,-4.002,1214.233,1215.515,1263.580,1317.626,-3.318,-0.083
28.08.2021 17:30:23,-3.906,1214.385,1215.820,1263.397,1317.321,-3.311,-0.093
28.08.2021 17:30:24,-3.806,1214.569,1214.965,1264.557,1316.528,-3.191,-0.025
28.08.2021 17:30:25,-3.705,1214.721,1215.820,1265.045,1315.826,-3.118,-0.071
28.08.2021 17:30:26,-3.605,1214.264,1215.332,1265.594,1314.910,-3.028,-0.069
28.08.2021 17:30:27,-3.504,1214.294,1214.782,1266.510,1314.025,-2.918,-0.031
28.08.2021 17:30:28,-3.399,1214.416,1214.568,1267.120,1313.110,-2.824,-0.009
28.08.2021 17:30:29,-3.308,1213.836,1214.477,1267.333,1312.560,-2.778,-0.041
28.08.2021 17:30:30,-3.205,1213.714,1214.141,1268.951,1312.072,-2.647,-0.027
28.08.2021 17:30:31,-3.105,1213.500,1214.477,1269.714,1311.126,-2.542,-0.063
28.08.2021 17:30:32,-3.007,1213.714,1214.324,1269.561,1310.089,-2.489,-0.039
28.08.2021 17:30:33,-2.894,1213.165,1213.836,1270.263,1309.661,-2.420,-0.043
28.08.2021 17:30:34,-2.808,1213.134,1214.202,1271.148,1308.197,-2.276,-0.069
28.08.2021 17:30:35,-2.705,1213.043,1213.958,1271.484,1306.823,-2.172,-0.059
28.08.2021 17:30:36,-2.605,1213.317,1213.897,1273.193,1306.884,-2.069,-0.037
28.08.2021 17:30:37,-2.492,1212.707,1212.921,1273.315,1305.389,-1.971,-0.013
28.08.2021 17:30:38,-2.396,1213.226,1213.104,1273.773,1304.687,-1.900,0.007
28.08.2021 17:30:39,-2.306,1212.615,1212.859,1275.177,1303.436,-1.736,-0.015
28.08.2021 17:30:40,-2.205,1212.463,1213.439,1275.848,1302.825,-1.657,-0.063
28.08.2021 17:30:41,-2.092,1213.226,1212.829,1275.756,1301.727,-1.596,0.025
28.08.2021 17:30:42,-2.007,1213.073,1213.134,1276.519,1301.757,-1.551,-0.003
28.08.2021 17:30:43,-1.906,1212.646,1212.859,1277.130,1300.232,-1.420,-0.013
28.08.2021 17:30:44,-1.793,1212.982,1213.256,1277.709,1299.804,-1.358,-0.017
28.08.2021 17:30:45,-1.695,1212.738,1212.799,1278.778,1298.736,-1.227,-0.003
28.08.2021 17:30:46,-1.607,1212.127,1213.195,1278.686,1297.820,-1.176,-0.069
28.08.2021 17:30:47,-1.499,1212.738,1213.135,1279.937,1297.393,-1.073,-0.025
28.08.2021 17:30:48,-1.391,1212.219,1212.615,1280.059,1295.868,-0.972,-0.025
28.08.2021 17:30:49,-1.306,1212.432,1212.982,1280.273,1295.959,-0.964,-0.035
28.08.2021 17:30:50,-1.205,1212.371,1212.615,1280.822,1294.799,-0.859,-0.015
28.08.2021 17:30:51,-1.092,1211.791,1212.921,1281.280,1294.067,-0.786,-0.073
28.08.2021 17:30:52,-1.007,1212.951,1212.402,1282.135,1293.151,-0.677,0.035
28.08.2021 17:30:53,-0.906,1212.493,1212.799,1282.470,1292.785,-0.634,-0.019
28.08.2021 17:30:54,-0.801,1212.066,1213.012,1282.684,1292.083,-0.578,-0.061
28.08.2021 17:30:55,-0.700,1212.677,1212.524,1283.691,1291.290,-0.467,0.009
28.08.2021 17:30:56,-0.592,1212.768,1212.829,1283.966,1290.466,-0.400,-0.003
28.08.2021 17:30:57,-0.497,1212.615,1212.799,1283.752,1290.832,-0.435,-0.011
28.08.2021 17:30:58,-0.396,1212.951,1212.555,1284.728,1289.153,-0.272,0.025
28.08.2021 17:30:59,-0.308,1212.432,1213.226,1285.278,1288.726,-0.212,-0.051
28.08.2021 17:31:00,-0.193,1212.585,1212.646,1286.102,1287.842,-0.107,-0.003
28.08.2021 17:31:01,-0.097,1213.073,1212.494,1286.804,1287.597,-0.048,0.037
28.08.2021 17:31:02,0.008,1212.799,1212.646,1287.475,1287.261,0.013,0.009
28.08.2021 17:31:03,0.094,1212.921,1213.043,1288.116,1286.529,0.097,-0.007
28.08.2021 17:31:04,0.192,1213.623,1213.256,1288.970,1285.552,0.210,0.023
28.08.2021 17:31:05,0.295,1212.921,1213.592,1289.337,1285.583,0.231,-0.043
28.08.2021 17:31:06,0.405,1212.921,1213.378,1289.978,1284.515,0.336,-0.029
28.08.2021 17:31:07,0.496,1213.409,1213.104,1290.832,1284.118,0.413,0.019
28.08.2021 17:31:08,0.594,1213.195,1213.012,1291.076,1283.019,0.496,0.011
28.08.2021 17:31:09,0.694,1213.317,1213.012,1291.961,1282.531,0.580,0.019
28.08.2021 17:31:10,0.792,1213.226,1212.951,1292.510,1281.433,0.682,0.017
28.08.2021 17:31:11,0.895,1212.921,1213.378,1293.395,1281.250,0.747,-0.029
28.08.2021 17:31:12,0.998,1213.012,1213.622,1294.067,1280.456,0.837,-0.039
28.08.2021 17:31:13,1.099,1213.256,1214.172,1294.555,1279.846,0.905,-0.059
28.08.2021 17:31:14,1.192,1213.775,1213.928,1295.105,1279.998,0.929,-0.009
28.08.2021 17:31:15,1.292,1213.775,1213.836,1295.745,1278.533,1.059,-0.003
28.08.2021 17:31:16,1.408,1213.623,1213.714,1296.569,1278.320,1.123,-0.005
28.08.2021 17:31:17,1.503,1214.019,1214.111,1296.814,1278.320,1.138,-0.005
28.08.2021 17:31:18,1.606,1214.141,1214.202,1298.431,1277.954,1.259,-0.003
28.08.2021 17:31:19,1.694,1214.294,1214.080,1298.828,1277.313,1.323,0.013
28.08.2021 17:31:20,1.795,1213.928,1214.050,1298.767,1277.282,1.321,-0.007
28.08.2021 17:31:21,1.903,1214.141,1214.050,1299.652,1276.977,1.394,0.005
28.08.2021 17:31:22,1.996,1214.752,1215.087,1300.292,1276.611,1.456,-0.021
28.08.2021 17:31:23,2.096,1215.026,1214.599,1300.994,1276.092,1.531,0.027
28.08.2021 17:31:24,2.192,1214.630,1215.149,1302.154,1275.543,1.636,-0.033
28.08.2021 17:31:25,2.297,1214.782,1215.179,1303.314,1275.177,1.729,-0.025
28.08.2021 17:31:26,2.400,1214.843,1215.240,1303.497,1274.932,1.755,-0.025
28.08.2021 17:31:28,2.506,1215.545,1215.088,1303.833,1275.115,1.764,0.029
28.08.2021 17:31:29,2.604,1215.423,1214.935,1304.962,1273.803,1.914,0.031
28.08.2021 17:31:30,2.699,1215.881,1215.179,1305.694,1272.979,2.010,0.045
28.08.2021 17:31:31,2.802,1215.759,1215.820,1307.067,1272.704,2.110,-0.003
28.08.2021 17:31:32,2.898,1215.789,1215.606,1307.800,1271.697,2.218,0.011
28.08.2021 17:31:33,3.008,1215.942,1215.454,1308.685,1271.270,2.298,0.031
28.08.2021 17:31:34,3.106,1215.789,1215.789,1309.234,1270.812,2.360,0.000
28.08.2021 17:31:35,3.204,1216.217,1216.003,1310.638,1269.714,2.513,0.013
28.08.2021 17:31:36,3.307,1216.339,1216.064,1311.920,1269.042,2.632,0.017
28.08.2021 17:31:37,3.408,1216.583,1216.125,1312.835,1268.738,2.707,0.029
28.08.2021 17:31:38,3.506,1216.430,1216.033,1313.751,1267.486,2.840,0.025
28.08.2021 17:31:39,3.599,1216.705,1216.186,1314.636,1266.540,2.952,0.033
28.08.2021 17:31:40,3.704,1217.040,1216.369,1316.070,1265.991,3.073,0.043
28.08.2021 17:31:41,3.802,1216.735,1216.491,1316.558,1265.502,3.133,0.015
28.08.2021 17:31:42,3.895,1217.224,1216.766,1318.206,1264.190,3.314,0.029
28.08.2021 17:31:43,4.008,1217.346,1216.644,1319.549,1263.397,3.445,0.045
28.08.2021 17:31:44,4.109,1217.681,1217.407,1320.098,1262.481,3.535,0.017
28.08.2021 17:31:45,4.202,1218.566,1217.224,1320.953,1261.962,3.619,0.087
28.08.2021 17:31:46,4.302,1217.926,1217.315,1322.448,1260.375,3.808,0.039
28.08.2021 17:31:47,4.408,1218.170,1217.468,1322.967,1259.979,3.864,0.045
28.08.2021 17:31:48,4.508,1218.627,1217.590,1324.035,1259.185,3.978,0.067
28.08.2021 17:31:49,4.594,1218.414,1217.987,1324.828,1258.209,4.087,0.027
28.08.2021 17:31:50,4.697,1218.902,1218.048,1325.470,1258.056,4.135,0.055
28.08.2021 17:31:51,4.802,1219.268,1218.475,1326.568,1257.171,4.256,0.051
28.08.2021 17:31:52,4.908,1219.573,1218.750,1327.178,1256.011,4.366,0.053
28.08.2021 17:31:53,5.003,1219.726,1218.933,1328.399,1255.493,4.471,0.051
28.08.2021 17:31:54,5.104,1219.665,1219.146,1329.071,1255.187,4.530,0.033
28.08.2021 17:31:55,5.192,1220.581,1219.787,1329.223,1254.364,4.591,0.051
28.08.2021 17:31:56,5.300,1220.550,1219.696,1330.383,1254.028,4.682,0.055
28.08.2021 17:31:57,5.408,1220.764,1219.940,1331.115,1253.356,4.768,0.053
28.08.2021 17:31:58,5.508,1220.886,1219.909,1330.902,1252.807,4.790,0.063
28.08.2021 17:31:59,5.606,1221.526,1220.092,1332.122,1252.044,4.910,0.093
28.08.2021 17:32:00,5.702,1221.466,1221.313,1332.214,1251.831,4.929,0.009
28.08.2021 17:32:01,5.802,1222.320,1220.794,1333.587,1250.579,5.090,0.098
28.08.2021 17:32:02,5.908,1222.015,1221.435,1333.923,1250.000,5.147,0.037
28.08.2021 17:32:03,5.996,1222.167,1222.198,1334.625,1249.664,5.210,-0.001
28.08.2021 17:32:04,6.109,1223.114,1221.557,1335.662,1249.206,5.300,0.100
28.08.2021 17:32:05,6.192,1223.052,1221.679,1336.303,1248.382,5.390,0.089
28.08.2021 17:32:06,6.310,1223.388,1222.229,1337.097,1247.863,5.470,0.075
28.08.2021 17:32:07,6.408,1223.937,1222.778,1338.012,1247.039,5.577,0.075
28.08.2021 17:32:08,6.496,1223.846,1223.022,1338.684,1246.551,5.647,0.053
28.08.2021 17:32:09,6.606,1224.792,1223.296,1339.111,1245.758,5.723,0.096
28.08.2021 17:32:10,6.704,1224.456,1223.541,1340.423,1245.056,5.845,0.059
28.08.2021 17:32:11,6.800,1224.639,1223.724,1340.515,1244.903,5.860,0.059
28.08.2021 17:32:12,6.905,1225.372,1224.090,1341.674,1243.621,6.010,0.082
28.08.2021 17:32:13,6.998,1225.616,1224.365,1342.742,1242.981,6.114,0.080
28.08.2021 17:32:14,7.109,1225.768,1224.243,1342.376,1242.309,6.135,0.098
28.08.2021 17:32:15,7.204,1225.708,1224.182,1344.085,1242.004,6.255,0.098
28.08.2021 17:32:16,7.292,1226.623,1225.128,1344.390,1240.844,6.347,0.096
28.08.2021 17:32:17,7.408,1227.477,1224.884,1345.306,1240.051,6.451,0.167
28.08.2021 17:32:18,7.496,1227.020,1225.311,1347.320,1239.776,6.587,0.110
28.08.2021 17:32:19,7.599,1227.050,1226.226,1347.289,1239.990,6.572,0.053
28.08.2021 17:32:20,7.702,1227.783,1225.738,1347.991,1239.135,6.668,0.132
28.08.2021 17:32:21,7.792,1228.027,1226.013,1348.999,1238.342,6.777,0.130
28.08.2021 17:32:22,7.908,1227.661,1225.860,1349.792,1237.792,6.859,0.116
28.08.2021 17:32:23,7.993,1228.515,1226.531,1350.799,1237.426,6.941,0.128
28.08.2021 17:32:24,8.104,1228.851,1226.928,1351.867,1237.182,7.019,0.124
28.08.2021 17:32:25,8.192,1229.003,1227.050,1353.118,1236.266,7.151,0.126
28.08.2021 17:32:26,8.307,1229.339,1227.722,1353.485,1235.168,7.243,0.104
28.08.2021 17:32:27,8.408,1229.705,1227.386,1354.919,1235.473,7.307,0.149
28.08.2021 17:32:28,8.498,1230.072,1227.874,1355.468,1235.107,7.363,0.141
28.08.2021 17:32:29,8.594,1230.407,1228.179,1357.086,1233.551,7.557,0.143
28.08.2021 17:32:30,8.707,1231.018,1228.760,1357.208,1233.123,7.591,0.145
28.08.2021 17:32:31,8.807,1231.811,1228.515,1358.734,1232.605,7.713,0.212
28.08.2021 17:32:32,8.905,1231.353,1229.217,1359.283,1231.475,7.818,0.137
28.08.2021 17:32:33,9.001,1231.811,1229.431,1361.144,1231.323,7.936,0.153
28.08.2021 17:32:34,9.104,1232.452,1229.797,1362.426,1230.285,8.077,0.170
28.08.2021 17:32:35,9.204,1232.971,1230.407,1363.342,1229.034,8.210,0.164
28.08.2021 17:32:36,9.305,1233.123,1230.713,1364.349,1228.790,8.284,0.155
28.08.2021 17:32:37,9.405,1233.612,1230.956,1365.844,1227.447,8.457,0.170
28.08.2021 17:32:38,9.503,1233.398,1231.048,1366.546,1226.959,8.529,0.151
28.08.2021 17:32:39,9.604,1234.222,1230.987,1368.164,1225.708,8.703,0.207
28.08.2021 17:32:40,9.699,1234.558,1231.964,1369.781,1224.334,8.885,0.166
28.08.2021 17:32:41,9.805,1235.290,1232.177,1370.361,1223.510,8.972,0.199
28.08.2021 17:32:42,9.900,1235.870,1232.330,1371.459,1222.045,9.130,0.227
28.08.2021 17:32:43,10.008,1235.504,1232.513,1373.291,1220.947,9.306,0.192
28.08.2021 17:32:44,10.109,1235.839,1233.306,1374.420,1219.604,9.458,0.162
28.08.2021 17:32:45,10.204,1236.938,1233.093,1375.885,1218.902,9.587,0.246
28.08.2021 17:32:46,10.305,1236.816,1233.489,1376.403,1217.315,9.720,0.213
28.08.2021 17:32:47,10.405,1237.274,1233.215,1377.227,1216.338,9.831,0.260
28.08.2021 17:32:48,10.508,1237.579,1234.375,1378.936,1215.118,10.008,0.205
28.08.2021 17:32:49,10.606,1238.159,1234.497,1379.882,1213.378,10.175,0.234
28.08.2021 17:32:50,10.704,1237.670,1234.497,1380.462,1212.097,10.291,0.203
28.08.2021 17:32:51,10.805,1238.555,1234.191,1381.347,1210.845,10.423,0.279
28.08.2021 17:32:52,10.905,1238.617,1234.771,1382.598,1210.022,10.549,0.246
28.08.2021 17:32:53,11.006,1239.105,1235.320,1383.148,1208.862,10.656,0.242
28.08.2021 17:32:54,11.109,1239.563,1235.656,1384.247,1208.129,10.766,0.250
28.08.2021 17:32:55,11.207,1239.929,1236.236,1384.796,1206.542,10.901,0.236
28.08.2021 17:32:56,11.305,1240.264,1236.145,1385.772,1205.291,11.038,0.263
28.08.2021 17:32:57,11.405,1240.722,1237.091,1386.749,1204.315,11.158,0.232
28.08.2021 17:32:58,11.506,1241.058,1237.274,1387.512,1203.552,11.251,0.241
28.08.2021 17:32:59,11.609,1241.333,1236.877,1388.214,1202.758,11.343,0.284
28.08.2021 17:33:00,11.704,1241.333,1237.579,1388.793,1201.568,11.454,0.239
28.08.2021 17:33:01,11.797,1241.485,1237.518,1388.946,1200.927,11.505,0.253
28.08.2021 17:33:02,11.903,1242.797,1237.975,1390.594,1199.615,11.684,0.308
28.08.2021 17:33:03,12.006,1242.279,1237.853,1390.319,1197.937,11.779,0.282
28.08.2021 17:33:04,12.109,1242.889,1238.220,1391.662,1197.875,11.859,0.298
28.08.2021 17:33:05,12.207,1242.798,1238.708,1392.242,1196.136,12.006,0.261
28.08.2021 17:33:06,12.297,1242.828,1238.891,1392.608,1195.037,12.100,0.251
28.08.2021 17:33:07,12.408,1243.408,1238.678,1393.341,1193.664,12.232,0.302
28.08.2021 17:33:08,12.501,1243.896,1239.257,1394.439,1192.810,12.350,0.296
28.08.2021 17:33:09,12.594,1244.079,1240.142,1395.324,1191.986,12.454,0.251
28.08.2021 17:33:10,12.709,1244.903,1240.142,1395.782,1190.673,12.567,0.303
28.08.2021 17:33:11,12.792,1244.873,1240.020,1397.033,1189.514,12.714,0.309
28.08.2021 17:33:13,12.893,1244.964,1240.692,1397.918,1188.629,12.823,0.272
28.08.2021 17:33:14,13.008,1245.849,1240.814,1397.766,1187.927,12.861,0.320
28.08.2021 17:33:15,13.099,1245.697,1241.027,1399.261,1186.126,13.064,0.297
28.08.2021 17:33:16,13.194,1246.246,1241.119,1399.353,1185.058,13.140,0.326
28.08.2021 17:33:17,13.292,1246.032,1241.577,1400.695,1184.326,13.264,0.283
28.08.2021 17:33:18,13.398,1246.093,1241.821,1401.428,1183.135,13.385,0.272
28.08.2021 17:33:19,13.498,1246.520,1241.485,1402.068,1182.220,13.481,0.320
28.08.2021 17:33:20,13.601,1246.948,1242.034,1403.198,1180.053,13.689,0.312
28.08.2021 17:33:21,13.699,1246.704,1242.156,1403.625,1179.077,13.778,0.289
28.08.2021 17:33:22,13.807,1247.314,1242.614,1404.327,1177.886,13.897,0.299
28.08.2021 17:33:23,13.903,1247.436,1242.309,1405.212,1176.910,14.012,0.326
28.08.2021 17:33:24,13.996,1247.680,1242.553,1405.761,1175.445,14.140,0.326
28.08.2021 17:33:25,14.099,1247.528,1242.553,1405.914,1174.896,14.186,0.316
28.08.2021 17:33:26,14.207,1248.443,1243.286,1407.592,1173.766,14.355,0.328
28.08.2021 17:33:27,14.302,1248.260,1242.919,1408.203,1172.882,14.448,0.339
28.08.2021 17:33:28,14.403,1248.412,1243.225,1409.149,1171.600,14.587,0.329
28.08.2021 17:33:29,14.501,1248.199,1243.072,1410.217,1169.891,14.761,0.326
28.08.2021 17:33:30,14.601,1249.176,1243.591,1410.858,1169.433,14.828,0.355
28.08.2021 17:33:31,14.692,1248.840,1243.316,1411.651,1167.327,15.013,0.351
28.08.2021 17:33:32,14.807,1248.199,1243.285,1412.628,1165.893,15.164,0.312
28.08.2021 17:33:33,14.900,1248.809,1243.804,1413.116,1164.306,15.298,0.318
28.08.2021 17:33:34,15.001,1248.901,1244.140,1414.062,1162.841,15.449,0.302
28.08.2021 17:33:35,15.106,1249.328,1243.865,1415.649,1161.224,15.647,0.347
28.08.2021 17:33:36,15.207,1249.328,1244.201,1415.832,1159.850,15.750,0.325
28.08.2021 17:33:37,15.305,1248.962,1243.865,1416.931,1158.538,15.899,0.323
28.08.2021 17:33:38,15.408,1249.359,1244.262,1418.213,1156.677,16.096,0.323
28.08.2021 17:33:39,15.501,1249.969,1244.079,1419.067,1155.334,16.235,0.374
28.08.2021 17:33:40,15.609,1249.969,1244.293,1420.227,1153.350,16.434,0.360
28.08.2021 17:33:41,15.707,1250.000,1244.933,1421.416,1151.367,16.634,0.321
28.08.2021 17:33:42,15.797,1249.999,1244.628,1422.454,1149.749,16.801,0.341
28.08.2021 17:33:43,15.903,1250.457,1244.628,1423.583,1148.345,16.959,0.370
28.08.2021 17:33:44,15.993,1250.060,1244.934,1423.889,1145.996,17.136,0.325
28.08.2021 17:33:45,16.109,1250.640,1245.300,1424.835,1144.073,17.320,0.339
28.08.2021 17:33:46,16.199,1250.396,1244.903,1425.872,1142.608,17.477,0.348
28.08.2021 17:33:47,16.305,1250.335,1244.598,1426.727,1140.716,17.654,0.364
28.08.2021 17:33:48,16.400,1250.335,1244.903,1428.161,1138.854,17.860,0.344
28.08.2021 17:33:49,16.508,1250.518,1244.201,1428.741,1136.932,18.024,0.401
28.08.2021 17:33:50,16.594,1250.366,1244.903,1428.741,1135.375,18.131,0.346
28.08.2021 17:33:51,16.702,1250.457,1244.781,1430.145,1133.514,18.336,0.360
28.08.2021 17:33:52,16.797,1250.732,1244.628,1431.427,1131.805,18.524,0.387
28.08.2021 17:33:53,16.895,1250.488,1244.232,1431.549,1130.950,18.590,0.397
28.08.2021 17:33:54,16.998,1250.854,1244.506,1432.281,1128.051,18.831,0.403
28.08.2021 17:33:55,17.101,1250.701,1244.506,1432.830,1126.373,18.977,0.393
28.08.2021 17:33:56,17.199,1250.854,1244.567,1432.769,1123.992,19.139,0.399
28.08.2021 17:33:57,17.297,1251.220,1244.384,1433.502,1122.924,19.253,0.434
28.08.2021 17:33:58,17.408,1250.915,1244.201,1434.539,1120.422,19.483,0.426
28.08.2021 17:33:59,17.506,1250.793,1244.415,1434.570,1119.018,19.583,0.405
28.08.2021 17:34:00,17.596,1250.762,1244.323,1434.844,1117.218,19.724,0.408
28.08.2021 17:34:01,17.692,1250.335,1244.018,1434.661,1114.410,19.910,0.401
28.08.2021 17:34:02,17.797,1250.549,1243.957,1434.967,1113.525,19.988,0.418
28.08.2021 17:34:03,17.898,1250.610,1243.988,1435.241,1111.785,20.125,0.420
28.08.2021 17:34:04,18.001,1250.793,1243.591,1435.333,1110.076,20.250,0.457
28.08.2021 17:34:05,18.099,1250.182,1243.774,1435.302,1107.726,20.414,0.407
28.08.2021 17:34:06,18.192,1250.274,1243.469,1436.157,1106.048,20.578,0.432
28.08.2021 17:34:07,18.302,1249.938,1243.255,1435.760,1104.156,20.690,0.424
28.08.2021 17:34:08,18.403,1250.213,1243.408,1436.096,1102.264,20.842,0.432
28.08.2021 17:34:09,18.498,1249.969,1243.133,1436.218,1100.555,20.969,0.434
28.08.2021 17:34:10,18.594,1249.481,1242.523,1436.523,1098.663,21.120,0.442
28.08.2021 17:34:11,18.704,1248.992,1242.645,1436.218,1097.137,21.211,0.403
28.08.2021 17:34:12,18.805,1249.206,1242.462,1435.729,1095.153,21.326,0.428
28.08.2021 17:34:13,18.893,1248.962,1242.004,1436.737,1093.810,21.476,0.442
28.08.2021 17:34:14,18.993,1249.053,1241.851,1436.523,1091.613,21.620,0.458
28.08.2021 17:34:15,19.094,1248.718,1242.401,1436.859,1089.904,21.760,0.401
28.08.2021 17:34:16,19.204,1248.260,1241.180,1436.737,1087.707,21.911,0.450
28.08.2021 17:34:17,19.292,1247.711,1240.661,1435.913,1086.669,21.940,0.448
28.08.2021 17:34:18,19.398,1248.351,1240.753,1437.317,1084.350,22.182,0.483
28.08.2021 17:34:19,19.508,1247.650,1240.692,1437.042,1082.611,22.292,0.443
28.08.2021 17:34:20,19.596,1247.405,1240.295,1436.981,1081.481,22.370,0.452
28.08.2021 17:34:21,19.702,1247.497,1239.959,1437.530,1079.284,22.558,0.480
28.08.2021 17:34:22,19.807,1247.131,1240.051,1437.439,1077.575,22.676,0.451
28.08.2021 17:34:23,19.905,1246.612,1239.868,1437.561,1076.416,22.766,0.429
28.08.2021 17:34:24,19.993,1247.040,1239.074,1437.988,1074.829,22.903,0.507
28.08.2021 17:34:25,20.099,1246.124,1238.128,1437.927,1073.120,23.023,0.510
28.08.2021 17:34:26,20.192,1246.215,1238.494,1437.500,1072.235,23.064,0.492
28.08.2021 17:34:27,20.295,1245.544,1238.037,1437.835,1069.824,23.257,0.479
28.08.2021 17:34:28,20.395,1245.666,1237.274,1438.446,1067.840,23.434,0.535
28.08.2021 17:34:29,20.498,1245.178,1236.785,1438.445,1066.162,23.556,0.535
28.08.2021 17:34:30,20.604,1244.323,1236.541,1438.507,1064.483,23.681,0.497
28.08.2021 17:34:31,20.699,1244.110,1236.297,1437.835,1063.262,23.734,0.499
28.08.2021 17:34:32,20.805,1243.560,1236.145,1438.934,1060.943,23.962,0.473
28.08.2021 17:34:33,20.893,1243.499,1235.534,1439.178,1058.899,24.125,0.509
28.08.2021 17:34:34,21.001,1243.316,1234.954,1439.147,1057.311,24.239,0.534
28.08.2021 17:34:35,21.109,1242.614,1234.527,1438.812,1055.175,24.377,0.517
28.08.2021 17:34:36,21.197,1242.034,1234.252,1439.117,1053.467,24.519,0.498
28.08.2021 17:34:37,21.295,1242.248,1233.795,1439.544,1051.971,24.652,0.541
28.08.2021 17:34:38,21.395,1241.821,1233.551,1439.544,1049.804,24.811,0.529
28.08.2021 17:34:39,21.493,1240.447,1232.940,1439.605,1047.393,24.992,0.481
28.08.2021 17:34:40,21.599,1240.264,1232.635,1439.788,1046.173,25.092,0.488
28.08.2021 17:34:41,21.692,1240.386,1232.238,1439.971,1043.762,25.280,0.522
28.08.2021 17:34:42,21.795,1239.562,1231.536,1440.216,1041.717,25.445,0.514
28.08.2021 17:34:43,21.903,1239.623,1231.872,1440.795,1039.794,25.618,0.497
28.08.2021 17:34:44,22.008,1238.952,1230.682,1440.643,1037.780,25.760,0.530
28.08.2021 17:34:45,22.094,1238.708,1230.133,1440.979,1035.797,25.925,0.550
28.08.2021 17:34:46,22.197,1238.189,1230.224,1441.345,1034.240,26.061,0.511
28.08.2021 17:34:47,22.305,1238.464,1229.675,1441.497,1032.196,26.222,0.564
28.08.2021 17:34:48,22.405,1237.426,1228.973,1441.650,1030.426,26.362,0.543
28.08.2021 17:34:49,22.506,1236.724,1229.003,1441.558,1028.900,26.471,0.496
28.08.2021 17:34:50,22.599,1236.572,1228.118,1441.741,1027.252,26.605,0.543
28.08.2021 17:34:51,22.694,1236.114,1227.935,1441.894,1024.963,26.784,0.526
28.08.2021 17:34:52,22.807,1235.229,1227.477,1442.077,1023.407,26.911,0.498
28.08.2021 17:34:53,22.900,1235.473,1227.325,1441.925,1021.667,27.034,0.524
28.08.2021 17:34:54,22.993,1234.924,1226.837,1441.803,1019.561,27.186,0.520
28.08.2021 17:34:55,23.094,1234.832,1225.921,1441.741,1018.310,27.277,0.573
28.08.2021 17:34:57,23.204,1234.192,1225.372,1442.016,1016.601,27.421,0.568
28.08.2021 17:34:58,23.295,1233.489,1225.189,1441.986,1014.861,27.551,0.535
28.08.2021 17:34:59,23.395,1233.520,1224.639,1442.138,1014.160,27.612,0.572
28.08.2021 17:35:00,23.498,1232.726,1224.334,1441.741,1011.718,27.776,0.541
28.08.2021 17:35:01,23.609,1232.299,1223.510,1441.314,1010.528,27.844,0.567
28.08.2021 17:35:02,23.694,1231.994,1223.632,1441.772,1009.429,27.952,0.539
28.08.2021 17:35:03,23.797,1231.506,1222.869,1441.497,1007.507,28.084,0.557
28.08.2021 17:35:04,23.895,1230.651,1222.351,1440.978,1006.133,28.161,0.536
28.08.2021 17:35:05,23.998,1231.414,1221.679,1440.307,1004.547,28.246,0.628
28.08.2021 17:35:06,24.106,1230.529,1221.649,1440.002,1002.990,28.349,0.573
28.08.2021 17:35:07,24.199,1230.194,1221.099,1439.697,1001.190,28.470,0.587
28.08.2021 17:35:08,24.300,1229.644,1220.306,1440.002,999.969,28.580,0.604
28.08.2021 17:35:09,24.408,1228.698,1219.787,1438.812,998.046,28.664,0.576
28.08.2021 17:35:10,24.498,1228.576,1219.787,1438.110,997.375,28.678,0.568
28.08.2021 17:35:11,24.606,1227.722,1218.688,1437.957,995.147,28.842,0.585
28.08.2021 17:35:12,24.702,1226.989,1218.139,1437.042,994.201,28.866,0.573
28.08.2021 17:35:13,24.802,1227.081,1217.956,1436.920,992.950,28.956,0.591
28.08.2021 17:35:14,24.905,1226.837,1217.193,1436.675,991.058,29.089,0.625
28.08.2021 17:35:15,25.003,1226.501,1216.674,1435.608,989.990,29.114,0.637
28.08.2021 17:35:16,25.099,1225.768,1216.949,1435.394,988.830,29.193,0.572
28.08.2021 17:35:17,25.207,1224.975,1215.698,1434.814,987.640,29.254,0.602
28.08.2021 17:35:18,25.300,1224.273,1215.118,1434.387,986.175,29.345,0.594
28.08.2021 17:35:19,25.403,1224.121,1214.965,1434.356,985.382,29.405,0.594
28.08.2021 17:35:20,25.503,1224.243,1214.080,1434.692,983.978,29.532,0.660
28.08.2021 17:35:21,25.594,1222.839,1213.256,1433.837,982.879,29.572,0.623
28.08.2021 17:35:22,25.686,1222.534,1213.348,1433.777,981.811,29.651,0.597
28.08.2021 17:35:23,25.787,1222.290,1212.707,1433.258,980.285,29.743,0.623
28.08.2021 17:35:24,25.900,1221.527,1212.219,1432.861,979.583,29.776,0.606
28.08.2021 17:35:25,25.996,1221.405,1211.669,1432.983,978.118,29.897,0.634
28.08.2021 17:35:26,26.099,1220.642,1211.334,1432.403,976.684,29.978,0.606
28.08.2021 17:35:27,26.192,1220.703,1210.754,1432.464,976.318,30.010,0.648
28.08.2021 17:35:28,26.297,1220.001,1210.265,1432.312,975.036,30.102,0.634
28.08.2021 17:35:29,26.390,1219.268,1210.693,1432.312,973.937,30.189,0.559
28.08.2021 17:35:30,26.493,1218.444,1209.015,1432.525,972.869,30.284,0.615
28.08.2021 17:35:31,26.596,1218.017,1209.106,1432.342,971.832,30.355,0.581
28.08.2021 17:35:32,26.699,1217.987,1208.251,1432.708,970.733,30.461,0.635
28.08.2021 17:35:33,26.800,1217.132,1207.580,1432.525,968.871,30.598,0.624
28.08.2021 17:35:34,26.900,1216.827,1206.939,1431.732,967.498,30.664,0.646
28.08.2021 17:35:35,26.998,1216.491,1206.848,1432.037,966.735,30.740,0.630
28.08.2021 17:35:36,27.104,1215.515,1205.688,1432.830,965.087,30.913,0.643
28.08.2021 17:35:37,27.194,1214.843,1205.291,1432.647,964.477,30.951,0.625
28.08.2021 17:35:38,27.297,1214.416,1204.956,1432.891,962.951,31.085,0.619
28.08.2021 17:35:39,27.400,1214.263,1204.803,1432.952,960.907,31.250,0.619
28.08.2021 17:35:40,27.490,1214.111,1204.132,1432.312,960.632,31.238,0.653
28.08.2021 17:35:41,27.588,1213.409,1203.216,1432.434,958.831,31.387,0.668
28.08.2021 17:35:42,27.692,1212.921,1202.667,1433.166,957.031,31.569,0.672
28.08.2021 17:35:43,27.797,1211.883,1202.667,1432.525,955.993,31.617,0.604
28.08.2021 17:35:44,27.900,1211.578,1201.782,1432.556,954.742,31.719,0.643
28.08.2021 17:35:45,27.996,1211.242,1201.049,1432.494,953.125,31.844,0.669
28.08.2021 17:35:46,28.099,1210.571,1200.652,1432.708,951.995,31.946,0.651
28.08.2021 17:35:47,28.202,1209.594,1200.195,1432.769,950.744,32.049,0.618
28.08.2021 17:35:48,28.289,1209.747,1199.615,1432.495,949.340,32.147,0.666
28.08.2021 17:35:49,28.390,1209.350,1198.730,1432.525,948.333,32.229,0.698
28.08.2021 17:35:50,28.496,1209.197,1198.547,1432.769,946.807,32.364,0.701
28.08.2021 17:35:51,28.596,1208.007,1197.998,1432.525,945.587,32.449,0.659
28.08.2021 17:35:52,28.697,1207.549,1197.387,1432.678,944.396,32.553,0.669
28.08.2021 17:35:53,28.797,1207.153,1197.082,1432.800,943.420,32.638,0.663
28.08.2021 17:35:54,28.898,1206.604,1196.136,1432.403,942.016,32.730,0.690
28.08.2021 17:35:55,28.993,1205.871,1195.495,1431.945,940.521,32.826,0.684
28.08.2021 17:35:56,29.096,1205.047,1195.495,1431.549,939.483,32.889,0.630
28.08.2021 17:35:57,29.197,1205.352,1194.427,1432.037,938.507,32.994,0.721
28.08.2021 17:35:58,29.287,1203.765,1193.756,1431.182,936.981,33.072,0.661
28.08.2021 17:35:59,29.398,1203.735,1193.603,1430.694,936.004,33.125,0.669
28.08.2021 17:36:00,29.498,1203.216,1192.413,1430.328,934.417,33.234,0.714
28.08.2021 17:36:01,29.596,1202.301,1191.894,1429.840,933.654,33.270,0.688
28.08.2021 17:36:02,29.697,1202.423,1191.253,1428.772,932.586,33.300,0.739
28.08.2021 17:36:03,29.795,1201.781,1190.795,1428.558,930.724,33.440,0.727
28.08.2021 17:36:04,29.900,1200.897,1190.338,1428.161,929.992,33.479,0.699
28.08.2021 17:36:05,30.001,1199.890,1189.056,1427.276,928.497,33.554,0.718
28.08.2021 17:36:06,30.099,1199.279,1188.537,1426.239,926.879,33.631,0.712
28.08.2021 17:36:07,30.197,1198.638,1187.988,1425.262,926.299,33.626,0.707
28.08.2021 17:36:08,30.302,1198.058,1187.255,1424.682,924.194,33.767,0.717
28.08.2021 17:36:09,30.393,1197.235,1186.584,1424.255,923.187,33.827,0.708
28.08.2021 17:36:10,30.501,1196.899,1185.455,1422.851,922.088,33.843,0.761
28.08.2021 17:36:11,30.604,1195.983,1184.478,1422.271,920.715,33.925,0.765
28.08.2021 17:36:12,30.697,1195.129,1184.631,1421.234,919.372,33.980,0.699
28.08.2021 17:36:13,30.800,1194.122,1183.379,1420.654,918.334,34.034,0.716
28.08.2021 17:36:14,30.900,1193.664,1182.373,1419.036,916.565,34.094,0.753
28.08.2021 17:36:15,31.001,1192.962,1182.250,1418.365,915.924,34.111,0.714
28.08.2021 17:36:16,31.104,1192.474,1181.457,1417.236,914.276,34.187,0.735
28.08.2021 17:36:17,31.197,1191.528,1180.633,1416.412,913.085,34.241,0.727
28.08.2021 17:36:18,31.302,1190.918,1179.992,1415.740,912.017,34.294,0.730
28.08.2021 17:36:19,31.395,1190.216,1178.619,1414.276,910.339,34.355,0.775
28.08.2021 17:36:20,31.503,1189.056,1178.161,1413.299,909.301,34.389,0.729
28.08.2021 17:36:21,31.604,1188.659,1177.612,1412.902,908.599,34.426,0.739
28.08.2021 17:36:22,31.702,1187.866,1176.177,1412.109,907.257,34.495,0.783
28.08.2021 17:36:23,31.789,1186.859,1175.872,1410.858,906.372,34.502,0.736
28.08.2021 17:36:24,31.898,1186.126,1174.865,1410.248,904.937,34.589,0.755
28.08.2021 17:36:25,31.990,1185.211,1173.095,1409.607,903.106,34.707,0.814
28.08.2021 17:36:26,32.101,1184.143,1173.095,1408.447,902.313,34.712,0.742
28.08.2021 17:36:27,32.202,1183.654,1172.088,1407.653,901.428,34.743,0.778
28.08.2021 17:36:28,32.297,1182.220,1170.928,1406.677,900.238,34.790,0.760
28.08.2021 17:36:29,32.398,1181.213,1169.921,1405.884,899.566,34.804,0.761
28.08.2021 17:36:30,32.501,1180.694,1169.067,1405.364,897.613,34.940,0.784
28.08.2021 17:36:31,32.591,1179.992,1168.121,1404.754,896.575,34.995,0.801
28.08.2021 17:36:32,32.699,1178.344,1166.686,1403.289,895.294,35.024,0.787
28.08.2021 17:36:33,32.792,1177.825,1165.649,1402.618,894.561,35.049,0.823
28.08.2021 17:36:34,32.898,1176.696,1165.252,1401.702,892.913,35.139,0.774
28.08.2021 17:36:35,33.001,1175.750,1163.574,1401.641,891.693,35.239,0.824
28.08.2021 17:36:36,33.104,1175.293,1162.689,1400.238,890.350,35.277,0.854
28.08.2021 17:36:37,33.189,1174.224,1162.567,1399.658,889.099,35.352,0.790
28.08.2021 17:36:38,33.297,1173.278,1160.766,1399.047,887.237,35.477,0.849
28.08.2021 17:36:39,33.398,1171.844,1159.484,1398.010,886.047,35.522,0.840
28.08.2021 17:36:41,33.501,1170.928,1158.874,1397.460,884.368,35.635,0.819
28.08.2021 17:36:42,33.596,1170.165,1157.135,1396.362,883.148,35.680,0.887
28.08.2021 17:36:43,33.697,1169.128,1156.280,1394.805,881.530,35.734,0.875
28.08.2021 17:36:44,33.797,1167.999,1155.364,1394.500,879.913,35.855,0.861
28.08.2021 17:36:45,33.898,1166.625,1153.839,1393.829,878.143,35.971,0.873
28.08.2021 17:36:46,34.003,1165.374,1153.625,1392.608,876.525,36.043,0.802
28.08.2021 17:36:47,34.104,1164.123,1151.977,1391.632,874.298,36.182,0.831
28.08.2021 17:36:48,34.186,1163.269,1150.604,1390.899,873.474,36.213,0.867
28.08.2021 17:36:49,34.300,1162.689,1149.627,1389.801,871.734,36.303,0.895
28.08.2021 17:36:50,34.390,1161.376,1148.406,1389.892,870.666,36.400,0.889
28.08.2021 17:36:51,34.501,1160.034,1147.796,1388.519,868.469,36.516,0.840
28.08.2021 17:36:52,34.596,1159.667,1146.728,1387.878,866.912,36.616,0.889
28.08.2021 17:36:53,34.689,1157.806,1145.446,1387.176,865.142,36.731,0.850
28.08.2021 17:36:54,34.789,1156.982,1144.195,1385.620,863.891,36.755,0.880
28.08.2021 17:36:55,34.898,1155.029,1143.005,1384.948,862.152,36.870,0.829
28.08.2021 17:36:56,35.001,1153.991,1141.235,1383.483,860.168,36.963,0.880
28.08.2021 17:36:57,35.101,1152.771,1140.350,1382.415,859.344,36.977,0.858
28.08.2021 17:36:58,35.192,1151.977,1139.526,1381.897,857.635,37.098,0.861
28.08.2021 17:36:59,35.297,1150.634,1138.061,1380.096,855.743,37.166,0.870
28.08.2021 17:37:00,35.390,1149.170,1136.932,1379.150,854.125,37.256,0.848
28.08.2021 17:37:01,35.488,1148.132,1135.192,1377.594,852.416,37.322,0.898
28.08.2021 17:37:02,35.596,1146.209,1133.697,1375.885,850.708,37.379,0.869
28.08.2021 17:37:03,35.686,1145.507,1132.507,1374.481,849.243,37.432,0.904
28.08.2021 17:37:04,35.802,1144.165,1131.134,1373.046,847.137,37.539,0.907
28.08.2021 17:37:05,35.895,1142.761,1129.943,1371.734,845.703,37.595,0.893
28.08.2021 17:37:06,35.996,1141.662,1128.448,1370.361,844.055,37.666,0.922
28.08.2021 17:37:07,36.099,1140.442,1127.349,1368.621,842.346,37.722,0.914
28.08.2021 17:37:08,36.194,1139.129,1125.854,1367.095,840.759,37.780,0.928
28.08.2021 17:37:09,36.292,1137.512,1124.328,1365.936,839.172,37.857,0.923
28.08.2021 17:37:10,36.390,1136.474,1122.863,1364.044,837.616,37.893,0.954
28.08.2021 17:37:11,36.501,1134.582,1121.399,1362.091,835.693,37.957,0.926
28.08.2021 17:37:12,36.601,1133.484,1119.873,1360.565,833.892,38.035,0.957
28.08.2021 17:37:13,36.692,1131.988,1118.499,1358.917,832.549,38.064,0.949
28.08.2021 17:37:14,36.795,1131.469,1117.797,1357.574,830.627,38.163,0.963
28.08.2021 17:37:15,36.900,1129.852,1116.485,1355.956,829.254,38.198,0.943
28.08.2021 17:37:16,37.001,1128.448,1115.264,1354.705,827.819,38.258,0.931
28.08.2021 17:37:17,37.099,1127.990,1113.403,1353.393,825.591,38.387,1.031
28.08.2021 17:37:18,37.202,1126.068,1112.518,1351.684,824.432,38.397,0.959
28.08.2021 17:37:19,37.289,1124.542,1110.687,1349.121,822.051,38.471,0.982
28.08.2021 17:37:20,37.395,1123.199,1109.497,1348.388,820.953,38.531,0.972
28.08.2021 17:37:21,37.503,1121.734,1107.940,1346.191,819.213,38.567,0.980
28.08.2021 17:37:22,37.596,1120.330,1106.658,1345.123,817.657,38.650,0.972
28.08.2021 17:37:23,37.692,1118.804,1105.041,1343.506,815.948,38.716,0.980
28.08.2021 17:37:24,37.797,1117.767,1103.942,1341.949,814.819,38.733,0.986
28.08.2021 17:37:25,37.895,1115.966,1102.447,1340.454,812.927,38.823,0.965
28.08.2021 17:37:26,37.990,1114.624,1101.013,1338.561,811.340,38.863,0.973
28.08.2021 17:37:27,38.099,1113.189,1099.884,1336.730,809.661,38.916,0.952
28.08.2021 17:37:28,38.202,1111.785,1097.686,1335.265,808.013,38.986,1.011
28.08.2021 17:37:29,38.297,1109.771,1096.496,1334.075,806.304,39.077,0.953
28.08.2021 17:37:30,38.403,1109.314,1095.031,1333.099,804.962,39.146,1.026
28.08.2021 17:37:31,38.501,1107.818,1094.207,1331.756,803.833,39.176,0.979
28.08.2021 17:37:32,38.601,1106.811,1093.353,1330.413,802.032,39.268,0.969
28.08.2021 17:37:33,38.702,1104.980,1091.491,1328.704,800.231,39.339,0.973
28.08.2021 17:37:34,38.789,1103.759,1090.728,1328.094,799.438,39.379,0.941
28.08.2021 17:37:35,38.900,1102.294,1089.080,1326.934,797.790,39.467,0.955
28.08.2021 17:37:36,38.988,1101.104,1087.677,1325.378,796.691,39.482,0.972
28.08.2021 17:37:37,39.096,1099.792,1086.212,1324.829,795.257,39.586,0.984
28.08.2021 17:37:38,39.194,1098.632,1084.533,1323.211,792.877,39.717,1.023
28.08.2021 17:37:39,39.292,1096.710,1083.404,1322.143,791.381,39.798,0.967
28.08.2021 17:37:40,39.403,1095.214,1082.061,1320.465,789.459,39.884,0.957
28.08.2021 17:37:41,39.488,1094.146,1080.413,1319.274,787.872,39.966,1.000
28.08.2021 17:37:42,39.604,1092.163,1078.948,1317.932,786.132,40.055,0.964
28.08.2021 17:37:43,39.699,1090.820,1077.362,1316.375,783.996,40.169,0.983
28.08.2021 17:37:44,39.800,1090.240,1076.019,1315.490,782.440,40.266,1.040
28.08.2021 17:37:45,39.893,1088.287,1074.737,1313.873,780.639,40.346,0.992
28.08.2021 17:37:46,40.001,1087.432,1073.303,1313.323,779.052,40.466,1.036
28.08.2021 17:37:47,40.101,1085.723,1071.563,1312.194,777.313,40.568,1.040
28.08.2021 17:37:48,40.199,1083.587,1070.373,1310.638,775.543,40.648,0.972
28.08.2021 17:37:49,40.302,1082.946,1068.969,1309.692,773.742,40.767,1.029
28.08.2021 17:37:50,40.390,1080.932,1067.382,1308.624,771.575,40.914,0.999
28.08.2021 17:37:51,40.488,1079.925,1065.826,1307.556,769.989,41.006,1.041
28.08.2021 17:37:52,40.588,1077.758,1063.873,1305.938,767.791,41.126,1.027
28.08.2021 17:37:53,40.702,1076.843,1062.530,1305.145,766.143,41.240,1.060
28.08.2021 17:37:54,40.797,1074.829,1061.370,1303.375,764.221,41.325,0.998
28.08.2021 17:37:55,40.887,1073.791,1059.661,1303.344,762.725,41.468,1.049
28.08.2021 17:37:56,40.990,1072.418,1057.769,1301.879,761.108,41.542,1.089
28.08.2021 17:37:57,41.088,1071.014,1056.823,1300.537,759.155,41.655,1.056
28.08.2021 17:37:58,41.194,1069.702,1054.931,1299.224,757.507,41.741,1.101
28.08.2021 17:37:59,41.300,1067.779,1053.466,1297.882,755.706,41.840,1.069
28.08.2021 17:38:00,41.403,1066.741,1052.459,1296.325,753.936,41.924,1.068
28.08.2021 17:38:01,41.498,1064.941,1050.353,1294.799,751.373,42.089,1.092
28.08.2021 17:38:02,41.601,1063.018,1048.980,1294.036,750.396,42.141,1.053
28.08.2021 17:38:03,41.692,1062.347,1047.790,1292.541,748.840,42.209,1.093
28.08.2021 17:38:04,41.797,1060.577,1045.745,1290.618,747.039,42.276,1.115
28.08.2021 17:38:05,41.890,1058.990,1044.494,1289.154,744.903,42.403,1.092
28.08.2021 17:38:06,41.998,1057.128,1042.358,1287.445,742.858,42.508,1.114
28.08.2021 17:38:07,42.101,1055.358,1041.137,1286.041,741.241,42.588,1.075
28.08.2021 17:38:08,42.184,1054.229,1039.215,1284.027,739.654,42.630,1.136
28.08.2021 17:38:09,42.297,1052.276,1037.506,1282.562,737.670,42.744,1.120
28.08.2021 17:38:10,42.403,1050.537,1035.858,1280.273,736.785,42.701,1.114
28.08.2021 17:38:11,42.493,1049.255,1034.271,1279.052,734.893,42.820,1.139
28.08.2021 17:38:12,42.591,1047.302,1032.776,1277.832,733.337,42.905,1.106
28.08.2021 17:38:13,42.697,1045.806,1031.616,1276.244,731.689,42.979,1.082
28.08.2021 17:38:14,42.795,1044.830,1030.090,1274.597,729.827,43.071,1.125
28.08.2021 17:38:15,42.900,1043.395,1028.808,1273.376,728.820,43.102,1.115
28.08.2021 17:38:16,43.001,1041.839,1027.282,1271.209,727.111,43.150,1.114
28.08.2021 17:38:17,43.094,1040.191,1025.665,1269.927,725.982,43.190,1.114
28.08.2021 17:38:18,43.194,1038.879,1024.261,1267.944,723.937,43.282,1.122
28.08.2021 17:38:19,43.289,1037.231,1022.247,1266.357,722.473,43.339,1.153
28.08.2021 17:38:20,43.390,1035.461,1020.507,1264.801,720.703,43.428,1.152
28.08.2021 17:38:21,43.503,1033.416,1019.348,1263.152,719.299,43.476,1.086
28.08.2021 17:38:22,43.594,1032.562,1017.456,1261.413,718.139,43.493,1.167
28.08.2021 17:38:23,43.694,1031.067,1017.211,1260.192,716.888,43.550,1.071
28.08.2021 17:38:24,43.797,1029.388,1015.075,1258.331,715.393,43.594,1.109
28.08.2021 17:38:26,43.890,1028.167,1013.000,1256.774,714.202,43.626,1.177
28.08.2021 17:38:27,43.996,1025.970,1011.291,1254.821,712.432,43.693,1.141
28.08.2021 17:38:28,44.099,1024.414,1009.918,1253.326,710.632,43.791,1.129
28.08.2021 17:38:29,44.192,1023.254,1007.812,1252.258,710.021,43.792,1.204
28.08.2021 17:38:30,44.289,1021.118,1006.469,1250.030,708.068,43.863,1.144
28.08.2021 17:38:31,44.390,1019.470,1004.791,1248.382,706.939,43.883,1.149
28.08.2021 17:38:32,44.501,1017.913,1002.655,1246.398,704.864,43.982,1.196
28.08.2021 17:38:33,44.594,1016.174,1001.007,1245.117,703.796,44.018,1.191
28.08.2021 17:38:34,44.689,1014.404,998.657,1242.828,702.331,44.036,1.239
28.08.2021 17:38:35,44.795,1012.786,997.650,1241.851,701.080,44.108,1.193
28.08.2021 17:38:36,44.903,1010.803,996.032,1239.807,699.615,44.141,1.166
28.08.2021 17:38:37,44.990,1009.430,994.049,1238.098,698.699,44.136,1.216
28.08.2021 17:38:38,45.088,1007.263,992.157,1236.206,696.868,44.216,1.197
28.08.2021 17:38:39,45.189,1005.676,990.203,1234.130,695.465,44.240,1.228
28.08.2021 17:38:40,45.295,1003.814,988.464,1232.635,693.511,44.357,1.221
28.08.2021 17:38:41,45.398,1001.922,986.785,1230.346,692.596,44.318,1.206
28.08.2021 17:38:42,45.493,999.511,984.802,1228.363,690.734,44.397,1.174
28.08.2021 17:38:43,45.596,997.680,983.123,1226.318,688.842,44.475,1.164
28.08.2021 17:38:44,45.697,995.910,980.285,1224.853,687.469,44.534,1.253
28.08.2021 17:38:45,45.797,994.110,978.576,1223.571,685.455,44.671,1.247
28.08.2021 17:38:46,45.900,992.340,977.172,1221.374,684.722,44.618,1.220
28.08.2021 17:38:47,46.003,990.631,975.219,1219.421,683.380,44.645,1.242
28.08.2021 17:38:48,46.096,988.647,973.205,1217.742,681.884,44.704,1.247
28.08.2021 17:38:49,46.199,987.090,971.069,1215.728,680.358,44.747,1.296
28.08.2021 17:38:50,46.289,984.741,969.543,1213.287,678.344,44.816,1.232
28.08.2021 17:38:51,46.398,982.849,967.346,1211.944,677.185,44.860,1.259
28.08.2021 17:38:52,46.493,980.865,965.118,1210.021,675.415,44.935,1.282
28.08.2021 17:38:53,46.599,978.149,963.531,1207.702,673.797,44.970,1.193
28.08.2021 17:38:54,46.689,976.409,961.120,1205.780,672.576,44.986,1.250
28.08.2021 17:38:55,46.795,974.273,958.923,1203.887,670.349,45.114,1.258
28.08.2021 17:38:56,46.898,971.893,956.726,1201.568,669.250,45.093,1.246
28.08.2021 17:38:57,46.993,970.245,954.650,1199.798,667.175,45.211,1.283
28.08.2021 17:38:58,47.091,967.895,952.606,1196.960,665.893,45.179,1.261
28.08.2021 17:38:59,47.199,965.515,950.134,1195.068,663.909,45.281,1.272
28.08.2021 17:39:00,47.292,963.531,948.486,1193.145,662.841,45.281,1.247
28.08.2021 17:39:01,47.395,961.944,946.106,1191.101,661.468,45.307,1.315
28.08.2021 17:39:02,47.496,958.862,943.756,1187.835,659.790,45.292,1.258
28.08.2021 17:39:03,47.596,957.397,941.741,1186.248,658.355,45.353,1.306
28.08.2021 17:39:04,47.694,955.291,939.910,1184.112,656.890,45.384,1.286
28.08.2021 17:39:05,47.787,953.247,938.049,1181.732,655.914,45.346,1.273
28.08.2021 17:39:06,47.898,951.354,935.211,1179.321,654.083,45.401,1.356
28.08.2021 17:39:07,47.996,948.822,934.112,1177.184,653.381,45.347,1.238
28.08.2021 17:39:08,48.091,947.387,931.884,1175.262,651.641,45.422,1.307
28.08.2021 17:39:09,48.194,944.793,929.382,1172.912,649.749,45.488,1.303
28.08.2021 17:39:10,48.292,943.054,927.703,1170.379,648.498,45.471,1.300
28.08.2021 17:39:11,48.387,940.795,925.506,1168.090,647.186,45.476,1.298
28.08.2021 17:39:12,48.498,938.445,923.583,1165.130,646.026,45.422,1.264
28.08.2021 17:39:13,48.588,936.798,921.600,1163.085,644.744,45.438,1.296
28.08.2021 17:39:14,48.692,934.875,919.677,1160.827,643.310,45.459,1.298
28.08.2021 17:39:15,48.787,932.769,917.327,1158.447,642.303,45.424,1.322
28.08.2021 17:39:16,48.893,930.877,915.374,1156.677,640.533,45.513,1.330
28.08.2021 17:39:17,49.003,927.948,913.726,1153.625,639.526,45.436,1.223
28.08.2021 17:39:18,49.091,926.849,912.231,1151.794,638.183,45.473,1.259
28.08.2021 17:39:19,49.194,924.926,909.790,1149.627,637.329,45.433,1.307
28.08.2021 17:39:20,49.287,923.400,907.775,1147.338,636.108,45.428,1.352
28.08.2021 17:39:21,49.390,920.623,905.548,1144.348,634.307,45.444,1.308
28.08.2021 17:39:22,49.496,918.579,904.113,1142.303,633.636,45.391,1.257
28.08.2021 17:39:23,49.594,916.870,901.763,1139.831,631.713,45.455,1.316
28.08.2021 17:39:24,49.702,914.489,899.322,1137.023,630.249,45.444,1.325
28.08.2021 17:39:25,49.802,912.597,897.705,1135.192,629.272,45.440,1.303
28.08.2021 17:39:26,49.898,910.278,895.507,1132.659,627.960,45.429,1.296
28.08.2021 17:39:27,49.988,909.057,893.463,1131.042,626.800,45.459,1.371
28.08.2021 17:39:28,50.094,906.280,892.059,1128.448,625.213,45.477,1.253
28.08.2021 17:39:29,50.192,904.205,889.617,1125.762,624.237,45.417,1.288
28.08.2021 17:39:30,50.295,902.465,887.817,1123.809,622.863,45.451,1.296
28.08.2021 17:39:31,50.398,899.932,885.681,1120.178,621.490,45.376,1.264
28.08.2021 17:39:32,50.498,898.345,883.575,1119.018,619.873,45.490,1.313
28.08.2021 17:39:33,50.588,896.087,881.927,1116.515,618.682,45.467,1.262
28.08.2021 17:39:34,50.699,894.104,879.272,1113.891,617.767,45.404,1.325
28.08.2021 17:39:35,50.800,891.754,877.533,1111.419,615.783,45.476,1.273
28.08.2021 17:39:36,50.898,889.953,875.945,1109.344,615.264,45.402,1.257
28.08.2021 17:39:37,50.993,888.000,873.260,1106.567,613.128,45.472,1.326
28.08.2021 17:39:38,51.096,885.833,871.643,1104.583,612.670,45.396,1.279
28.08.2021 17:39:39,51.186,883.941,869.598,1102.661,610.717,45.502,1.296
28.08.2021 17:39:40,51.289,882.141,867.431,1099.578,609.527,45.440,1.332
28.08.2021 17:39:41,51.390,880.218,865.325,1097.045,608.215,45.429,1.352
28.08.2021 17:39:42,51.501,877.929,863.342,1095.092,606.658,45.486,1.327
28.08.2021 17:39:43,51.594,875.976,861.877,1092.193,605.499,45.432,1.285
28.08.2021 17:39:44,51.694,873.626,859.283,1089.935,603.759,45.491,1.311
28.08.2021 17:39:45,51.800,871.215,857.391,1087.280,602.508,45.464,1.267
28.08.2021 17:39:46,51.898,869.415,855.621,1085.052,601.135,45.481,1.267
28.08.2021 17:39:47,51.988,867.462,853.668,1082.794,599.884,45.481,1.270
28.08.2021 17:39:48,52.099,865.692,851.409,1079.803,598.175,45.487,1.318
28.08.2021 17:39:49,52.199,863.403,848.999,1077.301,596.557,45.516,1.333
28.08.2021 17:39:50,52.302,861.633,847.442,1074.401,594.970,45.513,1.315
28.08.2021 17:39:51,52.400,859.527,845.642,1072.082,593.566,45.528,1.290
28.08.2021 17:39:52,52.490,857.177,843.475,1069.915,591.796,45.598,1.276
28.08.2021 17:39:53,52.591,855.926,841.430,1067.596,590.484,45.602,1.353
28.08.2021 17:39:54,52.697,853.515,839.325,1065.216,588.439,45.691,1.328
28.08.2021 17:39:55,52.795,851.440,837.616,1062.408,587.188,45.654,1.297
28.08.2021 17:39:56,52.887,849.761,835.266,1060.150,585.601,45.696,1.363
28.08.2021 17:39:57,52.998,847.686,833.129,1057.647,584.228,45.695,1.372
28.08.2021 17:39:58,53.101,845.581,831.420,1055.145,582.305,45.763,1.338
28.08.2021 17:39:59,53.194,843.475,829.193,1052.276,580.566,45.782,1.353
28.08.2021 17:40:00,53.289,841.735,827.545,1049.774,579.620,45.728,1.347
28.08.2021 17:40:01,53.393,839.965,825.805,1047.912,577.545,45.859,1.347
28.08.2021 17:40:02,53.498,837.676,824.066,1045.318,576.202,45.848,1.298
28.08.2021 17:40:03,53.588,836.151,821.746,1042.999,574.401,45.914,1.376
28.08.2021 17:40:04,53.692,834.198,819.824,1040.527,572.784,45.947,1.377
28.08.2021 17:40:05,53.792,832.336,818.206,1038.055,572.021,45.871,1.356
28.08.2021 17:40:06,53.890,830.352,816.131,1035.675,569.976,45.964,1.368
28.08.2021 17:40:07,53.988,828.460,814.453,1033.691,568.664,45.992,1.351
28.08.2021 17:40:08,54.091,826.782,812.561,1031.097,567.047,46.017,1.374
28.08.2021 17:40:09,54.192,824.584,810.546,1028.411,565.887,45.976,1.360
28.08.2021 17:40:11,54.287,823.303,808.837,1026.489,564.208,46.056,1.404
28.08.2021 17:40:12,54.387,820.770,807.800,1024.108,562.377,46.123,1.262
28.08.2021 17:40:13,54.488,819.458,805.358,1021.545,561.187,46.095,1.375
28.08.2021 17:40:14,54.604,816.833,802.947,1019.134,559.143,46.188,1.358
28.08.2021 17:40:15,54.692,815.002,801.696,1016.418,558.074,46.133,1.304
28.08.2021 17:40:16,54.787,813.476,800.262,1014.465,556.243,46.232,1.297
28.08.2021 17:40:17,54.890,811.157,797.851,1011.596,554.748,46.222,1.310
28.08.2021 17:40:18,54.990,810.028,796.203,1009.002,553.497,46.200,1.363
28.08.2021 17:40:19,55.096,807.739,794.219,1006.469,551.513,46.278,1.337
28.08.2021 17:40:20,55.197,805.908,792.510,1004.028,550.445,46.242,1.328
28.08.2021 17:40:21,55.287,804.199,790.405,1001.831,548.797,46.301,1.370
28.08.2021 17:40:22,55.387,801.971,788.177,998.901,547.485,46.262,1.374
28.08.2021 17:40:23,55.496,800.140,786.468,996.368,546.173,46.252,1.365
28.08.2021 17:40:24,55.599,798.156,784.820,993.377,543.518,46.387,1.335
28.08.2021 17:40:25,55.686,796.417,782.501,991.088,542.449,46.363,1.396
28.08.2021 17:40:26,55.789,794.250,780.700,988.372,540.863,46.376,1.363
28.08.2021 17:40:27,55.890,791.900,779.022,986.053,539.031,46.452,1.299
28.08.2021 17:40:28,55.993,790.557,776.458,983.215,537.109,46.502,1.425
28.08.2021 17:40:29,56.088,788.848,775.146,980.560,536.132,46.438,1.388
28.08.2021 17:40:30,56.186,786.865,773.010,977.691,533.905,46.527,1.407
28.08.2021 17:40:31,56.287,784.545,771.118,974.731,532.440,46.506,1.367
28.08.2021 17:40:32,56.387,782.989,768.920,972.534,530.639,46.588,1.436
28.08.2021 17:40:33,56.488,780.578,766.937,969.329,528.717,46.612,1.396
28.08.2021 17:40:34,56.591,778.808,765.075,966.705,527.587,46.570,1.409
28.08.2021 17:40:35,56.697,776.611,762.817,964.263,525.329,46.698,1.420
28.08.2021 17:40:36,56.787,774.963,761.016,961.059,523.834,46.663,1.438
28.08.2021 17:40:37,56.887,773.040,759.155,958.068,521.881,46.708,1.436
28.08.2021 17:40:38,57.001,770.446,757.049,954.895,519.836,46.752,1.389
28.08.2021 17:40:39,57.088,769.134,755.096,952.728,518.218,46.813,1.459
28.08.2021 17:40:40,57.186,766.754,753.356,950.103,516.479,46.857,1.396
28.08.2021 17:40:41,57.287,765.167,750.823,946.685,514.617,46.857,1.499
28.08.2021 17:40:42,57.387,762.603,749.237,943.084,512.908,46.822,1.401
28.08.2021 17:40:43,57.488,760.620,746.887,940.887,511.047,46.917,1.443
28.08.2021 17:40:44,57.591,759.216,745.269,938.568,509.277,46.989,1.469
28.08.2021 17:40:45,57.692,756.683,743.286,934.234,507.476,46.910,1.415
28.08.2021 17:40:46,57.787,755.035,740.905,932.281,505.371,47.060,1.496
28.08.2021 17:40:47,57.887,752.777,739.257,929.473,503.967,47.043,1.435
28.08.2021 17:40:48,57.990,751.281,737.426,926.330,502.044,47.074,1.474
28.08.2021 17:40:49,58.099,748.809,735.046,922.973,500.457,47.041,1.469
28.08.2021 17:40:50,58.186,746.582,733.337,920.288,498.809,47.068,1.418
28.08.2021 17:40:51,58.287,744.506,730.865,917.175,497.406,47.027,1.465
28.08.2021 17:40:52,58.400,742.553,728.729,913.970,495.422,47.063,1.489
28.08.2021 17:40:53,58.496,740.722,727.142,911.041,493.011,47.183,1.466
28.08.2021 17:40:54,58.588,738.861,724.975,908.355,491.790,47.149,1.503
28.08.2021 17:40:55,58.702,737.091,723.327,905.853,490.112,47.197,1.493
28.08.2021 17:40:56,58.789,734.985,720.947,902.374,487.976,47.235,1.528
28.08.2021 17:40:57,58.887,733.215,719.238,899.505,486.236,47.262,1.525
28.08.2021 17:40:58,58.990,730.957,717.712,896.667,485.382,47.161,1.448
28.08.2021 17:40:59,59.088,729.217,715.118,893.768,482.727,47.323,1.547
28.08.2021 17:41:00,59.189,726.715,712.615,889.953,480.712,47.317,1.552
28.08.2021 17:41:01,59.287,725.158,710.998,887.451,479.522,47.292,1.562
28.08.2021 17:41:02,59.387,722.717,709.228,884.704,477.966,47.303,1.492
28.08.2021 17:41:03,59.488,720.855,706.939,881.561,475.677,47.393,1.544
28.08.2021 17:41:04,59.588,718.444,705.200,878.356,473.541,47.455,1.474
28.08.2021 17:41:05,59.686,716.613,703.063,875.274,472.259,47.397,1.512
28.08.2021 17:41:06,59.795,714.385,701.019,872.466,470.550,47.426,1.496
28.08.2021 17:41:07,59.887,712.158,698.638,869.567,468.933,47.435,1.518
28.08.2021 17:41:08,59.990,710.174,696.014,866.943,467.041,47.508,1.595
