#2.12244814e-07  4.24040399e-07 -4.39741297e-04 -3.52073039e-04 1.11347071e+00 -4.06332752e-01
-55.5609902910479,-4.443009708952097
-55.52429384396237,-4.38170615603763
-55.26186180185707,-4.536138198142929
-55.38120864398769,-4.311791356012307
-55.021094024925695,-4.573905975074304
-55.14951695273173,-4.34748304726827
-55.06384913283868,-4.342150867161315
-55.13962146929551,-4.168378530704487
-54.7591383338974,-4.433861666102601
-54.948858709073946,-4.151141290926056
-54.77545260498493,-4.226547395015075
-54.39894132350932,-4.497058676490681
-54.40539794393623,-4.392602056063772
-54.550995533277764,-4.152004466722239
-54.39571347174505,-4.201286528254954
-54.43123665462175,-4.067763345378253
-54.064876986264,-4.336123013736007
-54.0936564529421,-4.207343547057903
-54.01058272688012,-4.187417273119877
-54.202600714325385,-3.8973992856746165
-53.77842934001086,-4.220570659989143
-53.68664944144397,-4.217350558556035
-53.78793824033688,-4.010061759663124
-53.6898100609276,-4.010189939072404
-53.65505974701647,-3.941940252983528
-53.48499288508281,-4.019007114917187
-53.33142632809396,-4.0745736719060375
-53.3689683538717,-3.9340316461282967
-53.372098789771584,-3.832901210228414
-53.23775846677602,-3.8622415332239797
-53.203480493229314,-3.8005195067706836
-53.28768140278351,-3.616318597216491
-53.25023207945379,-3.5527679205462093
-53.100861547116864,-3.6071384528831345
-53.07913528865593,-3.5178647113440746
-53.15679557182353,-3.3352044281764677
-53.150575948084025,-3.2454240519159754
-52.782631583243436,-3.5233684167565613
-53.11949557772371,-3.088504422276287
-52.99856437752843,-3.1084356224715677
-52.788781130468,-3.2132188695319996
-52.825703033476316,-3.0752969665236876
-52.788781130468,-3.0172188695319946
-52.88116509287585,-2.811834907124151
-52.82878176461254,-2.771218235387458
-52.791856343582985,-2.7151436564170126
-52.81339104171352,-2.5856089582864783
-52.76111739495319,-2.5418826050468084
-52.88116509287585,-2.3238349071241515
-52.97072087924916,-2.124279120750842
-53.001659572587364,-2.000340427412638
-53.159905827561126,-1.7390941724388753
-52.90275936612233,-1.8902406338776672
-53.131924176985,-1.576075823014996
-52.99546947714034,-1.5965305228596591
-53.166127226894524,-1.340872773105474
-53.20971018450616,-1.1942898154938462
-53.00785084681548,-1.3001491531845204
-53.45359465805694,-0.7514053419430553
-53.23152343988397,-0.8734765601160248
-53.17546154590822,-0.8265384540917822
-53.37836055444117,-0.5226394455588306
-53.16923837053944,-0.6317616294605628
-53.21282547463802,-0.4921745253619818
-53.309546585920444,-0.29545341407955306
-53.29392711284115,-0.21007288715884442
-53.41595615315099,0.009956153150987745
-53.42536175525949,0.12736175525948568
-53.46929004183937,0.26129004183937354
-53.334553194531786,0.23455319453178447
-53.52900055672271,0.5300005567227046
-53.44418100704747,0.5431810070474654
-53.463010993363575,0.6670109933635757
-53.45987191663173,0.7618719166317263
-53.516420962276214,0.9214209622762155
-53.48185171952935,0.989851719529355
-53.46929004183937,1.0682900418393686
-53.491276111719294,1.198276111719295
-53.617191689672744,1.4121916896727456
-53.59512191156726,1.5031219115672627
-53.356449585930825,1.3524495859308274
-53.42849755199663,1.5324975519966273
-53.39402017567106,1.591020175671062
-53.49756053255967,1.7945605325596645
-53.45987191663173,1.85787191663173
-53.57621663446509,2.0742166344650883
-53.53843839036334,2.1324383903633404
-53.494418172851674,2.1914181728516766
-53.36583821556226,2.1728382155622654
-53.56676803567636,2.4617680356763643
-53.381491883260146,2.3744918832601485
-53.63927614513798,2.733276145137978
-53.58881895533617,2.780818955336173
-53.51013295764087,2.81513295764087
-53.41282154840035,2.8128215484003505
-53.400286108502186,2.901286108502184
-53.27831506476922,2.879315064769216
-53.153685612006015,2.852685612006013
-52.96453667477222,2.769536674772219
-53.06362539232133,2.9616253923213307
-52.834940106890436,2.840940106890436
-52.838019718080886,2.937019718080883
-52.75497311949315,2.9569731194931492
-52.67520402555543,2.9802040255554303
-52.54981534446956,2.939815344469558
-52.507111859395955,3.005111859395953
-52.507111859395955,3.103111859395952
-52.352030621463875,3.0460306214638777
-52.415796215112415,3.2227962151124174
-52.07117188194638,2.976171881946378
-52.17054601624732,3.1635460162473237
-52.06515927092994,3.164159270929936
-52.1675300738796,3.3745300738795976
-51.930178913535435,3.2371789135354376
-51.85245452513939,3.2604545251393944
-51.75110611645353,3.24410611645353
-51.626365326087864,3.2203653260878653
-51.76301235753794,3.4570123575379412
-51.561224755176376,3.3532247551763774
-51.39897240940402,3.2919724094040177
-51.31376474066906,3.3147647406690552
-51.260996197275745,3.354996197275746
-51.02756794953275,3.224567949532755
-51.08866962240249,3.3806696224024932
-50.85944912387604,3.2524491238760405
-50.732533611148334,3.2405336111483365
-50.692263732366634,3.28826373236663
-50.46318635985202,3.1701863598520177
-50.354990162620375,3.1599901626203746
-50.26701723516204,3.1720172351620377
-50.05526177075193,3.0612617707519334
-49.96257261928571,3.0715726192857105
-49.88415796913578,3.0811579691357807
-49.594748951876085,2.8917489518760817
-49.7892241199617,3.197224119961703
-49.481450201718815,2.9824502017188124
-49.28082930474553,2.874829304745532
-49.18514147277299,2.8771414727729905
-49.040857144324974,2.837857144324971
-48.978472713268054,2.881472713268053
-48.77869599789807,2.784695997898069
-48.623110638744684,2.729110638744686
-48.55364840584854,2.757648405848542
-48.227398460476394,2.5323984604763936
-48.224761918456906,2.6327619184569073
-48.10900665092547,2.605006650925475
-47.777651219647126,2.381651219647125
-47.612209718462616,2.314209718462614
-47.50162963134742,2.3066296313474197
-47.473415794819275,2.373415794819273
-47.32514946037335,2.333149460373356
-47.17771639783202,2.2867163978320235
-47.05128442306658,2.248284423066586
-46.82525051873075,2.125250518730745
-46.66074593804343,2.0687459380434348
-46.39382659750327,1.8998265975032709
-46.303025959004444,1.9040259590044428
-46.180841443721135,1.8798414437211335
-45.88279047103775,1.679790471037748
-45.77703609136236,1.6850360913623632
-45.66218441219263,1.6681844121926304
-45.54311813217269,1.6441181321726859
-45.39864230792737,1.6056423079273685
-45.194070432821434,1.4860704328214354
-45.11459424422496,1.5145942442249591
-44.92631472194444,1.4193147219444455
-44.69362585682252,1.2946258568225204
-44.57928129658822,1.2762812965882233
-44.5200428313351,1.3150428313350986
-44.273331063194306,1.1683310631943087
-44.09392602649565,1.0869260264956537
-43.880487094461856,0.9744870944618569
-43.803168737284906,0.9951687372849065
-43.662470444231225,0.9574704442312267
-43.55534312740352,0.9583431274035163
-43.36856310474679,0.864563104746793
-43.142642264768924,0.7386422647689201
-43.08705828310974,0.7860582831097389
-42.8597945816567,0.6517945816567021
-42.80703837027901,0.7020383702790127
-42.534781520415,0.5277815204150045
-42.33594691516651,0.43994691516650875
-42.22492250019468,0.4319225001946805
-42.07372990236216,0.3737299023621574
-41.90343053672235,0.3084305367223479
-41.70851305252017,0.20151305252016982
-41.62269779031297,0.221697790312966
-41.38905541896873,0.08605541896873348
-41.29870435592865,0.09870435592864624
-41.14642860786851,0.044428607868510994
-40.958677168898646,-0.04832283110135194
-40.87601646682954,-0.014983533170457974
-40.6984254642147,-0.09457453578529851
-40.55638081550237,-0.14361918449763067
-40.38916924082198,-0.21783075917802108
-40.267965772515886,-0.23103422748411617
-40.088520696751296,-0.3174793032487031
-39.96739392685032,-0.3406060731496794
-39.84522893927878,-0.35777106072121967
-39.78897503899623,-0.3060249610037715
-39.633805066177466,-0.36019493382253387
-39.522744257484874,-0.3682557425151245
-39.47637010925996,-0.319629890740039
-39.24273891001726,-0.46026108998274395
-39.100856508393235,-0.5041434916067615
-39.09562309001647,-0.4083769099835308
-38.99821292414292,-0.3957870758570792
-38.81184430600904,-0.4941556939909546
-38.77925943297417,-0.4187405670258286
-38.676754392960326,-0.42024560703967495
-38.500489507725824,-0.49351049227417576
-38.517360744116765,-0.37663925588323366
-38.3761503407698,-0.4198496592302021
-38.29264163082553,-0.40035836917446943
-38.23442610557662,-0.3655738944233846
-38.0412475569316,-0.4507524430683958
-38.02155790360765,-0.38244209639235294
-37.86811099389642,-0.4398890061035772
-37.73699986842216,-0.46600013157784304
-37.782206190866816,-0.32479380913318323
-37.65497330800421,-0.3470266919957936
-37.422371914881964,-0.48162808511803945
-37.44453449757364,-0.34846550242635743
-37.30729278256994,-0.39270721743006476
-37.22737342518474,-0.3676265748152616
-37.19145940980223,-0.3105405901977747
-37.01153233890917,-0.39446766109082887
-36.92385113392569,-0.3841488660743124
-36.92538527485165,-0.27961472514834895
-36.702948563488775,-0.392051436511224
-36.62296638050849,-0.3690336194915105
-36.51495776091121,-0.3890422390887949
-36.37209491216997,-0.42590508783003145
-36.27315936278068,-0.4268406372193212
-36.215859531021266,-0.37914046897873277
-36.00033330500207,-0.5016666949979296
-35.95124598075404,-0.45275401924596537
-35.80921065842045,-0.48878934157955456
-35.74650877263511,-0.4534912273648928
-35.5740070416687,-0.5309929583312964
-35.354907388345865,-0.6490926116541331
-35.36322148949485,-0.5277785105051507
-35.145831713586105,-0.6551682864138968
-34.97880150853261,-0.726198491467386
-34.932966568239216,-0.6590334317607827
-34.7923264375816,-0.7146735624183975
-34.696674335577164,-0.6943256644228342
-34.593766069098955,-0.6992339309010447
-34.451190450870094,-0.7488095491299092
-34.29844125058375,-0.793558749416249
-34.12696548429326,-0.8750345157067443
-33.99027447533945,-0.9137255246605562
-33.955054041936044,-0.8529459580639553
-33.84867950958443,-0.8593204904155698
-33.6543290831994,-0.9526709168005993
-33.64449906908559,-0.847500930914407
-33.48452935447952,-0.9064706455204785
-33.41309028320624,-0.8799097167937617
-33.29166213413393,-0.9133378658660689
-33.22242049992696,-0.8795795000730351
-33.04263032554562,-0.956369674454379
-32.950129618306754,-0.9488703816932471
-32.889590574503146,-0.9164094254968518
-32.81199143905086,-0.8930085609491414
-32.66042252716007,-0.9445774728399243
-32.54560955949432,-0.9563904405056789
-32.45874501219401,-0.9452549878059955
-32.47674770864416,-0.8162522913558377
-32.313379862824874,-0.8796201371751238
-32.24129687689659,-0.8657031231034082
-32.16411052921951,-0.8378894707804889
-32.07099337442463,-0.8330066255753721
-31.953631496866915,-0.8473685031330866
-31.868449206421936,-0.8315507935780673
-31.800917338544192,-0.7960826614558094
-31.717790923383507,-0.7792090766164925
-31.65526584883775,-0.7407341511622505
-31.515418747660146,-0.7775812523398535
-31.477824357532718,-0.7271756424672802
-31.371898017788066,-0.7201019822119328
-31.28634076002975,-0.7176592399702493
-31.2227992556976,-0.6832007443024004
-31.108803561569214,-0.6921964384307842
-30.999827270885056,-0.698172729114944
-30.969719166510334,-0.6372808334896654
-30.84601442150567,-0.6609855784943299
-30.790535203479063,-0.6134647965209368
-30.729389426585815,-0.576610573414186
-30.627469830910243,-0.577530169089755
-30.575838506749843,-0.5211614932501583
-30.49732752027698,-0.5066724797230222
-30.408730014704343,-0.490269985295658
-30.318829514925707,-0.4741704850742927
-30.311207178772637,-0.39179282122736225
-30.134300394114504,-0.4626996058854971
-30.114583613713872,-0.3924163862861292
-30.013652286591718,-0.38034771340828044
-29.890420943804187,-0.4025790561958118
-29.895032746342196,-0.30296725365780475
-29.72000389814973,-0.38499610185026967
-29.650095823908096,-0.34190417609190504
-29.588664865025276,-0.3023351349747223
-29.484523187165383,-0.30847681283461625
-29.418511091194553,-0.2864889088054454
-29.32098314396421,-0.2710168560357893
-29.168140419267168,-0.32885958073283206
-29.126278732341937,-0.2727212676580635
-29.022183416227406,-0.28081658377259444
-28.94806507669144,-0.2599349233085597
-28.87348786276469,-0.21851213723530805
-28.78825882078393,-0.20874117921606938
-28.706924804727503,-0.19207519527249772
-28.579097148655322,-0.22390285134467902
-28.51894551982464,-0.17905448017535974
-28.410971510506553,-0.1840284894934463
-28.347394620331976,-0.15460537966802335
-28.265236941078587,-0.1387630589214126
-28.172130387908304,-0.12386961209169556
-28.089312927449985,-0.10368707255001652
-27.985217402036053,-0.11678259796394741
-27.96592869481616,-0.02607130518384082
-27.849901184620435,-0.04409881537956295
-27.718904612289343,-0.07909538771065527
-27.647902072918935,-0.057097927081063204
-27.59524578292348,-0.004754217076520462
-27.511501513926518,0.007501513926516878
-27.40566366766414,0.009663667664138842
-27.32671614211554,0.03371614211554075
-27.24812752642279,0.04312752642278994
-27.136244048243892,0.04124404824389316
-27.047082928335385,0.055082928335384196
-26.958350903024893,0.06435090302489499
-26.89037897801623,0.09237897801623163
-26.798620935233913,0.10062093523391269
-26.70728844557962,0.10528844557962103
-26.623060253688337,0.11606025368833528
-26.546582892741945,0.14058289274194635
-26.440858302575375,0.13785830257537413
-26.378255922010734,0.17325592201073547
-26.28797284771717,0.19297284771717216
-26.192201384612854,0.1952013846128544
-26.141182180186533,0.24518218018653215
-26.012641437885367,0.20664143788536649
-25.92080413862973,0.21580413862973202
-25.83431449369097,0.23231449369097135
-25.745219829861792,0.2412198298617909
-25.654963473949078,0.26096347394907937
-25.587801619609976,0.28480161960997563
-25.509386127028808,0.30638612702880863
-25.395651878132295,0.29565187813229343
-25.33537853074623,0.3383785307462297
-25.276617241196593,0.38061724119659246
-25.16923376550362,0.3712337655036215
-25.069867353935937,0.3668673539359375
-24.94473466858548,0.3377346685854796
-24.85284294657629,0.35584294657628845
-24.794701949669143,0.3987019496691424
-24.698859722576184,0.3958597225761835
-24.62829435085992,0.42829435085992174
-24.50828368527144,0.40128368527144076
-24.414213484622973,0.42221348462297215
-24.33763328567304,0.4416332856730385
-24.269453072857132,0.476453072857133
-24.13736880984303,0.4393688098430282
-24.044278033601984,0.44727803360198237
-23.930395078939615,0.4333950789396148
-23.824179195116095,0.4331791951160966
-23.748514893980865,0.4475148939808662
-23.64021781067311,0.4472178106731093
-23.52356054889994,0.41856054889994
-23.45618158436313,0.44918158436312794
-23.375574349359663,0.48457434935966504
-23.261541658361413,0.4555416583614118
-23.162724123541462,0.45772412354146397
-23.081236626430442,0.47423662643044295
-22.956431572421803,0.4624315724218029
-22.816061808552487,0.41206180855248675
-22.766414841395285,0.4734148413952859
-22.65580213045182,0.46280213045181995
-22.559032538641762,0.4590325386417611
-22.455776072076528,0.4517760720765267
-22.32907343618601,0.42307343618601223
-22.255725192961517,0.44972519296151603
-22.204881562479475,0.5048815624794756
-22.011595389313047,0.4165953893130485
-21.89151757887836,0.3895175788783618
-21.81602682664792,0.4170268266479198
-21.737538571620874,0.4415385716208746
-21.589410398687427,0.3944103986874268
-21.495367334767174,0.39536733476717245
-21.420535352381563,0.41853535238156425
-21.275462202361084,0.37946220236108275
-21.17840948740791,0.37740948740791325
-21.054880753496782,0.35488075349678283
-20.933080324144345,0.32808032414434507
-20.838679615125685,0.33667961512568567
-20.700597138839118,0.30659713883911976
-20.61582865472743,0.31282865472742927
-20.498238713273327,0.30523871327332586
-20.36083994357751,0.2608399435775084
-20.28705124380637,0.2880512438063718
-20.208587528778427,0.304587528778427
-20.034465234578686,0.22846523457868528
-19.916030828976673,0.21603082897667392
-19.844126393280046,0.24912639328004715
-19.723369513332102,0.22936951333210231
-19.599031973805484,0.19503197380548443
-19.54086828075575,0.24486828075574962
-19.39954270496997,0.2065427049699693
-19.309299611353946,0.21229961135394504
-19.26290575276827,0.2709057527682681
-19.09367580495681,0.1896758049568099
-18.979747980755473,0.17174798075547315
-18.887318998632775,0.1893189986327748
-18.787487107057665,0.1954871070576658
-18.631897743724547,0.13289774372454843
-18.562899764304827,0.16389976430482633
-18.46903401487028,0.17103401487028336
-18.31400046440861,0.10600046440861277
-18.243381898296096,0.14138189829609615
-18.072495096297512,0.07549509629751228
-17.912728296633965,0.016728296633964135
-17.786360209101,-0.021639790898998257
-17.709437739539624,0.014437739539623351
-17.60187486635352,-0.0001251336464811459
-17.496365842618626,-0.002634157381372404
-17.343153499884302,-0.06084650011569792
-17.185746231170878,-0.1122537688291203
-17.12219770326612,-0.0778022967338785
-17.012318942571795,-0.07968105742820342
-16.84795652556408,-0.15604347443592204
-16.814968527762474,-0.08103147223752671
-16.646043889553972,-0.15695611044602842
-16.582970735555786,-0.1120292644442138
-16.46497486190069,-0.13502513809931216
-16.396348808589348,-0.0976511914106517
-16.23788767225491,-0.16811232774508866
-16.108933136024014,-0.1870668639759856
-16.07334912028253,-0.12465087971747124
-15.95762109590115,-0.13737890409884912
-15.805531656285675,-0.19846834371432642
-15.748517081146238,-0.15748291885376275
-15.617412440746644,-0.18058755925335568
-15.512294936210985,-0.1827050637890153
-15.429890999884996,-0.17010900011500318
-15.306314008947105,-0.18568599105289607
-15.126739396401963,-0.27926060359803806
-15.040606917754598,-0.25239308224540125
-14.953337516328316,-0.24166248367168386
-14.769016762147706,-0.3379832378522938
-14.721863082688847,-0.28513691731115287
-14.57543106904508,-0.3285689309549191
-14.421929600846859,-0.3810703991531419
-14.382525412150137,-0.31747458784986193
-14.207853620342595,-0.3991463796574042
-14.073012974802268,-0.433987025197732
-13.998900212657288,-0.40709978734271246
-13.858574872995336,-0.43442512700466374
-13.69616872418707,-0.5038312758129297
-13.637180570742693,-0.46481942925730735
-13.500099340792692,-0.4919006592073085
-13.421934540352137,-0.4740654596478642
-13.294436510076693,-0.5065634899233071
-13.176933165923902,-0.5180668340760981
-13.061910579740957,-0.5430894202590437
-12.985666997992768,-0.5063330020072332
-12.931248778169145,-0.4597512218308548
-12.817385778611213,-0.4756142213887866
-12.695492258604691,-0.5025077413953092
-12.601168716678664,-0.4938312833213363
-12.518206427012109,-0.4787935729878914
-12.385683290725973,-0.5183167092740266
-12.312946468264203,-0.4830535317357967
-12.239105007186113,-0.4558949928138869
-12.096872801274042,-0.5101271987259572
-12.000145713265825,-0.496854286734175
-11.966873999506285,-0.42712600049371474
-11.79126965853819,-0.5017303414618084
-11.697774131609247,-0.49722586839075333
-11.624803961802296,-0.46719603819770406
-11.499283059915395,-0.4947169400846043
-11.374392842822965,-0.5266071571770343
-11.281985089157278,-0.5110149108427215
-11.100591347459725,-0.6044086525402754
-11.083610852684942,-0.5163891473150581
-10.942530031417002,-0.5594699685829987
-10.837190270632606,-0.5538097293673943
-10.763814467936907,-0.5371855320630932
-10.639924163411141,-0.568075836588859
-10.55614229720684,-0.5358577027931606
-10.455007957595262,-0.5389920424047379
-10.40132204828001,-0.4996779517199901
-10.287680867566129,-0.5203191324338707
-10.208385153622345,-0.4966148463776552
-10.12896493489661,-0.46803506510338977
-10.007560140678276,-0.49943985932172374
-9.98508425166658,-0.40591574833342037
-9.878703275076084,-0.42429672492391646
-9.829531616457283,-0.3754683835427173
-9.705375807478166,-0.38662419252183433
-9.62107376030356,-0.37092623969644123
-9.55415593991472,-0.3398440600852801
-9.45826998815732,-0.34273001184268104
-9.34257445605086,-0.35742554394913917
-9.191400257148644,-0.4105997428513568
-9.17895718041115,-0.3180428195888503
-9.068926947893967,-0.3220730521060329
-8.923286360195748,-0.3777136398042522
-8.833644241581169,-0.3613557584188314
-8.733421164293862,-0.3585788357061386
-8.583826181317496,-0.41817381868250436
-8.46745919160549,-0.4215408083945089
-8.381357067321918,-0.41164293267808105
-8.19300293435705,-0.5049970656429501
-8.140293354766689,-0.45970664523331095
-8.04742326637624,-0.45157673362376016
-7.847533204148365,-0.5564667958516347
-7.783954971812175,-0.522045028187824
-7.642818678327024,-0.5521813216729763
-7.504597410319289,-0.6024025896807101
-7.536517934452297,-0.4604820655477031
-7.331988205500018,-0.5740117944999819
-7.257281071167107,-0.5487189288328933
-7.161121756350403,-0.5438782436495968
-7.081968061172727,-0.5180319388272725
-6.996306888994635,-0.49569311100536506
-6.9244948316380635,-0.48150516836193624
-6.863350704539913,-0.4426492954600869
-6.743074870399963,-0.44992512960003683
-6.697926504157286,-0.407073495842714
-6.662435771337309,-0.33656422866269065
-6.59248632595306,-0.30351367404693974
-6.469668202207742,-0.3283317977922584
-6.370426036060864,-0.3275739639391366
-6.334801304628241,-0.25519869537175843
-6.257025714493155,-0.23697428550684485
-6.136991986376264,-0.2620080136237357
-6.0720443552312675,-0.22095564476873264
-5.981042796859426,-0.21395720314057431
-5.904057622423252,-0.19094237757674737
-5.792267308912893,-0.20973269108710646
-5.73034884943098,-0.1756511505690197
-5.6325059621047835,-0.16349403789521677
-5.529126904865759,-0.16887309513424142
-5.495370698795223,-0.09662930120477675
-5.377685341410749,-0.12431465858925073
-5.318794924252621,-0.07520507574737945
-5.208564269653417,-0.08743573034658336
-5.112434370977871,-0.09556562902212917
-5.020599743456807,-0.08440025654319339
-4.972467437420659,-0.019532562579341217
-4.844385987449625,-0.061614012550374575
-4.783034940196862,-0.01296505980313789
-4.67230863741247,-0.027691362587530577
-4.574659350299659,-0.027340649700341224
-4.52855262524701,0.021552625247010404
-4.468150905097993,0.0691509050979926
-4.3439695651168675,0.04796956511686723
-4.298885478555649,0.09388547855564866
-4.186663936873119,0.08966393687311847
-4.08867555426693,0.08667555426693063
-4.080965907989279,0.17496590798927913
-3.948740817798189,0.14274081779818903
-3.8682498652442074,0.16324986524420737
-3.768959953601609,0.16395995360160898
-3.6475264523092776,0.14352645230927763
-3.5436894046445824,0.14468940464458235
-3.4928538505557367,0.1848538505557369
-3.348007665434926,0.1430076654349257
-3.2318320290172156,0.12683202901721558
-3.173165826857848,0.16616582685784786
-3.096764596858944,0.20276459685894377
-2.9372328884487837,0.1292328884487839
-2.8219470423240005,0.11694704232400044
-2.7077163272468976,0.10271632724689761
-2.598984075809567,0.10698407580956681
-2.520181629681326,0.12418162968132629
-2.3380778139880287,0.03207781398802867
-2.2503192224232254,0.04531922242322528
-2.182540553705254,0.09054055370525393
-2.132531509604854,0.12553150960485393
-1.9869114766614167,0.08091147666141674
-1.9179735187527482,0.12497351875274831
-1.7722786723380186,0.07727867233801855
-1.715545696456167,0.10854569645616707
-1.6009486705374223,0.10194867053742218
-1.4885548939056656,0.09755489390566563
-1.4796515693797108,0.1736515693797107
-1.3627850235141818,0.15778502351418178
-1.2815246089731216,0.1895246089731215
-1.1601772829495454,0.15317728294954547
-1.1123025901567816,0.20630259015678154
-1.0499514970309705,0.24895149703097041
-0.9263555553389189,0.22635555533891893
-0.8517492160710474,0.2597492160710474
-0.890722924151528,0.393722924151528
-0.7092139821292507,0.31321398212925067
-0.6424001758233244,0.33440017582332443
-0.5254776104533563,0.3324776104533563
-0.4597801089445188,0.36278010894451884
-0.39185769352624805,0.39985769352624806
-0.2983298073309232,0.39232980733092315
-0.17252350103865893,0.36452350103865894
-0.14914522420924436,0.44414522420924435
-0.03226301561321959,0.4372630156132196
0.05343963572000404,0.44256036427999595
0.14580847759904153,0.44819152240095844
0.23927608555543028,0.45472391444456967
0.3527511453734952,0.4392488546265048
0.4250502913872935,0.4699497086127065
0.5251380224157942,0.4728619775842058
0.6007443534109709,0.4982556465890291
0.6274255778069926,0.5645744221930074
0.7719164449136431,0.520083555086357
0.8430291169364734,0.5649708830635265
0.8596940093096417,0.6433059906903582
0.9940929895510684,0.6119070104489317
1.0651566110310717,0.6288433889689282
1.0629361282255159,0.7320638717744841
1.1439727732416103,0.7590272267583897
1.21278020715647,0.78321979284353
1.2959917176028852,0.8000082823971149
1.4124430170849118,0.7795569829150883
1.5155397637525527,0.7814602362474474
1.5443545103533247,0.8556454896466752
1.5543280138987874,0.9516719861012124
1.720488195793205,0.8835118042067951
1.8267638866731108,0.872236113326889
1.9374093647950066,0.8645906352049935
2.056836668562202,0.841163331437798
2.1452527513755704,0.8627472486244296
2.2137458383788453,0.8922541616211546
2.382655222368737,0.8213447776312632
2.513912561843773,0.7930874381562267
2.5965832219310268,0.8114167780689732
2.74307833585916,0.7629216641408396
2.866332314204546,0.7326676857954544
2.9993729708648678,0.7046270291351324
3.0652968995643786,0.7367031004356215
3.2639735265796093,0.6310264734203908
3.407579172033192,0.6004208279668082
3.5061448027628015,0.6028551972371985
3.598067955690046,0.6039320443099538
3.804635263285061,0.4973647367149385
3.8657694875233797,0.5422305124766207
3.9901183475593043,0.5178816524406957
4.108881468526937,0.4851185314730637
4.161139134886816,0.5358608651131842
4.292756620969958,0.5092433790300417
4.4122627079509575,0.4957372920490428
4.52620385412441,0.47679614587559005
4.5901699500723225,0.5138300499276776
4.656259887024504,0.5357401129754962
4.75476784985475,0.5452321501452495
4.847768102549582,0.5602318974504188
4.8715438255966275,0.6364561744033725
5.001120242389496,0.6048797576105036
5.0216193988879105,0.6803806011120894
5.195131731243086,0.606868268756914
5.256478534129749,0.6515214658702515
5.324231581382663,0.6717684186173374
5.420927103366843,0.6880728966331571
5.517509930712296,0.674490069287704
5.603265416292941,0.7067345837070587
5.717820222342189,0.6901797776578116
5.792672809223153,0.7033271907768475
5.8738598815050445,0.7321401184949554
6.004006841387435,0.699993158612565
6.019993075788808,0.7800069242111922
6.179666916287327,0.7253330837126732
6.29017040240777,0.7078295975922302
6.312463109006612,0.7965368909933881
6.439716434584262,0.764283565415738
6.5371217715555625,0.7548782284444373
6.647067366849473,0.7609326331505271
6.790574809781299,0.7054251902187012
6.774761800027646,0.8242381999723545
6.875900156340704,0.8260998436592963
6.99054639805748,0.8014536019425202
7.07666080876415,0.8313391912358501
7.162659620545201,0.8303403794547997
7.244355102694118,0.8596448973058815
7.382365897579485,0.8096341024205156
7.478372513889195,0.828627486110805
7.54507028501986,0.8629297149801394
7.6033701853395534,0.8946298146604459
7.804895222474393,0.7891047775256066
7.840142639842044,0.8668573601579563
7.966441326753808,0.8405586732461927
8.074917043916017,0.8300829560839826
8.196573110081827,0.8044268899181723
8.341590962950624,0.762409037049375
8.478026613747211,0.7259733862527895
8.553787755046454,0.7512122449535461
8.730480833275363,0.674519166724636
8.803841169316192,0.6991588306838086
8.980695076430994,0.6233049235690054
9.16501651413903,0.5339834858609702
9.252883777225987,0.5521162227740124
9.412053578790633,0.48794642120936693
9.588735102828103,0.41926489717189597
9.740790637510031,0.36820936248996894
9.869446264975647,0.3345537350243539
10.001711526169165,0.30328847383083435
10.111800930445755,0.2931990695542446
10.286784445244935,0.22121555475506405
10.451240188218893,0.15475981178110665
10.565103101120954,0.13889689887904666
10.694299736921224,0.11070026307877612
10.8172525160758,0.08774748392419873
10.92137833478622,0.08462166521377945
11.028147796932867,0.08085220306713303
11.158798858491254,0.04820114150874666
11.29095019849328,0.014049801506720527
11.406340939249827,-0.0013409392498271444
11.49553497012371,0.010465029876289833
11.583568246344882,0.025431753655118072
11.689514305350512,0.014485694649488678
11.738093653334605,0.058906346665395404
11.908104493182057,-0.005104493182056302
11.998020779819637,0.007979220180363455
12.073570812124718,0.03542918787528215
12.21198999731389,-0.0049899973138884945
12.300227821618073,-0.003227821618072113
12.42377272087348,-0.01577272087348014
12.533853822338322,-0.03285382233832301
12.630591465014048,-0.0365914650140482
12.73539932276906,-0.026399322769060873
12.871271451736929,-0.07927145173692907
12.971675605058897,-0.07867560505889593
13.006609789206793,0.0013902107932057817
13.192625561645285,-0.09362556164528435
13.262003740210249,-0.0680037402102478
13.374891343441403,-0.08289134344140336
13.48467873312946,-0.08667873312946028
13.571523143125962,-0.07352314312596242
13.758897076057734,-0.15789707605773273
13.838741430037818,-0.1397414300378177
13.945190352863516,-0.138190352863516
14.047724857312282,-0.14472485731228169
14.16146147205113,-0.16546147205112938
14.20223554002704,-0.10323554002703972
14.35158196573042,-0.14458196573041882
14.433462397298818,-0.1314623972988187
14.555440423116664,-0.15244042311666384
14.707453481195408,-0.20645348119540863
14.765786227184638,-0.16478622718463676
14.926274868846175,-0.23427486884617466
15.056638974641459,-0.24963897464145823
15.171853845186346,-0.2718538451863459
15.301154576827923,-0.30015457682792324
15.469851647286928,-0.3638516472869284
15.557228419490249,-0.3502284194902483
15.683169711168318,-0.37816971116831866
15.848854740766939,-0.4408547407669392
15.965195053983916,-0.46419505398391614
16.130946563882286,-0.5219465638822864
16.296579473623424,-0.5895794736234237
16.434157979840634,-0.6371579798406337
16.563719548832793,-0.6607195488327928
16.708171325408298,-0.7151713254082974
16.85757006562966,-0.7485700656296572
16.984434998881298,-0.7854349988812963
17.126793301686103,-0.8217933016861032
17.291595128054716,-0.8915951280547176
17.422127835993013,-0.9141278359930141
17.506976659174192,-0.9129766591741912
17.6688495807451,-0.9668495807450981
17.816515275623598,-1.019515275623597
17.868179942786607,-0.9731799427866079
18.0560719186828,-1.0580719186827992
18.169325030904783,-1.0683250309047843
18.294492505513134,-1.095492505513132
18.38226477379404,-1.0852647737940408
18.558588362518773,-1.1505883625187714
18.634939166431856,-1.1289391664318558
18.742279333268414,-1.1462793332684136
18.883324926263608,-1.1913249262636079
18.942289720199543,-1.1452897201995427
19.045598981884737,-1.1475989818847374
19.139578389157514,-1.1385783891575123
19.262482186819938,-1.1634821868199374
19.38494672680903,-1.19294672680903
19.468335227218095,-1.1663352272180951
19.581194791841813,-1.1781947918418147
19.675224799436066,-1.1772247994360647
19.786717231886218,-1.192717231886217
19.85375131592556,-1.1497513159255597
19.938300747881495,-1.1333007478814956
20.048315378216707,-1.1553153782167058
20.15365465847643,-1.1606546584764317
20.255819845412386,-1.161819845412385
20.36574960314481,-1.1617496031448091
20.38683174716824,-1.0948317471682394
20.562396421453013,-1.164396421453013
20.641994043466834,-1.133994043466835
20.69836260260991,-1.1023626026099116
20.8339873820063,-1.1319873820062973
20.91895109313364,-1.1119510931336407
20.983674741898238,-1.0786747418982365
21.08207443241768,-1.0890744324176822
21.168148449499284,-1.0691484494992842
21.19753376032819,-1.0055337603281913
21.33571188632269,-1.0407118863226898
21.462240389940316,-1.0672403899403164
21.54935737038411,-1.0513573703841104
21.638546455331504,-1.0345464553315047
21.676343417723498,-0.9773434177234961
21.838831920975405,-1.0338319209754054
21.954910710508553,-1.0619107105085526
22.03606507834967,-1.0350650783496675
22.13428415921511,-1.0252841592151078
22.235340241777248,-1.0383402417772487
22.32999537329436,-1.0349953732943575
22.44317744734808,-1.0481774473480812
22.57207657697425,-1.079076576974252
22.643328767651013,-1.0443287676510131
22.777378283713475,-1.0853782837134744
22.89515584290572,-1.1001558429057177
23.018801827395666,-1.1158018273956678
23.120433636668768,-1.1124336366687686
23.238712211321673,-1.1447122113216714
23.336370679862238,-1.139370679862239
23.45220053997262,-1.1472005399726193
23.55313499967352,-1.1481349996735197
23.631868684037865,-1.125868684037865
23.72885285477213,-1.1298528547721283
23.858763272268565,-1.1647632722685657
23.951201045371835,-1.1442010453718368
24.04095337758296,-1.1409533775829601
24.152193359999533,-1.1591933599995343
24.218973152812314,-1.1249731528123128
24.324940907589546,-1.1209409075895458
24.420931496023304,-1.125931496023302
24.466084336114992,-1.0710843361149927
24.587846747279663,-1.0898467472796618
24.63849659613323,-1.029496596133228
24.71914492238741,-1.0251449223874118
24.818068154770575,-1.0210681547705747
24.87595921527747,-0.9809592152774691
24.940029149790362,-0.9420291497903612
25.01790442282489,-0.9119044228248896
25.109732483181737,-0.9107324831817358
25.193545801724653,-0.8935458017246525
25.25776927924149,-0.8497692792414888
25.26849214702333,-0.7704921470233295
25.394516557531592,-0.7885165575315902
25.41302433679731,-0.7110243367973084
25.482580649044078,-0.680580649044078
25.585819377768026,-0.6808193777680245
25.605286445974734,-0.6022864459747339
25.666932605778204,-0.5679326057782035
25.714670158360537,-0.5076701583605363
25.786112209170142,-0.4861122091701411
25.833368302860652,-0.43036830286065353
25.93380020860909,-0.43080020860908874
25.96554884814889,-0.37154884814889044
26.028419808765534,-0.34241980876553413
26.101921643402168,-0.3149216434021689
26.12836241159114,-0.22836241159114223
26.225661956852452,-0.22966195685245339
26.29110951757379,-0.19210951757379036
26.317035829153973,-0.1250358291539726
26.391799903058935,-0.09479990305893438
26.46281415395655,-0.07281415395654989
26.540713748268185,-0.04771374826818686
26.599180265347606,-0.0031802653476056264
26.68686919253375,0.012130807466252946
26.80093080324895,-0.000930803248948564
26.856179678013515,0.04382032198648389
26.920045650528976,0.07795434947102464
27.066428856841046,0.037571143158952935
27.098773032337533,0.09522696766246597
27.21338986442181,0.08361013557819064
27.355751073094243,0.044248926905755326
27.34535093050925,0.14464906949074674
27.475014528793846,0.1129854712061551
27.634987926238406,0.05701207376159445
27.677477697976677,0.11952230202332359
27.76819160358485,0.13180839641514908
27.88015896912513,0.11584103087486852
27.97218919578129,0.12681080421871016
28.065740339483824,0.13625966051617766
28.155337976361878,0.13366202363812363
28.230755404571195,0.15924459542880598
28.355824118637386,0.1401758813626124
28.43515966677885,0.16084033322114877
28.532859451238494,0.1641405487615053
28.6132336496119,0.18376635038810107
28.700766005330962,0.19723399466903757
28.792710900773397,0.20028909922660176
28.85339128127233,0.24260871872766998
28.95513559216966,0.24186440783033802
29.03121770146294,0.2557822985370599
29.083161188982203,0.31483881101779687
29.190623944579688,0.3073760554203133
29.226306137855474,0.36969386214452626
29.25611401197278,0.4408859880272189
29.396101117848147,0.39889888215185465
29.435359620075428,0.4646403799245711
29.51118206383929,0.489817936160712
29.58947624903629,0.5095237509637087
29.584378269131502,0.6126217308684971
29.728892191256303,0.5731078087436963
29.79086451735436,0.6021354826456395
29.80743910815561,0.6935608918443918
29.89270790797289,0.711292092027108
29.95020658690237,0.7467934130976275
30.00690133788301,0.7930986621169893
30.070178546776614,0.829821453223385
30.088161612674455,0.9128383873255466
30.168853153711048,0.9351468462889514
30.226483422165433,0.9705165778345659
30.283288414312857,1.018711585687143
30.3489669006167,1.0460330993833011
30.385714546291226,1.1172854537087744
30.42581920337088,1.1781807966291176
30.500930140517266,1.201069859482736
30.508573580296382,1.2804264197036197
30.603934564377255,1.2940654356227448
30.734362337063256,1.255637662936742
30.73991686760112,1.3610831323988783
30.77440601311324,1.4275939868867589
30.82686438816733,1.4701356118326672
30.842529683135123,1.5554703168648807
30.99565672138693,1.5053432786130685
31.058076984442817,1.5329230155571842
31.09110519887105,1.6078948011289498
31.119642250336046,1.6723577496639557
31.222873093623253,1.6751269063767502
31.33849637505071,1.662503624949288
31.382690474615362,1.7213095253846369
31.47033550085075,1.7186644991492486
31.61766248919297,1.6793375108070272
31.67108757547143,1.7269124245285745
31.806159564912424,1.694840435087574
31.86031726939731,1.7356827306026865
31.925585820172156,1.7714141798278469
32.07295287676328,1.7240471232367156
32.21569955746544,1.6823004425345616
32.305034166253556,1.6979658337464443
32.47911105865909,1.624888941340906
32.518226565517686,1.6677734344823136
32.63239915025877,1.667600849741227
32.75647981499149,1.633520185008507
32.906283388626846,1.5947166113731512
33.03668094260674,1.5593190573932532
33.1880965968336,1.5009034031663973
33.21989514057917,1.5691048594208326
33.37322563229774,1.524774367702264
33.49839927905249,1.5026007209475054
33.517334524111135,1.5836654758888642
33.68200067755754,1.5099993224424608
33.77534280499414,1.521657195005858
33.899781854558555,1.490218145441446
33.99169326311609,1.4963067368839091
34.07152191190226,1.5244780880977373
34.146125910036815,1.5398740899631846
34.29785930115231,1.5041406988476922
34.377872279289036,1.5171277207109668
34.47991662901104,1.5160833709889587
34.560878441851344,1.538121558148653
34.645177631429746,1.5488223685702565
34.75779832590533,1.5342016740946747
34.8107303933586,1.5792696066414038
34.90527260617754,1.5957273938224574
35.02126399935215,1.5797360006478485
35.064605609742536,1.6273943902574644
35.21345651480422,1.5815434851957804
35.26641263559169,1.6335873644083065
35.35760113577627,1.6433988642237267
35.555410411716736,1.543589588283261
35.57084522049048,1.6311547795095152
35.68551702512178,1.6034829748782187
35.77908486684628,1.6159151331537203
35.83548111345836,1.667518886541643
35.96624102870638,1.6297589712936187
36.070955904488144,1.6210440955118557
36.09803433570566,1.6989656642943345
36.242121712805655,1.6528782871943477
36.30655741374825,1.6834425862517506
36.39231345120479,1.7066865487952043
36.50624169814032,1.6957583018596765
36.65548987602375,1.6415101239762464
36.76952346313893,1.6334765368610675
36.81933824937209,1.6816617506279101
36.972997738331244,1.6280022616687546
37.0925111889807,1.6094888110192969
37.160201513466696,1.6287984865333058
37.310037023521105,1.589962976478894
37.33570356364104,1.6522964363589594
37.514678241059144,1.5813217589408524
37.742677421619334,1.451322578380669
37.885098031259574,1.4069019687404278
38.037530513678135,1.3654694863218637
38.1840540721491,1.3039459278508971
38.344402178654086,1.2595978213459134
38.5518136306599,1.1471863693400977
38.730102040687754,1.069897959312243
38.87840661907104,1.0145933809289573
39.10302540875471,0.897974591245287
39.29601231831606,0.8049876816839401
39.44871345702327,0.7502865429767311
39.67805628331821,0.6239437166817865
39.965037175672514,0.424962824327487
40.14673577456247,0.3412642254375271
40.38618294179247,0.20181705820753137
40.61625364687789,0.08574635312211143
40.78946104665362,0.007538953346376331
41.08409958926065,-0.1970995892606524
41.238182743779355,-0.24818274377935268
41.47561718640186,-0.3876171864018616
41.65807242260155,-0.46407242260154646
41.870002156066555,-0.5700021560665576
42.05142482869131,-0.6484248286913115
42.412124507459595,-0.9141245074595972
42.527001276899654,-0.9260012768996546
42.67810165331079,-0.98610165331079
42.8279577438482,-1.0309577438482052
43.114698813505456,-1.224698813505455
43.35444844072476,-1.356448440724762
43.53875916898666,-1.4377591689866591
43.636095638771025,-1.452095638771027
43.90229916226608,-1.6052991622660855
43.801543734425955,-1.3985437344259566
44.08140752205887,-1.5884075220588656
44.28329294568931,-1.69229294568931
44.46040893453948,-1.763408934539477
44.682382032186496,-1.887382032186494
44.757623118626874,-1.8576231186268757
44.87457111019433,-1.8735711101943338
44.97244296665673,-1.8784429666567277
45.198988515234284,-2.004988515234281
45.34036130913185,-2.051361309131849
45.56266239954822,-2.172662399548223
45.68334979919696,-2.1803497991969607
45.72622740603647,-2.1322274060364705
45.870507464017386,-2.1765074640173836
45.982424963405585,-2.1854249634055876
46.06411808198798,-2.1741180819879773
46.23598085687801,-2.239980856878006
46.48936762256247,-2.390367622562472
46.4919655404038,-2.2999655404037966
46.677058046027256,-2.388058046027254
46.72942537828742,-2.339425378287416
46.990131737104065,-2.489131737104067
47.085550729793496,-2.491550729793495
47.13338411843464,-2.444384118434641
47.325546684044724,-2.5305466840447224
47.41406608565403,-2.5110660856540292
47.40063602696449,-2.4106360269644895
47.61629204514489,-2.5282920451448874
47.68131221722141,-2.4923122172214107
48.00043662066205,-2.7054366206620486
47.893663991035375,-2.4956639910353715
48.110362158608154,-2.6173621586081524
48.32593165944884,-2.7299316594488445
48.49006287411752,-2.793062874117517
48.87477138377981,-3.0777713837798117
48.725344833589645,-2.8253448335896465
48.80137324407919,-2.798373244079187
48.968193441123816,-2.8721934411238195
49.09036774340507,-2.8913677434050697
49.28746570515787,-2.9984657051578694
49.41383045574785,-3.015830455747846
49.63045047586601,-3.137450475866011
49.732070811884746,-3.1330708118847497
49.778638768932574,-3.0896387689325735
50.15374666498485,-3.3587466649848494
50.091891836002745,-3.1938918360027415
50.44106515387468,-3.44806515387468
50.345986737603944,-3.254986737603943
50.6500594832275,-3.451059483227503
50.6500594832275,-3.3580594832274997
50.72804039887306,-3.3330403988730595
50.68302792456761,-3.1870279245676087
50.86647883935529,-3.2704788393552917
50.960115617371734,-3.2661156173717316
50.84537312652502,-3.0583731265250194
51.01158180184084,-3.113581801840837
50.848387370395145,-2.8523873703951423
51.07527230067356,-2.9842723006735596
51.27626961342264,-3.082269613422639
51.22437734463704,-2.9323773446370396
51.2396311033042,-2.852631103304198
51.07527230067356,-2.577272300673563
51.12388355761883,-2.535883557618831
51.18779778933377,-2.4957977893337713
51.0813446772447,-2.294344677244702
51.35273371317495,-2.4597337131749484
51.11780311860368,-2.1148031186036818
51.230477981133475,-2.1394779811334743
51.10868462068877,-1.9146846206887673
51.09349288417738,-1.8064928841773806
51.142131790731554,-1.7521317907315535
50.981297529660196,-1.485297529660194
51.175613842901285,-1.5816138429012838
51.142131790731554,-1.4401317907315558
51.12996514918322,-1.3279651491832212
51.09653065559083,-1.1985306555908295
51.18779778933377,-1.199797789333772
51.24268272210468,-1.148682722104681
51.06009639447708,-0.8680963944770781
51.16343451322811,-0.8684345132281095
50.93592492733716,-0.5379249273371585
51.28238008147184,-0.7843800814718449
51.212179538656336,-0.6241795386563354
51.02067268369319,-0.321672683693194
51.2396311033042,-0.4396311033042011
51.01461180851369,-0.11661180851368869
51.227427518406294,-0.23442751840629228
50.996436076682215,0.09956392331778119
51.31906720554382,-0.13306720554381712
51.12996514918322,0.1590348508167807
51.09653065559083,0.29346934440916783
51.270160302751734,0.23083969724826403
51.10564569744945,0.48835430255055456
51.28543574957375,0.40856425042625233
51.20303421704564,0.5969657829543564
51.25489208833562,0.6431079116643801
51.25489208833562,0.7331079116643764
51.273214813427,0.8257851865729933
51.361921575563706,0.8370784244362923
51.35273371317495,0.9492662868250505
51.39869913362905,1.001300866370947
51.614069431014855,0.8759305689851473
51.62641944369365,0.9645805563063519
51.90241896844482,0.7945810315551824
51.78739548451921,1.0076045154807929
51.917993554153355,0.9690064458466452
51.91487804831291,1.0831219516870902
52.12740430931464,0.9735956906853573
52.187030991019945,1.0069690089800574
52.01784531657983,1.2711546834201712
52.42977359135928,0.9632264086407218
52.39498802180632,1.1030119781936776
52.60424367979018,0.983756320209821
52.70936070645433,0.9826392935456667
52.467762664921935,1.3242373350780667
52.76363958582301,1.1263604141769932
52.85322977044693,1.1347702295530695
52.93342085172841,1.1575791482715942
52.80200645304683,1.3899935469531712
53.05889634984496,1.2281036501550417
53.27553453966659,1.111465460333413
53.1848331143174,1.3031668856826002
53.487014007330714,1.116985992669285
53.30798581457103,1.384014185428967
53.63090403829944,1.156095961700558
53.59814953368445,1.2918504663155517
53.52619779492624,1.4638022050737618
53.78197140744862,1.3140285925513737
53.66368930848267,1.533310691517336
53.85774997958199,1.42925002041801
53.72935224579392,1.6576477542060815
53.696505369291174,1.7994946307088284
54.14254851850569,1.4564514814943053
54.06283874881992,1.623161251180079
54.10599261907906,1.683007380920941
54.35933130996576,1.5306686900342399
54.52698737818709,1.466012621812915
54.31252805871477,1.7754719412852324
54.611110023176515,1.574889976823485
54.54043378364095,1.7465662163590494
54.81719657813229,1.5698034218677108
54.89860247499481,1.5893975250051895
54.75626186821074,1.8347381317892584
55.191810079639296,1.5051899203607064
55.0721972070324,1.7148027929675962
55.22605701635747,1.6609429836425278
55.377123704498324,1.623876295501674
55.58758503556138,1.5004149644386189
55.740137643446694,1.445862356553306
55.740137643446694,1.546862356553305
55.61873812656894,1.768261873431058
55.94917381953273,1.538826180467268
56.201562579569625,1.3894374204303759
55.924726067502434,1.7672739324975666
56.45210571906903,1.3348942809309676
56.39196594432802,1.4950340556719794
56.501703937979755,1.4882960620202468
56.38489691811908,1.7141030818809142
56.48043966248061,1.7055603375193868
56.33545049405239,1.951549505947611
56.46272848107542,1.9372715189245753
56.890073645033965,1.6059263549660372
56.76850906475994,1.8194909352400614
56.94024114876732,1.7617588512326776
57.0767386929414,1.7122613070586041
57.174016249910196,1.7129837500898049
56.811370448599995,2.1786295514000074
57.39468897722453,1.6933110227754682
57.37292816983181,1.816071830168191
57.28238809638084,2.004611903619157
57.32219991843938,2.0648000815606196
57.649459519521606,1.8385404804783931
57.876494384578635,1.7115056154213661
57.66406770715966,2.02193229284034
57.770138739984084,2.0248612600159177
57.80311517611098,2.083884823889022
58.07160601336794,1.9183939866320614
