# 4.84162334e-11 -7.38113941e-10  2.59379064e-08  2.90249352e-06 -2.37096221e-04 -2.38191390e-03  1.05977523e+00 -2.18915325e-01
-56.236361794372385,-3.7676382056276125
-56.192673603361825,-3.7133263966381733
-55.880714040032885,-3.917285959967117
-56.0224815161915,-3.6705184838085003
-55.595240666133314,-3.9997593338666846
-55.747421527108905,-3.749578472891095
-55.64588311081857,-3.7601168891814254
-55.73568827995195,-3.5723117200480488
-55.28544644060509,-3.9075535593949056
-55.50973013056204,-3.590269869437961
-55.30471557382917,-3.6972844261708318
-54.86084137762152,-4.035158622378482
-54.8684384931636,-3.9295615068364
-55.03989062404803,-3.6631093759519757
-54.857043551847966,-3.7399564481520358
-54.898846483692914,-3.6001535163070884
-54.46847036915497,-3.932529630845032
-54.50221856526869,-3.7987814347313105
-54.40483027190077,-3.7931697280992296
-54.63006483766818,-3.469935162331822
-54.13312902244628,-3.865870977553719
-54.02589951218381,-3.878100487816191
-54.144244599391975,-3.653755400608027
-54.029590419546466,-3.670409580453537
-53.98901657021366,-3.6079834297863442
-53.79066758577111,-3.713332414228887
-53.61187480303344,-3.7941251969665615
-53.655556431102745,-3.647443568897252
-53.659199617986374,-3.545800382013624
-53.50296596163084,-3.5970340383691592
-53.46313817083883,-3.540861829161166
-53.560998246076934,-3.343001753923069
-53.51746280912812,-3.285537190871878
-53.343993302884826,-3.3640066971151725
-53.31878529319964,-3.2782147068003624
-53.408918532670384,-3.083081467329613
-53.40169717084075,-2.9943028291592526
-52.97536355289432,-3.3306364471056753
-53.365618296138194,-2.842381703861804
-53.225354639720315,-2.881645360279684
-52.98247484357926,-3.019525156420741
-53.025181180599255,-2.875818819400749
-52.98247484357926,-2.823525156420736
-53.08936489327287,-2.6036351067271255
-53.028743030161735,-2.5712569698382666
-52.986031177778365,-2.520968822221633
-53.01093838096154,-2.38806161903846
-52.95048849571307,-2.3525115042869302
-53.08936489327287,-2.115635106727126
-53.19308623255004,-1.9019137674499618
-53.22894233258868,-1.7730576674113223
-53.41252991230736,-1.4864700876926378
-53.11436553773709,-1.678634462262906
-53.38004426090696,-1.327955739093035
-53.22176740985823,-1.370232590141768
-53.41975406930334,-1.0872459306966604
-53.47037538517256,-0.9336246148274441
-53.236119107565315,-1.0718808924346845
-53.75408749742474,-0.4509125025752567
-53.4957203417806,-0.6092796582193998
-53.430593799935934,-0.5714062000640681
-53.666487400842996,-0.23451259915700717
-53.4233668467735,-0.3776331532265047
-53.473994692479145,-0.2310053075208529
-53.586425044807235,-0.018574955192761422
-53.568260704024105,0.06426070402410744
-53.71025357596292,0.30425357596292457
-53.72120570133196,0.423205701331959
-53.77237164894168,0.5643716489416803
-53.61551235814052,0.5155123581405192
-53.841958966397534,0.8429589663975321
-53.74312266055146,0.8421226605514534
-53.7650565744896,0.9690565744895991
-53.76139974424224,1.0633997442422398
-53.827294843392096,1.232294843392097
-53.787007455244,1.2950074552440043
-53.77237164894168,1.3713716489416754
-53.79798926195948,1.50498926195948
-53.94481969882342,1.7398196988234247
-53.9190697211593,1.8270697211593045
-53.64098837922885,1.6369883792288533
-53.72485735097076,1.8288573509707575
-53.68471508028077,1.8817150802807703
-53.805312825367174,2.1023128253671715
-53.76139974424224,2.1593997442422435
-53.89701678511013,2.39501678511013
-53.852962019473715,2.446962019473716
-53.80165080773289,2.4986508077328935
-53.65191371384103,2.458913713841035
-53.88599670766871,2.780996707668713
-53.670131996927786,2.6631319969277882
-53.97059290500027,3.064592905000268
-53.91171684844556,3.1037168484455577
-53.81996561563481,3.1249656156348067
-53.70660380850249,3.1066038085024914
-53.692009442148354,3.1930094421483517
-53.550108070297284,3.1511080702972833
-53.40530761886671,3.104307618866706
-53.18592056441488,2.9909205644148784
-53.30079350648291,3.1987935064829145
-53.03586810925574,3.041868109255738
-53.03943133889734,3.138431338897334
-52.94338546619499,3.1453854661949876
-52.851212871711205,3.1562128717112046
-52.70649140282468,3.0964914028246824
-52.657249673151064,3.1552496731510615
-52.657249673151064,3.2532496731510605
-52.47862083741947,3.1726208374194727
-52.552031272412215,3.359031272412217
-52.15590367522039,3.0609036752203878
-52.269972025648194,3.262972025648196
-52.14900608570522,3.2480060857052138
-52.266508247713276,3.4735082477132764
-51.994281470280626,3.301281470280628
-51.90529504365459,3.313295043654591
-51.78937937150916,3.2823793715091654
-51.646892508521695,3.2408925085216964
-51.80299002853466,3.496990028534661
-51.57256543961835,3.364565439618353
-51.387672439459706,3.280672439459707
-51.29071300162619,3.291713001626185
-51.23071444671165,3.3247144467116527
-50.96574289026106,3.1627428902610646
-51.03503188534267,3.32703188534267
-50.77535162140221,3.168351621402209
-50.63187033873225,3.1398703387322513
-50.586388896890334,3.1823888968903304
-50.328076066858,3.0350760668580037
-50.206315177250836,3.011315177250836
-50.1074285111049,3.0124285111049005
-49.869829218231,2.8758292182309972
-49.76601772722861,2.8750177272286095
-49.67828418341856,2.8752841834185645
-49.35520223827639,2.652202238276388
-49.57217955951979,2.98017955951979
-49.22903106948087,2.730031069480866
-49.00604628830252,2.600046288302522
-48.8998857742875,2.5918857742874977
-48.7400476320262,2.5370476320261943
-48.67102682369007,2.574026823690069
-48.4503592208715,2.456359220871498
-48.278886411820146,2.3848864118201476
-48.20243951099297,2.4064395109929677
-47.84428259797456,2.149282597974562
-47.8413942561523,2.2493942561523
-47.71467985192198,2.210679851921981
-47.35299353715941,1.9569935371594127
-47.17298766288959,1.8749876628895876
-47.05288889252716,1.857888892527157
-47.02227419665931,1.922274196659309
-46.8615770658567,1.8695770658567028
-46.70209353323365,1.8110935332336524
-46.565574879958696,1.7625748799586987
-46.32207888931675,1.6220788893167466
-46.14532744867471,1.5533274486747146
-45.85936807040584,1.365368070405843
-45.76232564708278,1.3633256470827817
-45.63193102389965,1.3309310238996446
-45.314765555576024,1.1117655555760209
-45.20254122190812,1.1105412219081217
-45.08084887526641,1.086848875266412
-44.95489562127816,1.055895621278161
-44.80234360140178,1.0093436014017811
-44.58686368078399,0.8788636807839936
-44.5033169143024,0.9033169143024011
-44.305768574183716,0.7987685741837183
-44.062354235280836,0.6633542352808348
-43.943035563840475,0.6400355638404776
-43.88129715424889,0.6762971542488927
-43.6247402803664,0.5197402803664062
-43.438751248208014,0.43175124820801614
-43.2181123319898,0.3121123319898018
-43.13835590879311,0.33035590879310917
-42.99345364418345,0.28845364418344843
-42.88332710833126,0.28632710833125685
-42.691735726917386,0.1877357269173885
-42.460706744135834,0.056706744135830434
-42.403985641938945,0.10298564193894322
-42.172565284923444,-0.035434715076554824
-42.11895753817027,0.01395753817027412
-41.842986836827116,-0.16401316317288206
-41.64216188011496,-0.2538381198850388
-41.53029181676429,-0.2627081832357092
-41.37825431792886,-0.3217456820711462
-41.20742741941373,-0.38757258058626576
-41.01245847936543,-0.49454152063457
-40.9268077196261,-0.4741922803739058
-40.69419382489163,-0.60880617510837
-40.60446840258732,-0.5955315974126805
-40.453535039915685,-0.6484649600843113
-40.267936643210916,-0.7390633567890816
-40.18639830123431,-0.7046016987656856
-40.01157951518729,-0.7814204848127062
-39.87210685876925,-0.8278931412307529
-39.708327026202944,-0.8986729737970549
-39.58988422931743,-0.9091157706825754
-39.4149479691824,-0.991052030817599
-39.29714911113862,-1.010850888861377
-39.17857267317415,-1.024427326825851
-39.12404956415375,-0.9709504358462482
-38.97390976551413,-1.0200902344858704
-38.866679809899196,-1.024320190100802
-38.82196215426336,-0.974037845736639
-38.59718558484274,-1.105814415157262
-38.46109477819318,-1.1439052218068184
-38.456080964718176,-1.0479190352818222
-38.362835893291745,-1.0311641067082533
-38.184845861039165,-1.1211541389608328
-38.15378110748717,-1.0442188925128306
-38.05616500096221,-1.0408349990377914
-37.88868589384275,-1.1053141061572518
-37.904695492942416,-0.9893045070575823
-37.77083182409697,-1.0251681759030262
-37.69181181447062,-1.0011881855293794
-37.63678863277801,-0.9632113672219944
-37.45457429632502,-1.0374257036749768
-37.43603411002283,-0.9679658899771724
-37.291747144107994,-1.0162528558920059
-37.16874525162825,-1.034254748371751
-37.211126212112724,-0.8958737878872753
-37.09192398495032,-0.9100760150496825
-36.87463276748007,-1.029367232519931
-36.895301669451285,-0.8976983305487138
-36.767427260766404,-0.9325727392335992
-36.693091723480734,-0.901908276519265
-36.659717768777334,-0.8422822312226685
-36.4928026778712,-0.9131973221288021
-36.41163466608054,-0.8963653339194622
-36.41305388080431,-0.7919461191956856
-36.20763776669834,-0.8873622333016584
-36.13395068177881,-0.8580493182211839
-36.034588749384326,-0.869411250615677
-35.903418383697506,-0.8945816163024958
-35.812749410800556,-0.8872505891994464
-35.760300200501256,-0.8346997994987433
-35.56342862164317,-0.9385713783568335
-35.518679752984575,-0.8853202470154287
-35.3893833927952,-0.9086166072047988
-35.33239226702464,-0.8676077329753653
-35.175873856224165,-0.9291261437758322
-34.977642361962495,-1.0263576380375028
-34.98515315068262,-0.9058468493173777
-34.7890596087786,-1.0119403912214011
-34.6387985510485,-1.066201448951496
-34.59762588260849,-0.9943741173915086
-34.47145188639324,-1.0355481136067581
-34.385774869169985,-1.0052251308300129
-34.29371961200152,-0.999280387998482
-34.16638431067272,-1.0336156893272843
-34.03021976626544,-1.0617802337345594
-33.87766945682566,-1.124330543174345
-33.75629072051507,-1.1477092794849355
-33.72504740099175,-1.0829525990082516
-33.63076190195069,-1.0772380980493068
-33.45878987496389,-1.1482101250361083
-33.45010147064993,-1.041898529350064
-33.308837247646814,-1.0821627523531845
-33.24582735005345,-1.0471726499465461
-33.138829966124945,-1.0661700338750535
-33.07787369816325,-1.0241263018367448
-32.91978034284617,-1.0792196571538355
-32.838541094454484,-1.0604589055455165
-32.78540694247534,-1.020593057524657
-32.71733805210617,-0.9876619478938267
-32.58450324177086,-1.020496758229136
-32.483980088873395,-1.0180199111266077
-32.407979612045374,-0.9960203879546299
-32.42372713811856,-0.8692728618814414
-32.28088930435688,-0.9121106956431149
-32.21790891905103,-0.8890910809489725
-32.15049712259938,-0.8515028774006197
-32.06920708823971,-0.8347929117602959
-31.96680139421016,-0.8341986057898403
-31.892505354258066,-0.8074946457419365
-31.83362039627488,-0.7633796037251201
-31.76115523917899,-0.7358447608210099
-31.70666048334932,-0.6893395166506799
-31.584802873873915,-0.708197126126084
-31.552049883003995,-0.6529501169960028
-31.45977331931779,-0.6322266806822086
-31.385247068354296,-0.6187529316457017
-31.32989939243316,-0.5761006075668398
-31.23060176359222,-0.5703982364077795
-31.135667576241932,-0.5623324237580682
-31.109436528414253,-0.497563471585746
-31.00164515130184,-0.5053548486981612
-30.95329224755519,-0.45070775244481
-30.899991394561496,-0.4060086054385046
-30.811122677240597,-0.39387732275940124
-30.766088970236225,-0.33091102976377584
-30.69759008740741,-0.3064099125925921
-30.620258127925407,-0.278741872074594
-30.541748800826415,-0.2512511991735842
-30.535090273672022,-0.16790972632797718
-30.38045440018477,-0.21654559981523036
-30.363207229490303,-0.1437927705096982
-30.274874407552453,-0.11912559244754561
-30.166918419057247,-0.12608158094275268
-30.170960812129714,-0.027039187870286696
-30.01740899207722,-0.08759100792278218
-29.955997452340558,-0.036002547659442996
-29.901991257753718,0.010991257753719452
-29.810342829932246,0.017342829932246673
-29.75218551510925,0.04718551510925195
-29.66616571247413,0.07416571247413017
-29.531110636963525,0.034110636963525565
-29.494064954361672,0.09506495436167128
-29.401835398287314,0.09883539828731358
-29.33606635347963,0.1280663534796318
-29.269802969433687,0.17780296943368867
-29.193963946717314,0.19696394671731454
-29.1214757990827,0.222475799082698
-29.007313148930823,0.2043131489308223
-28.953487328552466,0.2554873285524657
-28.85669337887874,0.2616933788787428
-28.7995910037242,0.2975910037242002
-28.725676918420856,0.3216769184208559
-28.64173955335377,0.34573955335376994
-28.566918577841125,0.37391857784112403
-28.472654002065216,0.3706540020652156
-28.45515939613688,0.46315939613688073
-28.34973732045632,0.455737320456322
-28.23031875942195,0.4323187594219533
-28.16541060042964,0.4604106004296433
-28.117189691137458,0.5171896911374567
-28.040348685503115,0.5363486855031141
-27.94296471880397,0.5469647188039701
-27.870121828614952,0.5771218286149526
-27.79743546480471,0.5924354648047121
-27.69364778361908,0.5986477836190822
-27.610674623521025,0.6186746235210236
-27.527863807780577,0.6338638077805783
-27.464265193258488,0.6662651932584893
-27.3781836514366,0.6801836514366002
-27.292238197363325,0.6902381973633247
-27.212741802592163,0.7057418025921613
-27.140361868245154,0.7343618682451556
-27.039985783939596,0.7369857839395948
-26.980375655024865,0.7753756550248667
-26.89417651425609,0.7991765142560894
-26.802435670537765,0.805435670537765
-26.753435831270572,0.8574358312705712
-26.629585425156662,0.8235854251566614
-26.540748099119543,0.8357480991195452
-26.45681419459982,0.8548141945998182
-26.370077378339307,0.8660773783393054
-26.28192393635534,0.8879239363553424
-26.21613972372825,0.9131397237282499
-26.139130133799636,0.9361301337996366
-26.027046576824862,0.9270465768248606
-25.967461459595306,0.970461459595306
-25.909246728572388,1.013246728572387
-25.802545011739404,1.0045450117394061
-25.703445069810623,1.000445069810624
-25.5781515205057,0.9711515205056998
-25.485790977060063,0.9887909770600629
-25.42720077476662,1.0312007747666208
-25.330361392307974,1.0273613923079736
-25.258858840673568,1.0588588406735688
-25.13686230618296,1.0298623061829595
-25.04089364618401,1.048893646184009
-24.96254856026976,1.0665485602697586
-24.89263298987688,1.0996329898768806
-24.756752664585132,1.058752664585132
-24.660647368660328,1.0636473686603267
-24.542702151255558,1.0457021512555578
-24.43233285973258,1.0413328597325808
-24.353499122008735,1.0524991220087365
-24.240366531051215,1.047366531051214
-24.11811480855589,1.0131148085558905
-24.047326341237216,1.0403263412372148
-23.96247233623353,1.0714723362335334
-23.84212626898648,1.0361262689864787
-23.737555531326137,1.032555531326139
-23.65113195630882,1.0441319563088207
-23.518440547081124,1.0244405470811238
-23.368745590866617,0.9647455908666167
-23.315688878342275,1.0226888783422758
-23.197276703032852,1.0042767030328505
-23.09346122621185,0.9934612262118492
-22.9824661197424,0.9784661197424
-22.845969481524353,0.9399694815243542
-22.76680732950873,0.9608073295087287
-22.711873714707732,1.0118737147077326
-22.502611823869557,0.9076118238695585
-22.372286938357043,0.8702869383570437
-22.290235306358383,0.8912353063583822
-22.204832889815233,0.9088328898152334
-22.043411622228543,0.8484116222285429
-21.940772977354474,0.8407729773544723
-21.85901990294514,0.8570199029451402
-21.700336496934177,0.8043364969341766
-21.594046151648346,0.7930461516483476
-21.458618562811925,0.7586185628119253
-21.32494343844217,0.7199434384421686
-21.221250442161153,0.7192504421611545
-21.069449472893165,0.6754494728931668
-20.97619175401469,0.6731917540146881
-20.846749755584707,0.6537497555847054
-20.695403720707322,0.5954037207073206
-20.614086396709066,0.6150863967090672
-20.527591274128312,0.6235912741283123
-20.335565799871073,0.5295657998710723
-20.204903478832392,0.504903478832393
-20.12556001686265,0.5305600168626512
-19.9922909573973,0.4982909573973018
-19.85505405555392,0.45105405555392153
-19.79085338854287,0.49485338854287164
-19.634859584805326,0.44185958480532506
-19.535255397593776,0.43825539759377463
-19.48405203013063,0.4920520301306297
-19.297304585865533,0.39330458586553263
-19.17161478415966,0.36361478415966175
-19.06966693276393,0.3716669327639295
-18.959581587118745,0.367581587118746
-18.78807894122782,0.28907894122782096
-18.712053354006155,0.3130533540061542
-18.608659128387153,0.3106591283871545
-18.437975892850197,0.2299758928501987
-18.36026811189027,0.25826811189027055
-18.172337217229973,0.17533721722997342
-17.9967883176998,0.10078831769979857
-17.85805017583421,0.050050175834211785
-17.773649313129432,0.07864931312943213
-17.655697277114445,0.05369727711444483
-17.540077399226465,0.04107739922646658
-17.372329716348702,-0.03167028365129809
-17.20017819052274,-0.0978218094772565
-17.13073332767051,-0.06926667232949058
-17.010737984839643,-0.08126201516035536
-16.83143331733753,-0.17256668266247033
-16.79547453427572,-0.10052546572428156
-16.611488402576217,-0.19151159742378354
-16.542857573486145,-0.1521424265138549
-16.414562885328838,-0.18543711467116353
-16.34000684712837,-0.15399315287162807
-16.168024015130502,-0.23797598486949667
-16.028244683856414,-0.2677553161435853
-15.989702341629469,-0.20829765837053138
-15.864439912443851,-0.23056008755614776
-15.7000246440102,-0.30397535598980063
-15.638449900848963,-0.26755009915103756
-15.496985708822239,-0.30101429117776135
-15.3836906123958,-0.3113093876042008
-15.294956785022752,-0.30504321497724796
-15.162021200156243,-0.329978799843758
-14.969136496379038,-0.4368635036209625
-14.876742492337591,-0.416257507662408
-14.783210555117947,-0.4117894448820536
-14.585934512625837,-0.5210654873741625
-14.53552610775919,-0.4714738922408088
-14.379142281364036,-0.524857718635964
-14.21546214472389,-0.5875378552761106
-14.173487093652772,-0.5265129063472269
-13.987626577198723,-0.6193734228012762
-13.844380801525192,-0.6626191984748075
-13.765734685702808,-0.6402653142971921
-13.616994031845584,-0.6760059681544153
-13.445123543356257,-0.7548764566437427
-13.382770980517234,-0.719229019482766
-13.238021961792327,-0.7539780382076735
-13.155579276105039,-0.740420723894962
-13.02125044496687,-0.7797495550331295
-12.89761316407801,-0.7973868359219907
-12.776735985444502,-0.8282640145554989
-12.696693277696557,-0.7953067223034438
-12.639603235146234,-0.7513967648537658
-12.520256870192558,-0.7727431298074414
-12.392653628986901,-0.8053463710130995
-12.294025415684654,-0.8009745843153464
-12.207358748582939,-0.789641251417061
-12.06907677024497,-0.8349232297550291
-11.993261835031026,-0.8027381649689733
-11.916355334995606,-0.7786446650043946
-11.768388751483524,-0.8386112485164752
-11.667889007637651,-0.8291109923623488
-11.633343316522652,-0.7606566834773485
-11.451215633296178,-0.8417843667038216
-11.35438408125487,-0.8406159187451294
-11.27887622036615,-0.81312377963385
-11.149124917166809,-0.844875082833191
-11.020194172858906,-0.8808058271410939
-10.924904589331309,-0.8680954106686904
-10.738119160802237,-0.9668808391977635
-10.72065186391265,-0.8793481360873496
-10.575644566228465,-0.9263554337715352
-10.46750997526614,-0.9234900247338604
-10.392256241088015,-0.9087437589119851
-10.26532288574357,-0.9426771142564299
-10.179573657242592,-0.9124263427574082
-10.076161308022938,-0.917838691977062
-10.021309010199174,-0.8796909898008263
-9.905296470250095,-0.9027035297499051
-9.82442430561764,-0.8805756943823599
-9.743489304521725,-0.8535106954782741
-9.619892410523882,-0.887107589476118
-9.59702700337416,-0.7939729966258398
-9.488871211048771,-0.8141287889512299
-9.438917466442152,-0.7660825335578476
-9.312894049963427,-0.7791059500365733
-9.227410939859519,-0.7645890601404819
-9.159605465275423,-0.7343945347245775
-9.062524141898976,-0.7384758581010242
-8.945505637693044,-0.7544943623069553
-8.792798038323614,-0.8092019616763864
-8.780238545433283,-0.7167614545667167
-8.669243359456953,-0.7217566405430471
-8.522502670562321,-0.7784973294376787
-8.432283033809028,-0.7627169661909718
-8.331503469091635,-0.760496530908366
-8.181251718984758,-0.8207482810152431
-8.064516630877366,-0.8244833691226336
-7.978221922355024,-0.8147780776449753
-7.789680908908308,-0.9083190910916921
-7.7369762012201955,-0.8630237987798042
-7.644175037113575,-0.8548249628864255
-7.4446922933228965,-0.9593077066771034
-7.381317087175266,-0.9246829128247329
-7.240756923946526,-0.9542430760534746
-7.103266049880279,-1.0037339501197202
-7.135003390403029,-0.8619966095969707
-6.931797118621372,-0.9742028813786279
-6.8576612787561935,-0.9483387212438066
-6.762305827201694,-0.9426941727983058
-6.68387131042222,-0.9161286895777794
-6.599046500159932,-0.8929534998400683
-6.527981784607219,-0.8780182153927809
-6.467506985771057,-0.8384930142289431
-6.348635736850655,-0.8443642631493447
-6.30404452570294,-0.8009554742970604
-6.269003162887155,-0.7299968371128447
-6.199968628588502,-0.6960313714114976
-6.078850144912128,-0.7191498550878723
-5.981067389426802,-0.7169326105731981
-5.945985151034507,-0.6440148489654929
-5.869427873118418,-0.6245721268815814
-5.751365145857525,-0.647634854142475
-5.687529522157255,-0.6054704778427453
-5.598139391612819,-0.596860608387181
-5.522565695270964,-0.5724343047290361
-5.412903025452128,-0.5890969745478714
-5.352202478500218,-0.5537975214997815
-5.256340956665666,-0.5396590433343347
-5.155130356685171,-0.5428696433148295
-5.122098770021752,-0.46990122997824724
-5.007002877461891,-0.4949971225381091
-4.949444856508816,-0.4445551434911845
-4.841773170653211,-0.4542268293467897
-4.7479434311418895,-0.46005656885811064
-4.658365204678635,-0.44663479532136563
-4.611438364183211,-0.3805616358167887
-4.486640487467176,-0.41935951253282333
-4.426900968425259,-0.36909903157474133
-4.319145897987971,-0.3808541020120293
-4.224183279457611,-0.37781672054238946
-4.179366516153204,-0.327633483846796
-4.120675317283018,-0.2783246827169821
-4.000083496979621,-0.2959165030203792
-3.9563266162864856,-0.24867338371351444
-3.847463683716591,-0.24953631628340922
-3.7524714448045917,-0.24952855519540806
-3.745000023508316,-0.1609999764916843
-3.616916652807315,-0.18908334719268494
-3.538998311210881,-0.16600168878911914
-3.442934728472241,-0.16206527152775907
-3.3255254915365255,-0.17847450846347446
-3.2251970536265695,-0.17380294637343052
-3.176101628275574,-0.13189837172442598
-3.0362933652925648,-0.1687066347074353
-2.9242426159545123,-0.1807573840454877
-2.8676874541572888,-0.13931254584271135
-2.7940633490653473,-0.09993665093465287
-2.640430908091463,-0.16756909190853664
-2.52949131504106,-0.17550868495894
-2.419634599578163,-0.18536540042183702
-2.3151272200671555,-0.17687277993284445
-2.2394235789210013,-0.1565764210789986
-2.064597119689608,-0.24140288031039203
-1.9804025576651312,-0.2245974423348689
-1.9154014061476141,-0.17659859385238597
-1.867455458076463,-0.13954454192353705
-1.7279085194835868,-0.1780914805164131
-1.661879199462468,-0.13112080053753195
-1.5224010813523503,-0.17259891864764976
-1.4681140226899612,-0.13888597731003882
-1.3584997981753066,-0.14050020182469347
-1.2510469398805586,-0.13995306011944142
-1.2425372622692545,-0.06346273773074551
-1.1308679653957117,-0.07413203460428841
-1.0532539597177841,-0.038746040282215954
-0.9374006798636147,-0.06959932013638515
-0.8917093558187579,-0.014290644181242151
-0.8322150600314446,0.031215060031444586
-0.7143255402097073,0.014325540209707333
-0.6431912739223957,0.05119127392239575
-0.6803486469193503,0.18334864691935027
-0.5073456232118376,0.11134562321183761
-0.4436924609417421,0.1356924609417421
-0.3323382539591527,0.13933825395915267
-0.2697899975360335,0.1727899975360335
-0.2051386500348683,0.21313865003486832
-0.11613975542997108,0.2101397554299711
0.0035302403339545207,0.18846975966604548
0.02576273703855192,0.26923726296144807
0.13689128625171382,0.2681087137482862
0.2183489458327001,0.2776510541672999
0.30611844396408744,0.28788155603591253
0.3949071009550115,0.2990928990449884
0.5026689161554925,0.28933108384450756
0.5713097207665807,0.3236902792334193
0.66631025273615,0.33168974726385003
0.7380566313162382,0.36094336868376176
0.7633722559088876,0.4286277440911124
0.9004374668816442,0.39156253311835587
0.9678772289634352,0.4401227710365647
0.9836796935287011,0.5193203064712988
1.1111003784901936,0.4948996215098065
1.1784581214889789,0.5155418785110211
1.1763535984025626,0.6186464015974373
1.2531515500904518,0.6498484499095483
1.318349281152896,0.6776507188471039
1.397182746814486,0.6988172531855141
1.5074846633684524,0.6845153366315477
1.605116284837313,0.6918837151626871
1.632400181928304,0.7675998180716959
1.641843482790526,0.8641565172094738
1.7991456968079689,0.8048543031920312
1.8997325324230139,0.799267467576986
2.0044371800705614,0.7975628199294387
2.1174327330310336,0.7805672669689665
2.2010750078128583,0.8069249921871418
2.265863278419861,0.840136721580139
2.42561311073313,0.7783868892668702
2.549731936964465,0.7572680630355348
2.627898141850803,0.7801018581491967
2.7663970535783293,0.7396029464216705
2.882911046535856,0.7160889534641441
3.008665819924581,0.6953341800754194
3.070975945940096,0.7310240540599042
3.2587504440994324,0.6362495559005676
3.3944684058115957,0.6135315941884043
3.487618099053598,0.6213819009464019
3.574489596605978,0.6275104033940218
3.769706049284906,0.5322939507150934
3.82748210722267,0.5805178927773302
3.9450033144642185,0.5629966855357815
4.0572504852786695,0.5367495147213308
4.106642971248822,0.5903570287511783
4.231050491623176,0.5709495083768239
4.3440193105278535,0.5639806894721469
4.451737253482285,0.5512627465177147
4.512214308017748,0.5917856919822517
4.574703180519179,0.6172968194808215
4.66785148102606,0.6321485189739402
4.755800976517475,0.6521990234825257
4.778286993951706,0.7297130060482937
4.900846298983746,0.7051537010162541
4.920237235389154,0.7817627646108463
5.0843916197295655,0.717608380270434
5.142440009431354,0.7655599905686463
5.206556788025776,0.7894432119742243
5.298075250743103,0.8109247492568974
5.389502533420653,0.8024974665793474
5.470694086982304,0.8393059130176956
5.579173367578442,0.8288266324215581
5.650069739929056,0.8459302600709444
5.726978555210919,0.879021444789081
5.85029620979137,0.8537037902086295
5.865446130409397,0.9345538695906024
6.016798629586681,0.8882013704133191
6.121578645130006,0.8764213548699944
6.142720361127465,0.9662796388725354
6.263427755729844,0.9405722442701556
6.355851331614257,0.9361486683857425
6.460205041594649,0.9477949584053516
6.596465585925288,0.8995344140747124
6.581448143943254,1.0175518560567465
6.677511129302281,1.024488870697719
6.786442228760125,1.005557771239875
6.868291308817884,1.039708691182116
6.950054769676338,1.042945230323662
7.027749872861947,1.076250127138052
7.159055264557533,1.0329447354424675
7.250437456239526,1.0565625437604744
7.3139425023782865,1.094057497621713
7.369465351099539,1.1285346489004606
7.561492214642717,1.0325077853572822
7.595094934682391,1.1119050653176101
7.71554212807979,1.0914578719202108
7.819045473412907,1.0859545265870922
7.935185432738188,1.0658145672618113
8.073713961904241,1.030286038095758
8.204132531855397,0.999867468144604
8.276590412685366,1.0284095873146342
8.4456879389112,0.9593120610887986
8.515940392018567,0.9870596079814327
8.685415577382415,0.9185844226175846
8.862222975476547,0.8367770245234532
8.946573540568506,0.8584264594314934
9.099483408493166,0.8005165915068346
9.26938772199543,0.7386122780045685
9.415759646884101,0.6932403531158986
9.539717077818796,0.6642829221812043
9.667260868836422,0.6377391311635776
9.773506214151093,0.6314937858489067
9.94254412063726,0.5654558793627391
10.101600765869351,0.5043992341306485
10.211835500273962,0.49216449972603904
10.337026791337038,0.4679732086629613
10.45628001967558,0.4487199803244195
10.5573600082279,0.4486399917721009
10.66109085289712,0.4479091471028802
10.788142178370112,0.4188578216298886
10.916787690814425,0.38821230918557426
11.029230605642026,0.37576939435797385
11.116219675419124,0.38978032458087597
11.202140542255362,0.4068594577446376
11.305629628829799,0.398370371170202
11.353113888013759,0.4438861119862416
11.519450649108407,0.3835493508915935
11.607524782715451,0.39847521728454893
11.681581849581471,0.4274181504185286
11.817397448998097,0.38960255100190366
11.904065734199072,0.3929342658009283
12.025532831500554,0.3824671684994456
12.13388191796004,0.3671180820399602
12.22919163901991,0.3648083609800903
12.33255314386555,0.37644685613445006
12.466708269016593,0.32529173098340713
12.565959845453353,0.3270401545466477
12.600516418126642,0.40748358187335754
12.784727565430485,0.31427243456951537
12.85352249671139,0.3404775032886107
12.965566828439478,0.326433171560522
13.074661103996538,0.32333889600346133
13.161046947664428,0.3369530523355717
13.347705067322448,0.2532949326775533
13.42735939101253,0.2716406089874699
13.533663194971362,0.273336805028638
13.636175976576498,0.26682402342350287
13.75002542778866,0.24597457221134
13.790875302067802,0.30812469793219854
13.940660221283352,0.2663397787166488
14.022889178427809,0.2791108215721909
14.145529874105897,0.2574701258941037
14.298611496471533,0.20238850352846605
14.357426444736687,0.24357355526331403
14.519450292974827,0.1725497070251727
14.65128858857062,0.1557114114293796
14.767977511851077,0.13202248814892314
14.899125430937778,0.10187456906222181
15.070542015266936,0.03545798473306405
15.159466206808643,0.04753379319135753
15.2878058165493,0.017194183450699896
15.456950062279352,-0.048950062279352835
15.575927202287506,-0.07492720228750649
15.745733557677909,-0.13673355767790873
15.915770375274919,-0.20877037527491815
16.057275721956294,-0.2602757219562939
16.19075922201758,-0.28775922201757886
16.339840445819586,-0.34684044581958595
16.49431252339301,-0.3853125233930079
16.625713614961665,-0.42671361496166327
16.773411409865844,-0.46841140986584406
16.94472349104937,-0.5447234910493712
17.080662641919172,-0.5726626419191732
17.169143881469214,-0.5751438814692129
17.33820373569163,-0.6362037356916268
17.49271819498298,-0.6957181949829803
17.546844611849647,-0.651844611849647
17.74397357159834,-0.7459735715983378
17.86300788867231,-0.7620078886723114
17.99474946930788,-0.7957494693078786
18.087246270874314,-0.790246270874313
18.273342284649146,-0.8653422846491452
18.35403973350159,-0.8480397335015901
18.467606504062097,-0.8716065040620968
18.61703630001391,-0.925036300013911
18.679573187833327,-0.8825731878333265
18.789234573819623,-0.8912345738196237
18.889094358291086,-0.8880943582910845
19.019831736220713,-0.9208317362207126
19.1502594858085,-0.958259485808501
19.239157986555654,-0.9371579865556541
19.359584919357413,-0.9565849193574145
19.46001376207661,-0.9620137620766087
19.57920052455502,-0.9852005245550188
19.650915066807155,-0.9469150668071542
19.74142425860544,-0.9364242586054417
19.859284636751266,-0.966284636751265
19.972228730878523,-0.9792287308785248
20.0818519597999,-0.9878519597998974
20.199892520295087,-0.9958925202950866
20.222539904436374,-0.9305399044363725
20.41125427593221,-1.013254275932212
20.496877427885792,-0.988877427885793
20.55753541690435,-0.9615354169043506
20.703551380171437,-1.0015513801714349
20.79507168889384,-0.988071688893843
20.8648121280211,-0.9598121280210989
20.970872319819016,-0.9778723198190171
21.06367714148476,-0.9646771414847599
21.095366102278515,-0.9033661022785147
21.24441114340861,-0.9494111434086072
21.380931800712755,-0.9859318007127555
21.474945813727434,-0.9769458137274327
21.571206307460177,-0.9672063074601773
21.612002244286966,-0.9130022442869645
21.78738967667059,-0.9823896766705893
21.91268003842777,-1.0196800384277687
22.000267507336915,-0.9992675073369135
22.10625974393878,-0.9972597439387769
22.21529361204504,-1.018293612045042
22.317397660073837,-1.0223976600738354
22.43944969354084,-1.044449693540841
22.578391316645707,-1.0853913166457083
22.65516335709116,-1.0561633570911582
22.799528114526808,-1.1075281145268079
22.92628468593906,-1.1312846859390575
23.05926174430096,-1.1562617443009628
23.16848277244649,-1.1604827724464926
23.29549382983798,-1.201493829837979
23.400275344567703,-1.2032753445677038
23.524444175607478,-1.219444175607478
23.632542327037843,-1.2275423270378418
23.716793893893623,-1.210793893893623
23.820486533353428,-1.2214865333534277
23.95922258680662,-1.2652225868066225
24.05782321578452,-1.2508232157845214
24.153462349392488,-1.253462349392489
24.271861008750317,-1.2788610087503187
24.342862945716703,-1.2488629457167022
24.455410897576225,-1.2514108975762248
24.55723207483759,-1.2622320748375877
24.605083808328825,-1.2100838083288252
24.733981544467,-1.2359815444669984
24.78753709165162,-1.1785370916516165
24.872734948435966,-1.1787349484359666
24.97710713336914,-1.180107133369141
25.038118725947438,-1.1431187259474385
25.105582700475278,-1.1075827004752767
25.18749812357774,-1.0814981235777381
25.283968574311377,-1.0849685743113753
25.371902774868186,-1.0719027748681853
25.439208022929687,-1.031208022929686
25.450438968325653,-0.9524389683256516
25.582295152215803,-0.9762951522158012
25.60163759198173,-0.8996375919817297
25.674280506889087,-0.8722805068890871
25.781953406534026,-0.8769534065340245
25.802236799552116,-0.7992367995521157
25.86642638196614,-0.7674263819661391
25.916089924642943,-0.7090899246429423
25.990343019737622,-0.6903430197376217
26.039411398780597,-0.6364113987805986
26.143569949422737,-0.640569949422737
26.17646123704725,-0.582461237047248
26.2415446520794,-0.5555446520794014
26.31754820199512,-0.5305482019951206
26.344866527051074,-0.4448665270510759
26.445293377076,-0.4492933770759997
26.51275423895275,-0.4137542389527482
26.539458033729588,-0.3474580337295876
26.6164004410532,-0.319400441053201
26.689396265375027,-0.2993962653750266
26.769371702579786,-0.2763717025797874
26.8293291158017,-0.23332911580169835
26.919146578400156,-0.22014657840015417
27.035784632242557,-0.23578463224255586
27.092203706379266,-0.1922037063792672
27.15735945893475,-0.15935945893474823
27.306445911728773,-0.20244591172877335
27.339340171643197,-0.14534017164319835
27.455769913011405,-0.15876991301140464
27.600089346862845,-0.20008934686284618
27.589557066117482,-0.09955706611748383
27.720746229635022,-0.13274622963502125
27.882240649104514,-0.19024064910451344
27.92506827540702,-0.1280682754070206
28.016411783694377,-0.1164117836943781
28.128985992834156,-0.13298599283415768
28.221376154343293,-0.12237615434329285
28.315166711230358,-0.11316671123035604
28.404875846945508,-0.11587584694550657
28.48029906124438,-0.09029906124438014
28.605202868682447,-0.10920286868244844
28.684322822352325,-0.08832282235232469
28.781640917852823,-0.08464091785282335
28.861606535797886,-0.06460653579788556
28.948598484040136,-0.05059848404013678
29.03987043965388,-0.046870439653879714
29.10004858942598,-0.004048589425980964
29.200848961553582,-0.0038489615535830524
29.276143281706883,0.010856718293116074
29.32750933455313,0.07049066544686866
29.433677309599812,0.06432269040018923
29.468900165595585,0.1270998344044152
29.49831323309555,0.19868676690444786
29.636313389897634,0.15868661010236806
29.67497601207528,0.22502398792471823
29.74960067569079,0.25139932430921164
29.82659421052487,0.2724057894751297
29.82158286855952,0.3754171314404786
29.963537621407312,0.3384623785926877
30.0243480995651,0.3686519004349016
30.04060553246724,0.4603944675327618
30.12420051518904,0.47979948481095747
30.180531214567463,0.5164687854325365
30.236043910794564,0.5639560892054369
30.297966773316386,0.6020332266836128
30.31555828352941,0.6854417164705922
30.394457180636902,0.7095428193630973
30.450771943875456,0.7462280561245436
30.50625213164221,0.7957478683577897
30.570364681260788,0.8246353187392117
30.60622043995335,0.8967795600466495
30.645339041686736,0.9586609583132635
30.71856815646042,0.9834318435395808
30.726017568769937,1.0629824312300649
30.818919301434843,1.079080698565157
30.945870909883638,1.0441290901163605
30.95127458753539,1.1497254124646084
30.984822013477235,1.2171779865227634
31.035831537353516,1.2611684626464807
31.05106036017163,1.3469396398283742
31.19983097679154,1.301169023208459
31.26042986090512,1.3305701390948812
31.29248398479861,1.4065160152013867
31.320173721796422,1.4718262782035794
31.420296383403002,1.477703616597001
31.53236071065351,1.4686392893464877
31.575173548771357,1.5288264512286425
31.660046135210834,1.528953864789166
31.80261720626876,1.494382793731237
31.854289219578998,1.543710780421005
31.984864691775716,1.5161353082242819
32.037194529472224,1.5588054705277727
32.100241945402274,1.5967580545977285
32.24252355927682,1.5544764407231781
32.38025634760189,1.51774365239811
32.46641185772864,1.5365881422713628
32.63420900997937,1.469790990020627
32.671898831019256,1.5141011689807442
32.78188124797564,1.5181187520243569
32.9013621065705,1.4886378934294981
33.04555345466829,1.4554465453317107
33.1710179496978,1.424982050302198
33.31665504291105,1.3723449570889485
33.347233700572225,1.4417662994277762
33.494653834814756,1.4033461651852477
33.61497094722006,1.3860290527799393
33.63316929263346,1.467830707366538
33.791404841029944,1.4005951589700558
33.88108572810802,1.4159142718919782
34.000628482716046,1.389371517283955
34.08891379187684,1.3990862081231583
34.16558738110566,1.4304126188943371
34.23723876075479,1.4487612392452078
34.38295741700473,1.4190425829952673
34.4597948526488,1.4352051473512049
34.55778689287393,1.4382131071260744
34.635532586976154,1.4634674130238423
34.716482950483105,1.4775170495168979
34.82463086532194,1.4673691346780586
34.87546162984363,1.514538370156373
34.96625291925903,1.5347470807409707
35.077647626594725,1.5233523734052739
35.119273463215464,1.5727265367845362
35.262241132003425,1.5327588679965771
35.31310820416827,1.5868917958317255
35.40070510918716,1.6002948908128403
35.59075169469582,1.5082483053041784
35.60558260551659,1.5964173944834101
35.71577690114219,1.5732230988578095
35.80570392646392,1.589296073536083
35.859911623549785,1.6430883764502155
35.98561537589437,1.6103846241056274
36.086300712690374,1.6056992873096263
36.11234011665689,1.6846598833431088
36.25092039170459,1.6440796082954137
36.31290563143312,1.677094368566884
36.39541278870627,1.7035872112937298
36.50504762922508,1.6969523707749161
36.64871272356963,1.6482872764303664
36.75851378400783,1.644486215992167
36.80648901899924,1.6945109810007608
36.95451156612412,1.6464884338758807
37.06968114412365,1.632318855876349
37.13492743685706,1.6540725631429396
37.279396206554544,1.6206037934454542
37.304149546370915,1.6838504536290841
37.47680769923531,1.6191923007646878
37.69689484566016,1.4971051543398417
37.83445309201468,1.457546907985325
37.98175208763923,1.4212479123607693
38.12341211362597,1.3645878863740322
38.2785198543326,1.3254801456673988
38.479283936486695,1.219716063513303
38.651980114688925,1.1480198853110721
38.795721090335036,1.0972789096649649
39.01358447637927,0.9874155236207258
39.2009217708928,0.9000782291072014
39.349256263630984,0.8497437363690139
39.57221670884169,0.7297832911583129
39.85151604745041,0.5384839525495906
40.02853055259614,0.45946944740386186
40.26202211095332,0.32597788904668334
40.48660756417453,0.2153924358254713
40.65584148540518,0.14115851459481377
40.944034342010234,-0.057034342010233274
41.09490627208643,-0.10490627208643133
41.32761025898156,-0.23961025898155697
41.50661213388151,-0.3126121338815082
41.71473139352947,-0.41473139352947186
41.89306535878993,-0.4900653587899342
42.248105148497245,-0.7501051484972479
42.3613151705712,-0.7603151705712037
42.510324119522046,-0.8183241195220461
42.65821990802019,-0.8612199080201961
42.94152880661469,-1.0515288066146908
43.178732967238815,-1.1807329672388178
43.36128935511366,-1.2602893551136631
43.45777080295467,-1.2737708029546724
43.72188973147219,-1.4248897314721916
43.62187946562181,-1.2188794656218107
43.899805865196505,-1.4068058651965032
44.100551586834555,-1.5095515868345544
44.276846781549445,-1.579846781549442
44.49802877645255,-1.7030287764525482
44.573061914833936,-1.6730619148339372
44.6897474033647,-1.688747403364701
44.787456493942074,-1.6934564939420724
45.01382490036284,-1.819824900362839
45.15522888518236,-1.866228885182359
45.37780019051392,-1.9878001905139229
45.49874788065455,-1.9957478806545481
45.54173725335589,-1.9477372533558892
45.68646780192961,-1.9924678019296067
45.79881388624417,-2.0018138862441717
45.88086358298155,-1.9908635829815466
46.053597244056114,-2.0575972440561117
46.30856729353466,-2.2095672935346613
46.311183295359434,-2.1191832953594343
46.49766110501423,-2.2086611050142295
46.550455090312646,-2.160455090312645
46.8135138418581,-2.312513841858099
46.909889032109454,-2.315889032109453
46.95822099106948,-2.2692209910694814
47.152516060530864,-2.3575160605308625
47.24208768738851,-2.3390876873885134
47.22849514702978,-2.2384951470297807
47.446883151198094,-2.3588831511980928
47.512778487978785,-2.3237784879787853
47.836544640969244,-2.541544640969242
47.728154863615664,-2.330154863615661
47.94820251167575,-2.4552025116757505
48.167368045773614,-2.5713680457736174
48.3344140306701,-2.6374140306700937
48.72655447763945,-2.9295544776394564
48.57414127125543,-2.6741412712554293
48.65167341766516,-2.648673417665158
48.82190837755154,-2.7259083775515407
48.946684095964606,-2.7476840959646083
49.14815812607626,-2.8591581260762595
49.27744504481772,-2.8794450448177145
49.49928638096367,-3.0062863809636653
49.603448457774036,-3.004448457774039
49.65120088744047,-2.962200887440467
50.0363017497631,-3.241301749763096
49.97274371145266,-3.074743711452655
50.331818603064896,-3.338818603064894
50.2339749389812,-3.1429749389811974
50.54707308965934,-3.3480730896593442
50.54707308965934,-3.2550730896593407
50.62745385146905,-3.232453851469046
50.58105188156511,-3.085051881565107
50.770238438655994,-3.1742384386559976
50.8668770441428,-3.172877044142794
50.74846304492987,-2.9614630449298716
50.920014514537534,-3.0220145145375312
50.75157277422005,-2.755572774220049
50.98579425596986,-2.894794255969856
51.19353715758269,-2.9995371575826866
51.139881208739354,-2.847881208739352
51.1556518025258,-2.7686518025258025
50.98579425596986,-2.4877942559698596
51.03601573442703,-2.448015734427031
51.102067674072956,-2.4100676740729554
50.99206703742679,-2.2050670374267938
51.27262815838782,-2.379628158387817
51.02973314403199,-2.0267331440319865
51.14618839009196,-2.0551883900919563
51.020311887532024,-1.8263118875320217
51.00461680161419,-1.7176168016141915
51.05487192222713,-1.6648719222271282
50.888744970895864,-1.392744970895862
51.08947441327923,-1.4954744132792257
51.05487192222713,-1.3528719222271306
51.04229972737793,-1.2402997273779306
51.007755118159395,-1.1097551181593914
51.102067674072956,-1.114067674072956
51.158806977605515,-1.0648069776055138
50.97011842662243,-0.7781184266224273
51.07688677359341,-0.7818867735934063
50.84190603614494,-0.44390603614493784
51.19985631854874,-0.7018563185487423
51.12727106923831,-0.5392710692383105
50.929402184473105,-0.23040218447310679
51.1556518025258,-0.35565180252580575
50.92314338863439,-0.025143388634383257
51.14303462341541,-0.15003462341540796
50.90437538068401,0.19162461931598784
51.23780092432383,-0.05180092432382821
51.04229972737793,0.24670027262207128
51.007755118159395,0.3822448818406059
51.18721940718717,0.3137805928128259
51.017172169630165,0.5768278303698366
51.20301642809613,0.4909835719038753
51.11781715865323,0.6821828413467657
51.17143120033644,0.7265687996635606
51.17143120033644,0.8165687996635569
51.190378106083706,0.9086218939162904
51.28213391929993,0.9168660807000677
51.27262815838782,1.029371841612182
51.32018881298588,1.0798111870141156
51.54319463526926,0.9468053647307428
51.55599054135235,1.0350094586476501
51.84218266972393,0.8548173302760702
51.72285841315301,1.072141586846989
51.85834541459959,1.0286545854004103
51.855112143644334,1.1428878563556637
52.07579914253771,1.0252008574622877
52.13776182885466,1.0562381711453455
51.96200095435802,1.3269990456419833
52.39022428466847,1.0027757153315306
52.354025154695265,1.143974845304733
52.57188856834398,1.0161114316560216
52.68142403838487,1.0105759616151317
52.42976500078356,1.3622349992164402
52.73800917235989,1.1519908276401125
52.83144277318991,1.1565572268100865
52.915112935642085,1.1758870643579158
52.77801636332666,1.4139836366733434
53.04610586244878,1.2408941375512157
53.272481655110056,1.1145183448899445
53.17767072210062,1.3103292778993776
53.493725146460186,1.1102748535398135
53.30641463730027,1.3855853626997288
53.644404390079984,1.142595609920015
53.61009404270186,1.2799059572981406
53.53474606093104,1.4552539390689603
53.80272660342033,1.2932733965796643
53.67875308783879,1.51824691216121
53.88219332529189,1.4048066747081123
53.747565705893656,1.6394342941063442
53.71314017881792,1.782859821182079
54.181145383552185,1.417854616447812
54.097427785792206,1.5885722142077938
54.142746955842235,1.646253044157767
54.40901087319741,1.4809891268025908
54.58542130894929,1.407578691050709
54.359792256114716,1.7282077438852852
54.673996684922166,1.512003315077834
54.59957675290948,1.6874232470905213
54.89116147261196,1.4958385273880381
54.977009763717575,1.5109902362824243
54.82692610297021,1.764073897029789
55.286529341032555,1.4104706589674478
55.1602032263644,1.626796773635597
55.32271330177827,1.5642866982217285
55.482403645791884,1.518596354208114
55.70509443292725,1.3829055670727541
55.86666807790395,1.3193319220960475
55.86666807790395,1.4203319220960466
55.73807904330712,1.6489209566928835
56.08827882683884,1.3997211731611614
56.35617854027112,1.2348214597288845
56.0623476842372,1.6296523157627973
56.62247418939437,1.1645258106056318
56.558520987262476,1.3284790127375246
56.67523271419525,1.3147672858047486
56.55100505519852,1.5479949448014736
56.65261182403268,1.5333881759673176
56.49844047927645,1.7885595207235525
56.633772649329195,1.7662273506708033
57.08882668511312,1.407173314886883
56.959275489547,1.6287245104530044
57.14231429981287,1.5596857001871314
57.287916785884754,1.5010832141152477
57.391746900340785,1.495253099659216
57.00494333393962,1.9850566660603803
57.62748051153694,1.4605194884630635
57.60422241670854,1.5847775832914621
57.50748104030897,1.779518959691032
57.55001401553191,1.8369859844680931
57.899977950750234,1.5880220492497656
58.14311541402813,1.4448845859718702
57.915613570732795,1.7703864292672051
58.0291806020258,1.7658193979742052
58.06450026937946,1.8224997306205424
58.352295202458706,1.6377047975412964
