# Sensor: ADPD2140, Rotationstage: ELL18M
Datetime,Stage Angle,xL,xR,yL,yR,X,Y
27.08.2021 18:36:52,0.000,1214.508,1216.491,1289.489,1289.794,-0.018,-0.129
27.08.2021 18:36:53,-0.093,1214.691,1216.003,1288.269,1290.496,-0.136,-0.085
27.08.2021 18:36:54,-0.186,1215.118,1215.881,1288.146,1290.924,-0.170,-0.049
27.08.2021 18:36:55,-0.279,1214.508,1216.125,1287.170,1291.107,-0.242,-0.105
27.08.2021 18:36:56,-0.372,1214.477,1215.637,1286.377,1292.724,-0.390,-0.075
27.08.2021 18:36:57,-0.477,1214.385,1215.454,1286.316,1292.541,-0.382,-0.069
27.08.2021 18:36:58,-0.580,1214.904,1216.033,1286.193,1294.006,-0.479,-0.073
27.08.2021 18:36:59,-0.676,1214.996,1215.515,1285.156,1294.372,-0.566,-0.033
27.08.2021 18:37:00,-0.769,1215.057,1216.217,1285.095,1295.227,-0.622,-0.075
27.08.2021 18:37:01,-0.862,1214.843,1216.278,1285.095,1296.417,-0.695,-0.093
27.08.2021 18:37:02,-0.960,1215.271,1216.522,1284.423,1296.661,-0.751,-0.081
27.08.2021 18:37:03,-1.053,1215.332,1216.369,1283.752,1297.241,-0.828,-0.067
27.08.2021 18:37:04,-1.153,1215.392,1216.796,1283.752,1297.576,-0.848,-0.091
27.08.2021 18:37:05,-1.246,1215.087,1216.369,1283.050,1298.431,-0.944,-0.083
27.08.2021 18:37:06,-1.342,1215.149,1216.247,1282.714,1299.407,-1.024,-0.071
27.08.2021 18:37:07,-1.434,1215.240,1216.796,1282.531,1299.865,-1.063,-0.101
27.08.2021 18:37:08,-1.527,1215.026,1216.949,1281.555,1300.170,-1.142,-0.125
27.08.2021 18:37:09,-1.620,1215.209,1217.101,1281.555,1300.842,-1.183,-0.123
27.08.2021 18:37:10,-1.716,1214.904,1216.888,1280.487,1301.788,-1.307,-0.129
27.08.2021 18:37:11,-1.809,1214.996,1216.308,1280.059,1302.368,-1.369,-0.085
27.08.2021 18:37:12,-1.904,1214.263,1216.400,1279.327,1303.375,-1.475,-0.139
27.08.2021 18:37:13,-2.002,1214.263,1216.491,1279.022,1304.565,-1.566,-0.145
27.08.2021 18:37:14,-2.098,1215.423,1216.491,1277.984,1305.236,-1.671,-0.069
27.08.2021 18:37:15,-2.191,1215.118,1216.217,1277.588,1305.664,-1.722,-0.071
27.08.2021 18:37:16,-2.284,1215.270,1216.918,1276.794,1306.945,-1.849,-0.107
27.08.2021 18:37:18,-2.387,1215.301,1216.918,1275.940,1307.494,-1.935,-0.105
27.08.2021 18:37:19,-2.480,1215.209,1216.918,1275.421,1308.105,-2.004,-0.111
27.08.2021 18:37:20,-2.573,1216.033,1217.040,1274.261,1309.173,-2.141,-0.065
27.08.2021 18:37:21,-2.666,1215.667,1217.315,1273.834,1309.783,-2.205,-0.107
27.08.2021 18:37:22,-2.759,1216.247,1216.979,1273.193,1310.760,-2.304,-0.047
27.08.2021 18:37:23,-2.852,1216.003,1217.895,1272.674,1312.042,-2.413,-0.123
27.08.2021 18:37:24,-2.945,1215.911,1218.383,1272.552,1312.561,-2.452,-0.160
27.08.2021 18:37:25,-3.038,1215.881,1218.109,1272.003,1313.079,-2.518,-0.145
27.08.2021 18:37:26,-3.130,1216.247,1217.834,1270.904,1314.239,-2.656,-0.103
27.08.2021 18:37:27,-3.223,1216.461,1217.804,1270.141,1315.094,-2.755,-0.087
27.08.2021 18:37:28,-3.316,1216.430,1218.505,1269.012,1315.826,-2.870,-0.135
27.08.2021 18:37:29,-3.409,1216.003,1218.078,1268.951,1316.955,-2.941,-0.135
27.08.2021 18:37:30,-3.502,1216.217,1218.078,1268.005,1316.864,-2.995,-0.121
27.08.2021 18:37:31,-3.595,1216.705,1218.719,1267.883,1318.237,-3.085,-0.131
27.08.2021 18:37:32,-3.688,1217.284,1218.536,1266.784,1318.817,-3.189,-0.081
27.08.2021 18:37:33,-3.781,1217.254,1219.207,1266.906,1319.122,-3.199,-0.127
27.08.2021 18:37:34,-3.874,1217.102,1218.566,1266.021,1319.305,-3.266,-0.095
27.08.2021 18:37:35,-3.967,1217.437,1219.116,1264.892,1320.159,-3.388,-0.109
27.08.2021 18:37:36,-4.060,1217.712,1218.811,1265.075,1320.434,-3.393,-0.071
27.08.2021 18:37:37,-4.153,1217.681,1219.268,1263.854,1321.289,-3.520,-0.103
27.08.2021 18:37:38,-4.246,1218.048,1219.757,1263.671,1321.838,-3.565,-0.111
27.08.2021 18:37:39,-4.339,1218.078,1219.604,1264.099,1322.570,-3.582,-0.099
27.08.2021 18:37:40,-4.432,1217.926,1220.367,1262.786,1322.936,-3.686,-0.158
27.08.2021 18:37:41,-4.522,1217.681,1220.245,1262.939,1323.394,-3.704,-0.166
27.08.2021 18:37:42,-4.615,1218.200,1220.489,1262.084,1324.554,-3.827,-0.148
27.08.2021 18:37:43,-4.708,1218.780,1220.794,1261.383,1324.981,-3.896,-0.130
27.08.2021 18:37:44,-4.806,1218.994,1221.282,1261.016,1325.988,-3.980,-0.148
27.08.2021 18:37:45,-4.899,1219.085,1220.916,1261.291,1326.660,-4.003,-0.118
27.08.2021 18:37:46,-4.992,1219.085,1221.679,1259.948,1327.728,-4.151,-0.168
27.08.2021 18:37:47,-5.085,1219.635,1221.557,1259.918,1328.399,-4.193,-0.124
27.08.2021 18:37:48,-5.178,1219.696,1221.557,1259.094,1328.826,-4.270,-0.120
27.08.2021 18:37:49,-5.274,1219.665,1222.076,1258.483,1329.986,-4.377,-0.156
27.08.2021 18:37:50,-5.367,1219.573,1221.923,1258.209,1330.963,-4.453,-0.152
27.08.2021 18:37:51,-5.460,1220.367,1222.259,1257.781,1331.573,-4.516,-0.122
27.08.2021 18:37:52,-5.553,1219.573,1222.686,1257.110,1332.336,-4.603,-0.201
27.08.2021 18:37:53,-5.651,1220.855,1222.381,1256.378,1333.435,-4.715,-0.098
27.08.2021 18:37:54,-5.744,1220.825,1222.625,1256.195,1333.557,-4.734,-0.116
27.08.2021 18:37:55,-5.837,1220.764,1223.144,1255.737,1334.869,-4.840,-0.154
27.08.2021 18:37:56,-5.929,1221.405,1223.358,1255.859,1335.876,-4.892,-0.126
27.08.2021 18:37:57,-6.022,1220.794,1223.205,1254.577,1335.510,-4.951,-0.156
27.08.2021 18:37:58,-6.115,1221.649,1223.907,1254.608,1337.005,-5.038,-0.146
27.08.2021 18:37:59,-6.208,1221.862,1223.846,1253.875,1337.371,-5.106,-0.128
27.08.2021 18:38:00,-6.301,1222.015,1224.121,1253.906,1338.317,-5.160,-0.136
27.08.2021 18:38:01,-6.394,1222.137,1224.670,1253.265,1338.867,-5.233,-0.164
27.08.2021 18:38:02,-6.487,1222.747,1225.219,1252.410,1339.904,-5.348,-0.160
27.08.2021 18:38:03,-6.580,1223.052,1225.708,1252.227,1340.545,-5.398,-0.171
27.08.2021 18:38:04,-6.673,1223.083,1226.013,1251.556,1341.369,-5.489,-0.189
27.08.2021 18:38:05,-6.766,1223.571,1225.830,1251.892,1341.858,-5.496,-0.146
27.08.2021 18:38:06,-6.862,1223.602,1225.982,1251.190,1342.498,-5.579,-0.154
27.08.2021 18:38:07,-6.955,1224.151,1226.654,1251.129,1343.811,-5.660,-0.161
27.08.2021 18:38:08,-7.050,1224.700,1226.593,1250.915,1344.879,-5.736,-0.122
27.08.2021 18:38:09,-7.143,1224.914,1227.172,1250.366,1344.696,-5.760,-0.145
27.08.2021 18:38:10,-7.239,1225.189,1227.691,1250.122,1345.642,-5.831,-0.161
27.08.2021 18:38:11,-7.331,1225.646,1227.661,1249.328,1346.527,-5.934,-0.130
27.08.2021 18:38:12,-7.424,1226.043,1228.332,1249.633,1347.167,-5.952,-0.147
27.08.2021 18:38:13,-7.517,1225.494,1228.729,1249.084,1348.175,-6.046,-0.208
27.08.2021 18:38:14,-7.610,1226.104,1229.003,1248.473,1349.151,-6.142,-0.187
27.08.2021 18:38:15,-7.706,1226.348,1228.607,1247.772,1349.975,-6.235,-0.145
27.08.2021 18:38:16,-7.799,1226.959,1229.065,1247.161,1350.738,-6.318,-0.135
27.08.2021 18:38:17,-7.892,1227.569,1229.217,1246.765,1352.325,-6.436,-0.106
27.08.2021 18:38:18,-7.985,1228.027,1229.797,1246.612,1352.600,-6.462,-0.114
27.08.2021 18:38:19,-8.078,1228.027,1230.102,1245.818,1353.820,-6.583,-0.133
27.08.2021 18:38:20,-8.168,1228.424,1230.743,1245.056,1354.797,-6.689,-0.149
27.08.2021 18:38:21,-8.261,1228.790,1230.712,1244.781,1355.804,-6.765,-0.123
27.08.2021 18:38:22,-8.354,1229.705,1231.292,1244.628,1356.689,-6.827,-0.102
27.08.2021 18:38:23,-8.447,1229.492,1231.811,1243.713,1357.910,-6.956,-0.149
27.08.2021 18:38:24,-8.540,1229.858,1231.933,1242.950,1358.734,-7.052,-0.133
27.08.2021 18:38:25,-8.633,1230.316,1232.147,1242.889,1359.710,-7.113,-0.117
27.08.2021 18:38:26,-8.726,1230.590,1232.391,1242.309,1360.778,-7.212,-0.115
27.08.2021 18:38:27,-8.819,1230.499,1232.269,1241.424,1361.572,-7.314,-0.113
27.08.2021 18:38:28,-8.912,1231.231,1233.276,1240.569,1362.945,-7.449,-0.131
27.08.2021 18:38:29,-9.005,1231.445,1233.337,1240.203,1364.135,-7.541,-0.121
27.08.2021 18:38:30,-9.098,1232.360,1233.886,1239.501,1365.600,-7.671,-0.098
27.08.2021 18:38:31,-9.191,1232.421,1234.619,1239.013,1366.729,-7.767,-0.141
27.08.2021 18:38:32,-9.284,1233.459,1235.107,1238.708,1366.668,-7.783,-0.105
27.08.2021 18:38:33,-9.377,1233.581,1235.809,1237.609,1368.255,-7.945,-0.142
27.08.2021 18:38:34,-9.470,1233.764,1235.931,1236.877,1369.628,-8.071,-0.139
27.08.2021 18:38:35,-9.563,1234.283,1236.724,1237.152,1369.995,-8.075,-0.156
27.08.2021 18:38:36,-9.656,1235.076,1237.213,1236.419,1371.551,-8.211,-0.136
27.08.2021 18:38:37,-9.751,1235.382,1237.579,1235.901,1372.863,-8.320,-0.140
27.08.2021 18:38:38,-9.847,1235.351,1237.457,1235.107,1372.772,-8.365,-0.134
27.08.2021 18:38:39,-9.940,1235.992,1238.128,1234.283,1374.084,-8.493,-0.136
27.08.2021 18:38:40,-10.032,1236.816,1238.800,1234.466,1375.000,-8.534,-0.126
27.08.2021 18:38:41,-10.125,1236.480,1239.074,1233.551,1375.976,-8.649,-0.166
27.08.2021 18:38:42,-10.221,1237.487,1239.288,1233.673,1376.556,-8.675,-0.115
27.08.2021 18:38:43,-10.314,1237.823,1239.746,1233.032,1377.654,-8.779,-0.122
27.08.2021 18:38:44,-10.407,1238.250,1240.569,1232.818,1377.929,-8.808,-0.148
27.08.2021 18:38:45,-10.500,1238.342,1240.509,1231.719,1378.936,-8.936,-0.138
27.08.2021 18:38:46,-10.593,1239.471,1241.119,1231.628,1380.065,-9.007,-0.105
27.08.2021 18:38:47,-10.686,1239.776,1241.363,1231.384,1380.798,-9.064,-0.101
27.08.2021 18:38:48,-10.779,1239.624,1242.004,1230.621,1382.141,-9.190,-0.152
27.08.2021 18:38:49,-10.872,1240.539,1242.370,1229.858,1382.812,-9.277,-0.116
27.08.2021 18:38:50,-10.965,1241.119,1242.919,1229.431,1383.636,-9.352,-0.114
27.08.2021 18:38:51,-11.058,1241.088,1243.255,1229.186,1384.674,-9.427,-0.138
27.08.2021 18:38:52,-11.151,1241.515,1244.354,1228.698,1385.345,-9.496,-0.180
27.08.2021 18:38:53,-11.244,1242.462,1244.567,1227.874,1386.016,-9.588,-0.134
27.08.2021 18:38:54,-11.337,1243.042,1245.269,1227.722,1387.878,-9.703,-0.141
27.08.2021 18:38:55,-11.432,1242.614,1245.361,1226.928,1387.908,-9.756,-0.174
27.08.2021 18:38:56,-11.527,1243.469,1246.002,1226.226,1389.343,-9.883,-0.161
27.08.2021 18:38:57,-11.620,1243.927,1246.276,1225.860,1390.502,-9.972,-0.149
27.08.2021 18:38:58,-11.713,1243.865,1246.612,1225.280,1392.242,-10.108,-0.174
27.08.2021 18:38:59,-11.809,1244.933,1247.192,1224.548,1392.700,-10.181,-0.143
27.08.2021 18:39:00,-11.907,1245.147,1247.528,1224.029,1393.524,-10.261,-0.151
27.08.2021 18:39:01,-12.002,1245.941,1247.985,1223.510,1395.172,-10.388,-0.129
27.08.2021 18:39:03,-12.103,1246.307,1248.413,1222.076,1395.568,-10.503,-0.133
27.08.2021 18:39:04,-12.196,1246.673,1248.901,1221.832,1396.972,-10.598,-0.141
27.08.2021 18:39:05,-12.289,1247.314,1249.023,1220.458,1397.460,-10.715,-0.108
27.08.2021 18:39:06,-12.384,1247.284,1249.145,1220.184,1398.803,-10.808,-0.118
27.08.2021 18:39:07,-12.477,1247.741,1250.152,1219.635,1399.566,-10.887,-0.152
27.08.2021 18:39:08,-12.573,1248.474,1250.701,1218.749,1400.695,-11.007,-0.141
27.08.2021 18:39:09,-12.666,1248.687,1250.671,1218.597,1401.306,-11.052,-0.125
27.08.2021 18:39:10,-12.759,1249.023,1251.251,1217.681,1402.252,-11.164,-0.141
27.08.2021 18:39:11,-12.854,1249.206,1251.464,1217.224,1403.747,-11.278,-0.143
27.08.2021 18:39:12,-12.947,1249.694,1251.800,1216.339,1404.235,-11.362,-0.133
27.08.2021 18:39:13,-13.040,1249.969,1252.136,1215.850,1405.029,-11.439,-0.137
27.08.2021 18:39:14,-13.133,1250.549,1253.234,1214.874,1406.707,-11.596,-0.169
27.08.2021 18:39:15,-13.223,1251.068,1252.990,1215.057,1407.135,-11.608,-0.121
27.08.2021 18:39:16,-13.316,1251.648,1253.509,1213.379,1408.080,-11.770,-0.117
27.08.2021 18:39:17,-13.409,1251.648,1253.692,1212.890,1409.362,-11.874,-0.129
27.08.2021 18:39:18,-13.502,1252.014,1253.906,1211.731,1409.637,-11.964,-0.119
27.08.2021 18:39:19,-13.595,1253.265,1254.760,1211.547,1410.186,-12.007,-0.094
27.08.2021 18:39:20,-13.688,1253.601,1255.493,1210.204,1411.132,-12.147,-0.119
27.08.2021 18:39:21,-13.781,1254.150,1255.310,1210.052,1411.712,-12.189,-0.073
27.08.2021 18:39:22,-13.872,1253.967,1256.012,1209.777,1413.177,-12.289,-0.129
27.08.2021 18:39:23,-13.965,1254.760,1256.713,1208.404,1413.848,-12.416,-0.123
27.08.2021 18:39:24,-14.058,1255.218,1256.774,1207.306,1415.679,-12.589,-0.098
27.08.2021 18:39:25,-14.153,1255.065,1256.927,1206.970,1416.259,-12.643,-0.117
27.08.2021 18:39:26,-14.246,1255.584,1256.988,1205.352,1416.961,-12.788,-0.088
27.08.2021 18:39:27,-14.339,1255.523,1257.812,1204.498,1418.029,-12.903,-0.144
27.08.2021 18:39:28,-14.434,1256.439,1258.026,1203.735,1419.098,-13.012,-0.100
27.08.2021 18:39:29,-14.527,1256.286,1258.392,1202.301,1420.257,-13.170,-0.132
27.08.2021 18:39:30,-14.620,1256.927,1259.460,1201.904,1420.989,-13.237,-0.159
27.08.2021 18:39:31,-14.713,1257.781,1258.972,1200.805,1421.600,-13.343,-0.074
27.08.2021 18:39:32,-14.806,1258.300,1259.704,1198.974,1423.065,-13.544,-0.088
27.08.2021 18:39:33,-14.902,1258.300,1260.436,1198.181,1423.919,-13.643,-0.134
27.08.2021 18:39:34,-14.995,1258.880,1260.345,1197.692,1424.743,-13.721,-0.092
27.08.2021 18:39:35,-15.090,1259.002,1261.047,1196.807,1426.483,-13.875,-0.128
27.08.2021 18:39:36,-15.183,1259.124,1261.230,1195.648,1427.520,-14.008,-0.132
27.08.2021 18:39:37,-15.276,1259.918,1261.474,1194.396,1427.947,-14.114,-0.097
27.08.2021 18:39:38,-15.372,1260.253,1261.535,1192.840,1429.168,-14.284,-0.080
27.08.2021 18:39:39,-15.465,1260.406,1262.207,1191.467,1430.236,-14.433,-0.113
27.08.2021 18:39:40,-15.558,1260.406,1262.847,1190.979,1430.847,-14.499,-0.153
27.08.2021 18:39:41,-15.651,1261.047,1263.031,1189.849,1431.823,-14.627,-0.124
27.08.2021 18:39:42,-15.749,1261.504,1264.038,1188.934,1432.891,-14.746,-0.158
27.08.2021 18:39:43,-15.842,1262.084,1264.160,1188.201,1433.746,-14.841,-0.130
27.08.2021 18:39:44,-15.934,1262.481,1264.129,1187.133,1434.295,-14.942,-0.103
27.08.2021 18:39:45,-16.027,1262.908,1264.801,1185.760,1435.455,-15.096,-0.118
27.08.2021 18:39:46,-16.120,1263.305,1265.319,1184.906,1436.218,-15.194,-0.126
27.08.2021 18:39:47,-16.213,1263.916,1265.594,1184.417,1436.920,-15.265,-0.105
27.08.2021 18:39:48,-16.306,1263.488,1265.838,1183.349,1438.171,-15.404,-0.147
27.08.2021 18:39:49,-16.399,1264.648,1266.082,1182.067,1438.293,-15.496,-0.089
27.08.2021 18:39:50,-16.492,1264.038,1266.540,1180.664,1439.117,-15.634,-0.156
27.08.2021 18:39:51,-16.585,1264.556,1267.181,1179.931,1439.697,-15.714,-0.164
27.08.2021 18:39:52,-16.678,1265.411,1266.876,1178.161,1440.460,-15.874,-0.091
27.08.2021 18:39:53,-16.771,1265.411,1266.998,1177.581,1441.345,-15.961,-0.099
27.08.2021 18:39:54,-16.864,1265.167,1267.822,1176.300,1442.016,-16.082,-0.166
27.08.2021 18:39:55,-16.957,1266.510,1268.157,1175.476,1443.389,-16.212,-0.103
27.08.2021 18:39:56,-17.050,1266.845,1268.005,1173.858,1443.206,-16.310,-0.072
27.08.2021 18:39:57,-17.143,1266.601,1268.371,1171.966,1443.542,-16.455,-0.110
27.08.2021 18:39:58,-17.236,1266.906,1268.646,1171.173,1444.488,-16.559,-0.108
27.08.2021 18:39:59,-17.329,1267.150,1268.799,1170.043,1444.763,-16.650,-0.103
27.08.2021 18:40:00,-17.422,1267.730,1269.683,1168.212,1446.258,-16.853,-0.121
27.08.2021 18:40:01,-17.517,1268.188,1270.355,1167.022,1447.143,-16.981,-0.135
27.08.2021 18:40:02,-17.610,1268.463,1270.080,1165.557,1447.875,-17.119,-0.100
27.08.2021 18:40:03,-17.703,1268.127,1270.233,1164.337,1448.638,-17.243,-0.131
27.08.2021 18:40:04,-17.796,1268.218,1270.446,1162.658,1449.859,-17.421,-0.139
27.08.2021 18:40:05,-17.889,1268.554,1270.233,1161.407,1450.256,-17.527,-0.104
27.08.2021 18:40:06,-17.982,1269.287,1270.660,1160.339,1451.110,-17.645,-0.085
27.08.2021 18:40:07,-18.075,1269.500,1271.270,1158.782,1451.751,-17.785,-0.110
27.08.2021 18:40:08,-18.168,1270.172,1271.026,1157.135,1452.850,-17.955,-0.053
27.08.2021 18:40:09,-18.261,1270.477,1271.759,1155.792,1453.582,-18.086,-0.079
27.08.2021 18:40:10,-18.354,1270.507,1271.789,1154.052,1453.918,-18.221,-0.079
27.08.2021 18:40:11,-18.447,1270.782,1272.186,1152.954,1454.376,-18.321,-0.087
27.08.2021 18:40:12,-18.540,1270.843,1272.643,1152.099,1455.505,-18.439,-0.112
27.08.2021 18:40:13,-18.636,1271.331,1272.583,1150.238,1455.932,-18.588,-0.077
27.08.2021 18:40:14,-18.728,1270.996,1272.613,1148.956,1456.420,-18.702,-0.100
27.08.2021 18:40:15,-18.821,1271.850,1273.071,1147.186,1457.122,-18.860,-0.076
27.08.2021 18:40:16,-18.914,1271.606,1272.827,1146.301,1457.916,-18.963,-0.076
27.08.2021 18:40:17,-19.007,1271.667,1273.529,1144.256,1458.495,-19.133,-0.115
27.08.2021 18:40:18,-19.100,1272.460,1273.620,1142.425,1458.953,-19.283,-0.072
27.08.2021 18:40:19,-19.193,1271.911,1273.651,1141.723,1459.167,-19.342,-0.108
27.08.2021 18:40:20,-19.286,1272.522,1274.139,1139.709,1459.503,-19.498,-0.100
27.08.2021 18:40:21,-19.379,1271.911,1274.169,1138.092,1460.662,-19.671,-0.140
27.08.2021 18:40:22,-19.475,1272.613,1274.078,1137.054,1460.540,-19.735,-0.091
27.08.2021 18:40:23,-19.568,1272.735,1274.108,1135.284,1460.968,-19.880,-0.085
27.08.2021 18:40:24,-19.661,1272.918,1274.505,1133.209,1461.334,-20.042,-0.098
27.08.2021 18:40:25,-19.754,1273.254,1274.414,1131.866,1462.219,-20.182,-0.072
27.08.2021 18:40:26,-19.847,1273.071,1274.932,1130.310,1461.548,-20.253,-0.115
27.08.2021 18:40:27,-19.940,1273.529,1274.810,1128.357,1462.188,-20.422,-0.079
27.08.2021 18:40:28,-20.030,1273.895,1274.841,1126.983,1463.287,-20.575,-0.058
27.08.2021 18:40:29,-20.123,1274.047,1275.024,1125.793,1463.348,-20.661,-0.060
27.08.2021 18:40:30,-20.218,1273.864,1275.726,1123.443,1463.561,-20.835,-0.115
27.08.2021 18:40:31,-20.319,1274.139,1275.299,1122.009,1463.744,-20.944,-0.072
27.08.2021 18:40:32,-20.414,1274.841,1275.482,1119.873,1464.599,-21.138,-0.039
27.08.2021 18:40:33,-20.507,1274.292,1275.634,1117.950,1465.057,-21.296,-0.083
27.08.2021 18:40:34,-20.600,1274.841,1276.000,1116.546,1465.637,-21.425,-0.072
27.08.2021 18:40:35,-20.693,1274.536,1275.604,1114.563,1465.606,-21.561,-0.066
27.08.2021 18:40:36,-20.786,1273.925,1275.634,1112.396,1465.789,-21.722,-0.106
27.08.2021 18:40:37,-20.879,1275.085,1275.909,1111.236,1467.071,-21.871,-0.051
27.08.2021 18:40:38,-20.972,1275.085,1275.695,1110.076,1467.285,-21.964,-0.037
27.08.2021 18:40:39,-21.065,1274.292,1275.878,1107.421,1467.041,-22.137,-0.098
27.08.2021 18:40:40,-21.158,1274.688,1275.848,1105.865,1468.322,-22.314,-0.072
27.08.2021 18:40:41,-21.251,1274.841,1275.634,1104.187,1467.621,-22.395,-0.049
27.08.2021 18:40:42,-21.347,1274.902,1275.878,1102.386,1468.475,-22.567,-0.060
27.08.2021 18:40:43,-21.440,1274.688,1276.336,1100.341,1468.933,-22.735,-0.102
27.08.2021 18:40:44,-21.535,1275.085,1275.695,1098.907,1469.543,-22.868,-0.037
27.08.2021 18:40:45,-21.630,1274.383,1275.329,1097.137,1469.085,-22.969,-0.058
27.08.2021 18:40:47,-21.723,1274.505,1275.878,1095.062,1469.909,-23.160,-0.085
27.08.2021 18:40:48,-21.816,1274.993,1275.909,1094.238,1469.970,-23.221,-0.056
27.08.2021 18:40:49,-21.909,1274.536,1275.726,1092.468,1470.611,-23.381,-0.073
27.08.2021 18:40:50,-22.002,1274.474,1275.665,1090.728,1471.252,-23.538,-0.073
27.08.2021 18:40:51,-22.095,1274.719,1275.268,1088.775,1471.435,-23.686,-0.034
27.08.2021 18:40:52,-22.188,1274.993,1275.512,1086.914,1471.984,-23.848,-0.032
27.08.2021 18:40:53,-22.281,1274.871,1275.879,1084.808,1472.168,-24.008,-0.062
27.08.2021 18:40:54,-22.377,1274.719,1275.939,1083.190,1472.228,-24.126,-0.075
27.08.2021 18:40:55,-22.470,1275.177,1275.451,1081.817,1472.473,-24.237,-0.017
27.08.2021 18:40:56,-22.563,1274.932,1275.665,1080.474,1471.893,-24.303,-0.045
27.08.2021 18:40:57,-22.656,1275.085,1275.817,1078.185,1473.205,-24.536,-0.045
27.08.2021 18:40:58,-22.749,1274.597,1275.360,1076.690,1472.717,-24.618,-0.047
27.08.2021 18:40:59,-22.842,1274.688,1275.238,1075.531,1472.686,-24.699,-0.034
27.08.2021 18:41:00,-22.934,1274.322,1275.940,1073.669,1473.144,-24.857,-0.100
27.08.2021 18:41:01,-23.027,1274.261,1274.994,1071.868,1473.510,-25.006,-0.045
27.08.2021 18:41:02,-23.120,1274.078,1275.238,1070.343,1473.480,-25.115,-0.072
27.08.2021 18:41:03,-23.213,1274.474,1275.390,1068.695,1473.724,-25.246,-0.056
27.08.2021 18:41:04,-23.309,1274.505,1274.688,1066.253,1473.541,-25.414,-0.011
27.08.2021 18:41:05,-23.402,1273.956,1274.414,1065.002,1473.693,-25.512,-0.028
27.08.2021 18:41:06,-23.495,1274.108,1274.902,1062.957,1474.456,-25.700,-0.049
27.08.2021 18:41:07,-23.588,1274.200,1274.383,1061.309,1473.663,-25.779,-0.011
27.08.2021 18:41:08,-23.681,1274.231,1274.749,1060.058,1473.541,-25.863,-0.032
27.08.2021 18:41:09,-23.776,1273.864,1274.566,1057.983,1473.815,-26.029,-0.043
27.08.2021 18:41:10,-23.869,1273.681,1274.383,1056.152,1473.998,-26.172,-0.043
27.08.2021 18:41:11,-23.970,1274.017,1274.627,1055.084,1473.815,-26.240,-0.037
27.08.2021 18:41:12,-24.063,1273.925,1274.383,1052.795,1473.541,-26.393,-0.028
27.08.2021 18:41:13,-24.156,1273.345,1274.383,1051.147,1474.090,-26.543,-0.064
27.08.2021 18:41:14,-24.249,1273.468,1273.956,1049.743,1473.724,-26.626,-0.030
27.08.2021 18:41:15,-24.342,1272.460,1273.346,1048.065,1473.052,-26.714,-0.055
27.08.2021 18:41:16,-24.434,1273.437,1274.169,1046.020,1473.937,-26.911,-0.045
27.08.2021 18:41:17,-24.527,1272.949,1273.406,1045.043,1473.693,-26.970,-0.028
27.08.2021 18:41:18,-24.620,1272.674,1272.979,1042.999,1473.785,-27.126,-0.018
27.08.2021 18:41:19,-24.713,1272.125,1273.712,1041.473,1473.755,-27.237,-0.098
27.08.2021 18:41:20,-24.811,1272.460,1273.101,1039.550,1473.541,-27.367,-0.039
27.08.2021 18:41:21,-24.904,1272.491,1273.101,1038.238,1474.090,-27.493,-0.037
27.08.2021 18:41:22,-25.005,1271.911,1272.491,1035.766,1473.419,-27.641,-0.036
27.08.2021 18:41:23,-25.098,1272.308,1272.705,1034.271,1473.174,-27.740,-0.024
27.08.2021 18:41:24,-25.191,1272.338,1272.064,1033.080,1472.686,-27.803,0.017
27.08.2021 18:41:25,-25.281,1272.369,1273.132,1031.677,1473.541,-27.952,-0.047
27.08.2021 18:41:26,-25.374,1272.003,1272.399,1029.663,1473.175,-28.082,-0.024
27.08.2021 18:41:27,-25.467,1271.789,1272.247,1028.747,1472.869,-28.135,-0.028
27.08.2021 18:41:28,-25.563,1271.087,1272.155,1027.130,1472.991,-28.262,-0.066
27.08.2021 18:41:29,-25.656,1271.636,1271.911,1025.360,1473.144,-28.402,-0.017
27.08.2021 18:41:30,-25.749,1271.636,1271.392,1024.231,1472.808,-28.469,0.015
27.08.2021 18:41:31,-25.842,1271.392,1271.881,1022.521,1472.656,-28.589,-0.030
27.08.2021 18:41:32,-25.937,1270.599,1271.148,1020.873,1472.900,-28.726,-0.034
27.08.2021 18:41:33,-26.030,1270.477,1271.423,1019.714,1472.442,-28.789,-0.058
27.08.2021 18:41:34,-26.123,1271.148,1271.514,1017.852,1471.710,-28.891,-0.022
27.08.2021 18:41:35,-26.221,1270.904,1270.629,1015.991,1472.137,-29.053,0.017
27.08.2021 18:41:36,-26.314,1270.111,1270.660,1014.526,1471.130,-29.111,-0.034
27.08.2021 18:41:37,-26.407,1269.958,1270.355,1012.603,1471.435,-29.272,-0.024
27.08.2021 18:41:38,-26.500,1270.477,1270.751,1011.779,1471.527,-29.339,-0.017
27.08.2021 18:41:39,-26.593,1270.324,1270.507,1009.948,1470.977,-29.449,-0.011
27.08.2021 18:41:40,-26.686,1269.683,1270.355,1008.636,1471.221,-29.562,-0.041
27.08.2021 18:41:41,-26.779,1269.073,1269.989,1006.958,1471.740,-29.716,-0.057
27.08.2021 18:41:42,-26.872,1269.744,1269.744,1005.676,1471.679,-29.810,0.000
27.08.2021 18:41:43,-26.962,1269.592,1269.195,1003.845,1471.191,-29.924,0.024
27.08.2021 18:41:44,-27.055,1268.829,1269.500,1002.288,1471.160,-30.041,-0.041
27.08.2021 18:41:45,-27.148,1269.317,1268.615,1000.610,1471.344,-30.179,0.043
27.08.2021 18:41:46,-27.244,1269.286,1269.042,999.511,1470.703,-30.229,0.015
27.08.2021 18:41:47,-27.337,1268.920,1269.317,997.955,1470.825,-30.354,-0.024
27.08.2021 18:41:48,-27.429,1268.798,1268.218,996.582,1470.458,-30.441,0.036
27.08.2021 18:41:49,-27.522,1268.493,1268.676,995.880,1471.191,-30.532,-0.011
27.08.2021 18:41:50,-27.615,1268.920,1268.341,994.201,1470.977,-30.650,0.036
27.08.2021 18:41:51,-27.708,1268.554,1267.913,993.194,1470.611,-30.708,0.040
27.08.2021 18:41:52,-27.801,1268.096,1267.700,992.065,1470.855,-30.808,0.024
27.08.2021 18:41:53,-27.894,1267.761,1267.822,989.959,1471.038,-30.979,-0.003
27.08.2021 18:41:54,-27.987,1267.578,1267.394,988.586,1470.642,-31.064,0.011
27.08.2021 18:41:55,-28.080,1267.944,1267.364,987.335,1470.825,-31.170,0.036
27.08.2021 18:41:56,-28.173,1268.157,1267.211,986.389,1470.916,-31.248,0.059
27.08.2021 18:41:57,-28.266,1267.333,1266.937,985.107,1470.824,-31.342,0.024
27.08.2021 18:41:58,-28.359,1267.151,1266.601,983.673,1471.191,-31.472,0.034
27.08.2021 18:41:59,-28.452,1267.578,1266.693,982.879,1470.703,-31.508,0.055
27.08.2021 18:42:00,-28.545,1267.059,1266.662,981.567,1470.733,-31.612,0.024
27.08.2021 18:42:01,-28.638,1266.906,1266.326,979.766,1470.764,-31.753,0.036
27.08.2021 18:42:02,-28.733,1267.089,1266.082,978.820,1471.038,-31.841,0.063
27.08.2021 18:42:03,-28.826,1266.479,1265.838,978.027,1470.581,-31.879,0.040
27.08.2021 18:42:04,-28.919,1266.021,1265.930,976.470,1471.008,-32.022,0.005
27.08.2021 18:42:05,-29.012,1266.021,1265.686,975.250,1470.641,-32.098,0.021
27.08.2021 18:42:06,-29.105,1265.136,1265.319,973.693,1470.702,-32.222,-0.011
27.08.2021 18:42:07,-29.198,1265.563,1264.434,972.778,1470.520,-32.284,0.070
27.08.2021 18:42:08,-29.294,1265.533,1264.434,971.527,1470.337,-32.373,0.068
27.08.2021 18:42:09,-29.387,1265.442,1264.190,969.909,1470.306,-32.498,0.078
27.08.2021 18:42:10,-29.480,1265.411,1264.099,968.200,1470.611,-32.647,0.082
27.08.2021 18:42:11,-29.573,1265.106,1263.793,967.041,1469.909,-32.702,0.082
27.08.2021 18:42:12,-29.666,1264.465,1264.099,966.094,1469.726,-32.767,0.022
27.08.2021 18:42:13,-29.759,1265.075,1263.580,965.423,1470.001,-32.834,0.093
27.08.2021 18:42:14,-29.854,1264.373,1263.153,963.775,1469.909,-32.958,0.076
27.08.2021 18:42:15,-29.947,1264.343,1263.855,962.646,1470.458,-33.075,0.030
27.08.2021 18:42:16,-30.040,1264.007,1263.031,961.578,1470.153,-33.144,0.061
27.08.2021 18:42:17,-30.133,1263.824,1263.183,960.693,1469.940,-33.203,0.040
27.08.2021 18:42:18,-30.226,1263.305,1262.298,958.984,1469.207,-33.300,0.063
27.08.2021 18:42:19,-30.319,1263.092,1261.810,957.977,1469.818,-33.411,0.080
27.08.2021 18:42:20,-30.412,1262.786,1261.505,956.909,1469.390,-33.473,0.080
27.08.2021 18:42:21,-30.505,1262.634,1261.047,955.474,1469.970,-33.617,0.099
27.08.2021 18:42:22,-30.600,1261.718,1260.284,954.376,1469.665,-33.688,0.090
27.08.2021 18:42:23,-30.696,1261.810,1259.826,953.491,1469.421,-33.746,0.124
27.08.2021 18:42:24,-30.789,1261.871,1259.735,952.117,1469.329,-33.850,0.134
27.08.2021 18:42:25,-30.882,1260.955,1259.246,951.263,1468.353,-33.868,0.107
27.08.2021 18:42:26,-30.975,1260.711,1259.216,949.829,1468.536,-33.991,0.094
27.08.2021 18:42:27,-31.068,1260.559,1258.056,949.523,1468.536,-34.015,0.157
27.08.2021 18:42:28,-31.161,1260.436,1258.087,948.028,1468.291,-34.122,0.147
27.08.2021 18:42:29,-31.256,1259.979,1257.659,946.655,1468.017,-34.217,0.145
27.08.2021 18:42:30,-31.349,1259.063,1256.775,945.495,1467.834,-34.300,0.144
27.08.2021 18:42:32,-31.442,1258.789,1256.957,944.671,1468.292,-34.390,0.115
27.08.2021 18:42:33,-31.535,1258.270,1256.042,943.450,1467.681,-34.456,0.140
27.08.2021 18:42:34,-31.628,1257.812,1255.310,942.657,1466.979,-34.483,0.157
27.08.2021 18:42:35,-31.721,1257.232,1255.432,941.314,1467.254,-34.605,0.113
27.08.2021 18:42:36,-31.819,1256.408,1254.241,940.246,1467.071,-34.681,0.136
27.08.2021 18:42:37,-31.912,1255.493,1254.028,939.849,1466.735,-34.696,0.092
27.08.2021 18:42:38,-32.005,1255.584,1253.479,937.683,1466.217,-34.843,0.133
27.08.2021 18:42:39,-32.098,1255.828,1253.631,936.828,1466.217,-34.912,0.138
27.08.2021 18:42:40,-32.191,1254.791,1252.441,936.615,1466.125,-34.925,0.148
27.08.2021 18:42:41,-32.284,1254.302,1251.831,934.875,1466.552,-35.087,0.156
27.08.2021 18:42:42,-32.377,1254.089,1251.373,934.051,1466.247,-35.138,0.171
27.08.2021 18:42:43,-32.470,1253.478,1251.037,932.922,1465.576,-35.194,0.154
27.08.2021 18:42:44,-32.563,1252.655,1249.969,931.518,1464.813,-35.268,0.170
27.08.2021 18:42:45,-32.656,1252.349,1249.694,930.541,1465.576,-35.387,0.168
27.08.2021 18:42:46,-32.749,1251.678,1249.145,929.504,1464.599,-35.420,0.160
27.08.2021 18:42:47,-32.842,1251.006,1249.176,928.619,1464.904,-35.508,0.116
27.08.2021 18:42:48,-32.934,1251.251,1248.260,927.368,1464.965,-35.612,0.189
27.08.2021 18:42:49,-33.030,1250.213,1247.772,925.964,1464.324,-35.693,0.154
27.08.2021 18:42:50,-33.123,1250.000,1247.131,925.750,1464.599,-35.725,0.182
27.08.2021 18:42:51,-33.216,1249.481,1246.521,924.743,1464.264,-35.789,0.187
27.08.2021 18:42:52,-33.309,1248.504,1246.520,923.278,1463.806,-35.885,0.126
27.08.2021 18:42:53,-33.402,1248.351,1245.666,922.546,1464.324,-35.971,0.170
27.08.2021 18:42:54,-33.495,1247.436,1244.964,921.936,1463.501,-35.979,0.157
27.08.2021 18:42:55,-33.590,1246.520,1245.056,920.532,1464.324,-36.136,0.093
27.08.2021 18:42:56,-33.683,1246.795,1244.018,918.975,1464.477,-36.271,0.176
27.08.2021 18:42:57,-33.776,1245.819,1243.041,918.273,1463.806,-36.294,0.176
27.08.2021 18:42:58,-33.869,1245.574,1242.828,917.388,1464.172,-36.385,0.174
27.08.2021 18:42:59,-33.962,1244.995,1241.912,916.076,1463.318,-36.448,0.196
27.08.2021 18:43:00,-34.055,1244.171,1241.394,915.283,1463.439,-36.520,0.177
27.08.2021 18:43:01,-34.148,1243.255,1240.356,913.940,1463.134,-36.614,0.184
27.08.2021 18:43:02,-34.241,1243.072,1239.715,912.750,1462.738,-36.691,0.214
27.08.2021 18:43:03,-34.337,1242.278,1239.166,911.529,1462.066,-36.757,0.198
27.08.2021 18:43:04,-34.429,1241.699,1238.677,910.278,1462.158,-36.865,0.193
27.08.2021 18:43:05,-34.522,1241.302,1238.159,909.790,1462.188,-36.907,0.200
27.08.2021 18:43:06,-34.615,1240.997,1237.884,908.019,1462.219,-37.054,0.199
27.08.2021 18:43:07,-34.708,1240.447,1236.999,906.829,1461.395,-37.110,0.220
27.08.2021 18:43:08,-34.801,1239.441,1235.443,905.883,1461.090,-37.173,0.256
27.08.2021 18:43:09,-34.897,1238.372,1235.748,904.602,1460.815,-37.265,0.168
27.08.2021 18:43:10,-34.990,1238.464,1234.710,903.198,1460.723,-37.376,0.240
27.08.2021 18:43:11,-35.083,1237.152,1234.039,902.038,1460.144,-37.443,0.199
27.08.2021 18:43:12,-35.176,1236.419,1233.306,900.421,1459.777,-37.558,0.199
27.08.2021 18:43:13,-35.271,1236.175,1231.872,898.742,1459.747,-37.696,0.276
27.08.2021 18:43:14,-35.364,1235.534,1231.536,897.766,1458.770,-37.727,0.256
27.08.2021 18:43:15,-35.457,1234.405,1231.536,896.179,1457.977,-37.819,0.184
27.08.2021 18:43:16,-35.550,1234.222,1230.377,895.050,1457.397,-37.883,0.247
27.08.2021 18:43:17,-35.643,1233.886,1230.316,893.554,1457.061,-37.991,0.229
27.08.2021 18:43:18,-35.736,1232.757,1229.156,892.333,1456.726,-38.076,0.231
27.08.2021 18:43:19,-35.829,1231.872,1228.302,891.082,1456.359,-38.162,0.230
27.08.2021 18:43:20,-35.922,1231.048,1227.386,889.617,1455.322,-38.232,0.236
27.08.2021 18:43:21,-36.015,1230.590,1227.081,887.939,1455.657,-38.390,0.226
27.08.2021 18:43:22,-36.108,1230.193,1226.074,886.413,1454.040,-38.435,0.265
27.08.2021 18:43:23,-36.201,1229.400,1225.280,885.131,1453.155,-38.498,0.265
27.08.2021 18:43:24,-36.294,1228.820,1224.487,883.270,1452.270,-38.609,0.279
27.08.2021 18:43:25,-36.387,1228.851,1224.212,882.019,1450.897,-38.644,0.299
27.08.2021 18:43:26,-36.480,1227.722,1223.327,880.737,1450.561,-38.735,0.284
27.08.2021 18:43:27,-36.573,1227.508,1222.686,879.089,1449.768,-38.834,0.311
27.08.2021 18:43:28,-36.668,1226.440,1222.320,877.868,1448.364,-38.865,0.266
27.08.2021 18:43:29,-36.761,1225.830,1221.740,876.525,1447.479,-38.934,0.264
27.08.2021 18:43:30,-36.854,1225.158,1220.764,874.969,1446.777,-39.030,0.284
27.08.2021 18:43:31,-36.947,1224.334,1220.336,873.199,1445.587,-39.120,0.259
27.08.2021 18:43:32,-37.040,1223.724,1219.634,871.948,1444.427,-39.167,0.265
27.08.2021 18:43:33,-37.133,1223.022,1218.322,870.666,1443.267,-39.216,0.305
27.08.2021 18:43:34,-37.226,1222.595,1218.414,869.628,1442.260,-39.253,0.271
27.08.2021 18:43:35,-37.326,1222.167,1218.078,866.851,1440.887,-39.420,0.265
27.08.2021 18:43:36,-37.419,1221.649,1216.583,866.424,1439.697,-39.395,0.329
27.08.2021 18:43:37,-37.512,1220.672,1216.796,865.234,1438.201,-39.420,0.251
27.08.2021 18:43:38,-37.605,1220.123,1215.973,863.555,1437.011,-39.503,0.269
27.08.2021 18:43:39,-37.698,1219.482,1215.240,862.213,1435.790,-39.555,0.276
27.08.2021 18:43:40,-37.791,1219.177,1214.813,860.717,1434.478,-39.617,0.284
27.08.2021 18:43:41,-37.897,1218.017,1213.653,859.008,1433.074,-39.691,0.284
27.08.2021 18:43:42,-37.990,1217.437,1212.707,857.788,1431.335,-39.707,0.308
27.08.2021 18:43:43,-38.083,1216.735,1212.127,856.231,1430.511,-39.799,0.300
27.08.2021 18:43:44,-38.178,1216.461,1211.639,854.064,1428.466,-39.881,0.314
27.08.2021 18:43:45,-38.271,1215.270,1210.784,852.416,1427.215,-39.959,0.293
27.08.2021 18:43:46,-38.367,1214.782,1210.235,850.952,1425.964,-40.022,0.297
27.08.2021 18:43:47,-38.462,1214.569,1209.106,849.700,1424.224,-40.040,0.357
27.08.2021 18:43:48,-38.560,1213.623,1208.923,847.869,1421.936,-40.081,0.307
27.08.2021 18:43:49,-38.653,1213.470,1208.801,846.557,1421.630,-40.180,0.305
27.08.2021 18:43:50,-38.746,1212.768,1207.794,846.313,1419.555,-40.093,0.325
27.08.2021 18:43:51,-38.842,1211.395,1206.970,843.994,1418.517,-40.242,0.289
27.08.2021 18:43:52,-38.934,1210.876,1206.054,841.491,1417.205,-40.394,0.316
27.08.2021 18:43:53,-39.027,1210.845,1205.413,841.033,1415.466,-40.343,0.356
27.08.2021 18:43:54,-39.120,1210.083,1205.200,839.355,1414.123,-40.421,0.320
27.08.2021 18:43:55,-39.216,1209.869,1204.651,838.195,1412.414,-40.434,0.342
27.08.2021 18:43:56,-39.309,1208.648,1203.796,836.486,1411.377,-40.530,0.318
27.08.2021 18:43:57,-39.402,1208.587,1203.460,834.838,1410.064,-40.607,0.336
27.08.2021 18:43:58,-39.495,1207.519,1202.148,832.824,1408.142,-40.685,0.353
27.08.2021 18:43:59,-39.590,1206.725,1201.782,830.963,1405.944,-40.735,0.325
27.08.2021 18:44:00,-39.683,1206.390,1201.324,829.986,1404.937,-40.769,0.333
27.08.2021 18:44:01,-39.776,1205.627,1200.042,828.033,1402.862,-40.834,0.367
27.08.2021 18:44:02,-39.869,1204.498,1199.707,825.866,1401.275,-40.944,0.315
27.08.2021 18:44:03,-39.962,1203.796,1198.944,824.615,1399.291,-40.952,0.320
27.08.2021 18:44:04,-40.055,1203.521,1198.181,823.059,1398.437,-41.046,0.352
27.08.2021 18:44:05,-40.151,1202.728,1197.296,821.075,1396.301,-41.112,0.358
27.08.2021 18:44:06,-40.244,1201.782,1196.533,819.213,1394.531,-41.186,0.346
27.08.2021 18:44:07,-40.337,1201.660,1196.105,817.779,1392.761,-41.221,0.367
27.08.2021 18:44:08,-40.429,1200.042,1194.671,815.979,1390.747,-41.277,0.355
27.08.2021 18:44:09,-40.525,1200.042,1194.061,814.239,1389.007,-41.342,0.395
27.08.2021 18:44:10,-40.618,1199.035,1193.450,812.286,1386.505,-41.387,0.369
27.08.2021 18:44:11,-40.711,1198.913,1193.237,810.302,1385.162,-41.495,0.376
27.08.2021 18:44:12,-40.804,1198.333,1192.932,808.258,1383.392,-41.588,0.357
27.08.2021 18:44:13,-40.897,1197.387,1191.894,807.250,1382.263,-41.619,0.364
27.08.2021 18:44:14,-40.990,1196.899,1191.802,804.992,1379.791,-41.694,0.338
27.08.2021 18:44:15,-41.083,1196.472,1190.582,803.314,1378.112,-41.758,0.391
27.08.2021 18:44:17,-41.176,1195.495,1189.666,801.696,1376.464,-41.818,0.387
27.08.2021 18:44:18,-41.269,1194.732,1189.331,799.407,1374.816,-41.941,0.359
27.08.2021 18:44:19,-41.362,1194.366,1188.415,797.698,1373.260,-42.015,0.395
27.08.2021 18:44:20,-41.455,1193.359,1187.530,795.776,1370.788,-42.060,0.387
27.08.2021 18:44:21,-41.548,1192.901,1187.316,793.640,1368.896,-42.156,0.371
27.08.2021 18:44:22,-41.641,1192.504,1186.218,791.900,1366.729,-42.201,0.418
27.08.2021 18:44:23,-41.733,1192.016,1186.431,789.947,1364.746,-42.276,0.372
27.08.2021 18:44:24,-41.826,1190.979,1184.997,788.238,1363.067,-42.345,0.398
27.08.2021 18:44:25,-41.919,1190.795,1184.356,786.682,1361.694,-42.416,0.429
27.08.2021 18:44:26,-42.012,1189.727,1183.715,784.637,1359.710,-42.500,0.401
27.08.2021 18:44:27,-42.105,1188.873,1183.349,782.562,1357.788,-42.591,0.369
27.08.2021 18:44:28,-42.198,1188.568,1182.128,781.372,1355.834,-42.597,0.430
27.08.2021 18:44:29,-42.294,1187.988,1181.549,779.083,1353.820,-42.704,0.430
27.08.2021 18:44:30,-42.387,1187.774,1181.213,777.404,1352.264,-42.777,0.438
27.08.2021 18:44:31,-42.480,1186.492,1179.901,775.360,1349.670,-42.830,0.441
27.08.2021 18:44:32,-42.573,1186.248,1179.962,773.468,1347.961,-42.916,0.421
27.08.2021 18:44:33,-42.666,1185.791,1179.260,772.064,1346.252,-42.957,0.437
27.08.2021 18:44:34,-42.759,1184.875,1178.497,770.416,1344.024,-42.992,0.427
27.08.2021 18:44:35,-42.852,1184.295,1177.642,768.493,1342.590,-43.097,0.446
27.08.2021 18:44:36,-42.947,1183.593,1176.788,766.387,1340.087,-43.161,0.456
27.08.2021 18:44:37,-43.040,1182.739,1175.994,764.587,1338.256,-43.233,0.453
27.08.2021 18:44:38,-43.133,1182.220,1175.476,762.512,1336.181,-43.319,0.453
27.08.2021 18:44:39,-43.226,1181.121,1174.804,760.833,1334.106,-43.367,0.424
27.08.2021 18:44:40,-43.319,1180.816,1174.255,758.697,1332.092,-43.462,0.441
27.08.2021 18:44:41,-43.414,1180.206,1174.102,756.713,1330.047,-43.541,0.410
27.08.2021 18:44:42,-43.510,1179.596,1172.607,755.065,1327.972,-43.587,0.470
27.08.2021 18:44:43,-43.603,1178.771,1171.630,753.356,1325.744,-43.629,0.481
27.08.2021 18:44:44,-43.696,1178.039,1171.569,751.617,1324.126,-43.709,0.436
27.08.2021 18:44:45,-43.794,1177.520,1170.715,750.061,1321.838,-43.734,0.459
27.08.2021 18:44:46,-43.887,1176.910,1169.464,747.955,1319.824,-43.829,0.502
27.08.2021 18:44:47,-43.980,1175.720,1168.395,745.361,1317.077,-43.930,0.495
27.08.2021 18:44:48,-44.073,1175.476,1167.877,744.079,1314.849,-43.932,0.513
27.08.2021 18:44:49,-44.168,1174.316,1166.961,742.065,1313.384,-44.049,0.497
27.08.2021 18:44:50,-44.261,1173.828,1165.771,740.142,1311.279,-44.122,0.545
27.08.2021 18:44:51,-44.357,1173.126,1165.252,738.769,1308.654,-44.111,0.533
27.08.2021 18:44:52,-44.450,1171.112,1164.123,736.999,1306.091,-44.143,0.474
27.08.2021 18:44:53,-44.543,1170.898,1163.085,735.015,1304.229,-44.236,0.530
27.08.2021 18:44:54,-44.636,1170.135,1162.231,733.551,1301.727,-44.241,0.537
27.08.2021 18:44:55,-44.731,1168.853,1160.766,731.658,1299.530,-44.306,0.550
27.08.2021 18:44:56,-44.824,1167.419,1159.790,729.614,1297.454,-44.394,0.519
27.08.2021 18:44:57,-44.914,1166.382,1158.111,727.905,1295.379,-44.448,0.563
27.08.2021 18:44:58,-45.007,1165.893,1157.440,725.738,1293.426,-44.556,0.576
27.08.2021 18:44:59,-45.100,1165.191,1156.585,724.334,1290.588,-44.537,0.587
27.08.2021 18:45:00,-45.193,1163.726,1155.517,722.167,1288.208,-44.621,0.560
27.08.2021 18:45:01,-45.286,1162.536,1154.205,720.367,1285.705,-44.661,0.569
27.08.2021 18:45:02,-45.379,1162.109,1153.137,718.963,1283.630,-44.685,0.614
27.08.2021 18:45:03,-45.475,1160.827,1152.038,716.918,1281.372,-44.765,0.602
27.08.2021 18:45:04,-45.568,1159.637,1150.634,714.965,1278.991,-44.828,0.617
27.08.2021 18:45:05,-45.661,1158.508,1149.719,713.623,1276.458,-44.820,0.603
27.08.2021 18:45:06,-45.756,1156.707,1148.284,711.212,1273.742,-44.912,0.579
27.08.2021 18:45:07,-45.852,1155.548,1146.392,708.984,1271.240,-44.997,0.630
27.08.2021 18:45:08,-45.945,1154.083,1144.592,707.458,1268.341,-44.988,0.654
27.08.2021 18:45:09,-46.040,1152.801,1143.859,705.413,1266.174,-45.074,0.617
27.08.2021 18:45:10,-46.133,1151.580,1142.150,704.223,1263.580,-45.048,0.651
27.08.2021 18:45:11,-46.226,1150.787,1141.601,702.331,1261.138,-45.103,0.635
27.08.2021 18:45:12,-46.319,1149.322,1140.411,699.951,1258.544,-45.200,0.616
27.08.2021 18:45:13,-46.412,1148.345,1138.488,698.516,1256.164,-45.212,0.683
27.08.2021 18:45:14,-46.505,1146.575,1136.840,696.197,1252.929,-45.266,0.675
27.08.2021 18:45:15,-46.600,1145.263,1135.711,694.488,1250.701,-45.315,0.663
27.08.2021 18:45:16,-46.693,1144.256,1134.216,693.115,1247.680,-45.283,0.698
27.08.2021 18:45:17,-46.786,1143.218,1132.598,690.734,1245.544,-45.409,0.739
27.08.2021 18:45:18,-46.879,1140.991,1131.469,688.995,1242.919,-45.439,0.664
27.08.2021 18:45:19,-46.972,1139.984,1129.486,687.042,1239.684,-45.456,0.733
27.08.2021 18:45:20,-47.065,1138.580,1128.356,685.211,1236.938,-45.489,0.714
27.08.2021 18:45:21,-47.161,1136.840,1126.556,683.227,1235.076,-45.590,0.720
27.08.2021 18:45:22,-47.256,1135.009,1124.633,681.488,1231.414,-45.559,0.727
27.08.2021 18:45:23,-47.349,1132.995,1123.474,680.175,1229.095,-45.562,0.668
27.08.2021 18:45:24,-47.442,1132.293,1121.368,678.131,1226.440,-45.624,0.768
27.08.2021 18:45:25,-47.535,1130.523,1119.659,676.239,1223.693,-45.664,0.765
27.08.2021 18:45:26,-47.628,1128.357,1118.286,674.468,1221.557,-45.728,0.710
27.08.2021 18:45:27,-47.721,1127.105,1116.058,672.760,1218.780,-45.747,0.780
27.08.2021 18:45:28,-47.814,1125.091,1114.288,671.020,1215.515,-45.740,0.764
27.08.2021 18:45:29,-47.909,1123.382,1113.281,668.975,1213.104,-45.817,0.715
27.08.2021 18:45:30,-48.002,1121.246,1110.534,667.114,1210.205,-45.846,0.760
27.08.2021 18:45:31,-48.095,1119.933,1108.947,665.802,1207.550,-45.829,0.781
27.08.2021 18:45:32,-48.188,1117.431,1106.842,663.604,1204.864,-45.908,0.754
27.08.2021 18:45:33,-48.281,1116.851,1105.133,662.445,1202.301,-45.880,0.835
27.08.2021 18:45:34,-48.374,1113.861,1103.393,660.827,1199.645,-45.897,0.748
27.08.2021 18:45:35,-48.470,1112.335,1100.677,658.874,1197.052,-45.955,0.834
27.08.2021 18:45:36,-48.563,1109.924,1098.754,657.379,1194.213,-45.947,0.801
27.08.2021 18:45:37,-48.656,1107.574,1097.107,655.792,1191.955,-45.985,0.752
27.08.2021 18:45:38,-48.749,1105.407,1094.909,654.174,1189.544,-46.018,0.756
27.08.2021 18:45:39,-48.842,1103.363,1092.864,652.862,1186.462,-45.975,0.757
27.08.2021 18:45:40,-48.934,1100.921,1090.789,651.489,1184.906,-46.033,0.732
27.08.2021 18:45:41,-49.027,1098.968,1088.134,649.658,1181.701,-46.040,0.785
27.08.2021 18:45:42,-49.120,1096.343,1085.449,647.827,1178.649,-46.058,0.791
27.08.2021 18:45:43,-49.213,1094.512,1083.892,646.240,1177.032,-46.136,0.772
27.08.2021 18:45:44,-49.306,1092.102,1081.146,644.653,1173.522,-46.098,0.798
27.08.2021 18:45:45,-49.402,1089.691,1079.101,642.791,1171.081,-46.156,0.773
27.08.2021 18:45:46,-49.495,1087.951,1076.904,641.906,1168.365,-46.088,0.808
27.08.2021 18:45:47,-49.588,1085.235,1074.645,639.678,1166.351,-46.215,0.776
27.08.2021 18:45:48,-49.681,1082.916,1072.570,638.305,1163.604,-46.200,0.760
27.08.2021 18:45:49,-49.776,1081.085,1070.312,636.627,1161.437,-46.255,0.793
27.08.2021 18:45:50,-49.869,1078.765,1068.481,635.528,1157.897,-46.159,0.759
27.08.2021 18:45:51,-49.962,1075.805,1065.490,633.361,1155.822,-46.277,0.763
27.08.2021 18:45:52,-50.055,1073.883,1062.561,632.202,1153.167,-46.243,0.839
27.08.2021 18:45:53,-50.148,1071.197,1060.760,630.828,1150.543,-46.236,0.775
27.08.2021 18:45:54,-50.241,1069.122,1058.471,629.211,1147.522,-46.231,0.793
27.08.2021 18:45:55,-50.334,1066.192,1055.755,627.441,1145.111,-46.283,0.779
27.08.2021 18:45:56,-50.427,1064.453,1053.558,625.762,1142.456,-46.309,0.815
27.08.2021 18:45:57,-50.520,1061.889,1051.177,624.267,1139.740,-46.310,0.803
27.08.2021 18:45:58,-50.613,1059.661,1048.919,622.894,1137.451,-46.324,0.807
27.08.2021 18:45:59,-50.706,1057.983,1047.210,621.398,1135.132,-46.350,0.810
27.08.2021 18:46:01,-50.799,1055.847,1044.952,619.720,1132.446,-46.374,0.821
27.08.2021 18:46:02,-50.892,1053.588,1042.602,618.591,1129.669,-46.328,0.830
27.08.2021 18:46:03,-50.985,1051.086,1040.710,617.034,1127.380,-46.364,0.786
27.08.2021 18:46:04,-51.078,1049.713,1038.146,615.325,1123.931,-46.343,0.877
27.08.2021 18:46:05,-51.171,1046.447,1035.919,613.525,1121.673,-46.410,0.801
27.08.2021 18:46:06,-51.266,1044.097,1033.813,612.274,1118.652,-46.362,0.784
27.08.2021 18:46:07,-51.359,1041.991,1031.371,611.022,1115.966,-46.336,0.811
27.08.2021 18:46:08,-51.452,1039.764,1028.533,609.313,1113.372,-46.370,0.860
27.08.2021 18:46:09,-51.545,1037.170,1027.068,607.574,1110.839,-46.413,0.775
27.08.2021 18:46:10,-51.638,1035.217,1024.169,606.353,1107.971,-46.371,0.850
27.08.2021 18:46:11,-51.731,1032.135,1021.850,604.949,1104.889,-46.337,0.793
27.08.2021 18:46:12,-51.824,1030.303,1019.836,603.393,1103.271,-46.417,0.809
27.08.2021 18:46:13,-51.917,1028.015,1016.998,601.837,1099.639,-46.366,0.853
27.08.2021 18:46:14,-52.010,1025.238,1014.892,600.158,1096.923,-46.389,0.803
27.08.2021 18:46:15,-52.105,1023.193,1013.000,598.876,1094.757,-46.401,0.793
27.08.2021 18:46:16,-52.198,1020.965,1010.498,597.808,1091.613,-46.322,0.816
27.08.2021 18:46:17,-52.291,1018.585,1008.209,596.038,1089.752,-46.413,0.811
27.08.2021 18:46:18,-52.384,1016.113,1005.493,594.787,1086.913,-46.376,0.832
27.08.2021 18:46:19,-52.477,1014.190,1003.662,593.994,1084.289,-46.298,0.826
27.08.2021 18:46:20,-52.570,1011.047,1001.617,592.285,1082.550,-46.390,0.742
27.08.2021 18:46:21,-52.663,1009.094,998.413,590.972,1079.986,-46.379,0.843
27.08.2021 18:46:22,-52.756,1006.957,996.368,589.416,1076.721,-46.351,0.837
27.08.2021 18:46:23,-52.849,1003.600,993.957,587.951,1074.768,-46.399,0.765
27.08.2021 18:46:24,-52.942,1001.434,991.241,586.730,1072.174,-46.375,0.810
27.08.2021 18:46:25,-53.035,998.992,988.922,585.144,1069.427,-46.385,0.802
27.08.2021 18:46:26,-53.128,996.399,986.083,584.197,1067.504,-46.372,0.824
27.08.2021 18:46:27,-53.221,993.469,983.673,583.312,1064.880,-46.304,0.785
27.08.2021 18:46:28,-53.314,990.722,981.109,581.665,1062.652,-46.357,0.772
27.08.2021 18:46:29,-53.407,987.976,978.149,580.200,1059.814,-46.346,0.792
27.08.2021 18:46:30,-53.500,984.557,975.463,578.826,1057.891,-46.386,0.735
27.08.2021 18:46:31,-53.593,981.750,972.778,577.392,1054.992,-46.367,0.727
27.08.2021 18:46:32,-53.686,979.248,969.940,576.446,1052.978,-46.347,0.756
27.08.2021 18:46:33,-53.779,976.562,967.041,574.737,1050.659,-46.403,0.776
27.08.2021 18:46:34,-53.872,973.724,963.989,574.066,1048.126,-46.312,0.796
27.08.2021 18:46:35,-53.965,970.886,961.944,572.265,1046.203,-46.407,0.733
27.08.2021 18:46:36,-54.058,968.231,959.137,571.258,1043.670,-46.359,0.747
27.08.2021 18:46:37,-54.153,965.545,956.939,570.373,1041.381,-46.312,0.709
27.08.2021 18:46:38,-54.246,962.768,953.979,568.725,1039.093,-46.362,0.726
27.08.2021 18:46:39,-54.339,959.411,951.080,567.749,1037.353,-46.366,0.691
27.08.2021 18:46:40,-54.432,956.695,948.455,566.223,1034.698,-46.375,0.685
27.08.2021 18:46:41,-54.527,954.071,945.190,565.429,1032.470,-46.320,0.741
27.08.2021 18:46:42,-54.620,950.897,943.206,563.903,1029.968,-46.340,0.643
27.08.2021 18:46:43,-54.713,948.364,940.002,562.744,1028.442,-46.382,0.701
27.08.2021 18:46:44,-54.806,945.434,937.103,561.340,1025.268,-46.339,0.701
27.08.2021 18:46:45,-54.899,943.145,935.119,560.394,1023.559,-46.340,0.677
27.08.2021 18:46:46,-54.992,940.155,932.037,559.234,1021.026,-46.311,0.687
27.08.2021 18:46:47,-55.085,937.835,929.717,558.044,1019.012,-46.322,0.688
27.08.2021 18:46:48,-55.178,935.028,927.032,556.823,1016.845,-46.327,0.680
27.08.2021 18:46:49,-55.274,931.732,924.011,555.328,1014.098,-46.326,0.659
27.08.2021 18:46:50,-55.367,929.290,921.447,554.321,1012.481,-46.341,0.671
27.08.2021 18:46:51,-55.460,926.757,918.792,552.703,1009.918,-46.369,0.683
27.08.2021 18:46:52,-55.553,924.255,916.625,551.788,1007.904,-46.345,0.656
27.08.2021 18:46:53,-55.646,922.241,914.642,550.262,1005.706,-46.387,0.655
27.08.2021 18:46:54,-55.739,919.311,912.353,549.438,1002.838,-46.289,0.602
27.08.2021 18:46:55,-55.842,917.510,909.271,547.637,1000.366,-46.348,0.714
27.08.2021 18:46:56,-55.934,915.008,907.257,546.691,997.955,-46.298,0.674
27.08.2021 18:46:57,-56.027,913.055,904.876,544.952,996.124,-46.396,0.712
27.08.2021 18:46:58,-56.120,910.766,903.228,543.701,994.171,-46.421,0.658
27.08.2021 18:47:00,0.008,1205.139,1206.451,1278.747,1280.364,-0.100,-0.086
27.08.2021 18:47:01,0.103,1205.810,1205.871,1279.815,1279.327,0.030,-0.004
27.08.2021 18:47:02,0.196,1204.955,1206.390,1280.334,1278.869,0.090,-0.094
27.08.2021 18:47:03,0.299,1205.169,1206.268,1281.615,1278.655,0.183,-0.072
27.08.2021 18:47:04,0.407,1205.993,1206.390,1282.257,1277.618,0.287,-0.026
27.08.2021 18:47:05,0.513,1205.596,1206.786,1282.592,1277.343,0.324,-0.078
27.08.2021 18:47:06,0.621,1205.718,1207.153,1283.508,1276.367,0.442,-0.094
27.08.2021 18:47:07,0.719,1206.390,1206.726,1284.423,1276.214,0.508,-0.022
27.08.2021 18:47:08,0.817,1205.779,1207.183,1285.034,1275.512,0.589,-0.092
27.08.2021 18:47:09,0.910,1205.749,1206.939,1285.400,1274.658,0.664,-0.078
27.08.2021 18:47:10,1.010,1206.115,1206.878,1286.316,1274.688,0.719,-0.050
27.08.2021 18:47:11,1.108,1206.390,1207.611,1286.773,1273.681,0.810,-0.080
27.08.2021 18:47:12,1.201,1206.512,1207.092,1288.269,1273.223,0.930,-0.038
27.08.2021 18:47:13,1.297,1206.908,1207.824,1288.970,1272.705,1.006,-0.060
27.08.2021 18:47:14,1.402,1206.756,1207.946,1289.062,1272.033,1.053,-0.078
27.08.2021 18:47:15,1.510,1206.542,1207.794,1290.344,1272.125,1.126,-0.082
27.08.2021 18:47:16,1.603,1207.336,1208.251,1291.076,1271.209,1.228,-0.060
27.08.2021 18:47:17,1.699,1206.573,1208.252,1291.168,1270.721,1.264,-0.110
27.08.2021 18:47:18,1.802,1206.756,1208.282,1292.114,1270.965,1.307,-0.100
27.08.2021 18:47:19,1.907,1206.970,1208.770,1292.175,1270.324,1.351,-0.118
27.08.2021 18:47:20,2.013,1207.488,1208.343,1293.457,1270.263,1.433,-0.056
27.08.2021 18:47:21,2.121,1207.183,1208.739,1294.281,1269.531,1.529,-0.102
27.08.2021 18:47:22,2.226,1207.519,1208.892,1294.708,1269.378,1.565,-0.090
27.08.2021 18:47:23,2.329,1207.641,1208.312,1295.348,1268.493,1.660,-0.044
27.08.2021 18:47:24,2.435,1208.038,1208.679,1296.447,1267.974,1.759,-0.042
27.08.2021 18:47:25,2.540,1208.190,1209.075,1297.149,1268.035,1.798,-0.058
27.08.2021 18:47:26,2.633,1208.160,1209.533,1298.645,1266.693,1.973,-0.090
27.08.2021 18:47:27,2.741,1208.709,1209.381,1298.889,1266.967,1.971,-0.044
27.08.2021 18:47:28,2.849,1208.862,1209.655,1300.171,1266.540,2.076,-0.052
27.08.2021 18:47:29,2.950,1208.557,1209.197,1300.506,1265.990,2.131,-0.042
27.08.2021 18:47:30,3.050,1209.228,1210.174,1302.642,1264.862,2.332,-0.061
27.08.2021 18:47:31,3.146,1209.655,1210.418,1303.039,1265.503,2.315,-0.049
27.08.2021 18:47:32,3.254,1209.716,1210.418,1303.894,1264.739,2.415,-0.045
27.08.2021 18:47:33,3.349,1210.022,1210.174,1305.755,1263.519,2.605,-0.009
27.08.2021 18:47:34,3.445,1210.388,1211.456,1306.884,1263.793,2.656,-0.069
27.08.2021 18:47:35,3.540,1210.754,1210.968,1307.922,1262.847,2.778,-0.013
27.08.2021 18:47:36,3.638,1210.571,1211.059,1308.898,1261.566,2.918,-0.031
27.08.2021 18:47:37,3.741,1210.784,1211.791,1309.295,1261.505,2.946,-0.065
27.08.2021 18:47:38,3.849,1210.998,1211.273,1310.577,1259.735,3.134,-0.017
27.08.2021 18:47:39,3.955,1210.906,1211.456,1311.859,1258.788,3.271,-0.035
27.08.2021 18:47:40,4.063,1211.822,1211.517,1312.744,1258.026,3.373,0.019
27.08.2021 18:47:41,4.171,1211.822,1212.066,1314.117,1257.415,3.494,-0.015
27.08.2021 18:47:42,4.269,1211.364,1212.188,1314.605,1256.042,3.610,-0.053
27.08.2021 18:47:43,4.364,1212.066,1212.310,1316.131,1255.432,3.740,-0.015
27.08.2021 18:47:44,4.457,1212.097,1211.578,1316.711,1254.058,3.862,0.033
27.08.2021 18:47:46,4.555,1212.066,1212.554,1317.626,1253.448,3.955,-0.031
27.08.2021 18:47:47,4.651,1213.012,1212.585,1319.122,1253.143,4.064,0.027
27.08.2021 18:47:48,4.749,1212.463,1213.104,1319.427,1252.258,4.139,-0.041
27.08.2021 18:47:49,4.842,1212.371,1213.409,1321.075,1252.014,4.253,-0.067
27.08.2021 18:47:50,4.935,1213.317,1212.860,1321.777,1251.129,4.351,0.029
27.08.2021 18:47:51,5.028,1213.592,1213.043,1322.204,1250.610,4.410,0.035
27.08.2021 18:47:52,5.121,1213.348,1213.989,1322.601,1249.908,4.478,-0.041
27.08.2021 18:47:53,5.221,1214.294,1213.531,1323.608,1249.694,4.552,0.049
27.08.2021 18:47:54,5.317,1214.172,1214.599,1323.547,1248.809,4.604,-0.027
27.08.2021 18:47:55,5.412,1214.324,1214.660,1324.310,1248.108,4.694,-0.021
27.08.2021 18:47:56,5.505,1215.057,1214.843,1325.897,1247.772,4.810,0.013
27.08.2021 18:47:57,5.598,1214.935,1215.301,1326.202,1247.650,4.836,-0.023
27.08.2021 18:47:58,5.691,1215.392,1216.094,1326.812,1247.344,4.892,-0.045
27.08.2021 18:47:59,5.787,1215.667,1215.911,1327.301,1246.002,5.006,-0.015
27.08.2021 18:48:00,5.880,1216.278,1216.186,1327.941,1245.818,5.056,0.005
27.08.2021 18:48:01,5.975,1216.277,1216.186,1328.765,1244.995,5.158,0.005
27.08.2021 18:48:02,6.073,1216.461,1216.827,1329.956,1244.567,5.256,-0.023
27.08.2021 18:48:03,6.171,1216.827,1217.041,1330.047,1244.232,5.283,-0.013
27.08.2021 18:48:04,6.277,1217.895,1217.682,1331.695,1243.530,5.425,0.013
27.08.2021 18:48:05,6.375,1217.682,1217.559,1331.542,1243.011,5.449,0.007
27.08.2021 18:48:06,6.478,1218.048,1217.864,1332.000,1242.370,5.517,0.011
27.08.2021 18:48:07,6.573,1218.750,1218.658,1333.374,1240.936,5.690,0.005
27.08.2021 18:48:08,6.666,1218.841,1218.627,1333.831,1240.478,5.746,0.013
27.08.2021 18:48:09,6.761,1219.055,1219.543,1334.564,1239.715,5.839,-0.031
27.08.2021 18:48:10,6.857,1219.604,1219.818,1335.510,1239.929,5.881,-0.013
27.08.2021 18:48:11,6.955,1219.787,1219.940,1336.151,1238.983,5.979,-0.009
27.08.2021 18:48:12,7.055,1220.336,1220.245,1337.951,1238.708,6.103,0.005
27.08.2021 18:48:13,7.156,1220.458,1220.367,1338.531,1238.159,6.173,0.005
27.08.2021 18:48:14,7.251,1220.031,1220.214,1338.806,1236.846,6.273,-0.011
27.08.2021 18:48:15,7.347,1220.581,1220.123,1340.209,1237.609,6.307,0.029
27.08.2021 18:48:16,7.442,1221.038,1220.458,1340.728,1236.846,6.387,0.037
27.08.2021 18:48:17,7.538,1221.893,1220.397,1342.163,1235.687,6.545,0.097
27.08.2021 18:48:18,7.633,1222.076,1221.832,1342.132,1235.351,6.565,0.015
27.08.2021 18:48:19,7.729,1222.229,1221.313,1343.261,1234.954,6.657,0.059
27.08.2021 18:48:20,7.824,1222.503,1221.618,1344.573,1233.947,6.799,0.057
27.08.2021 18:48:21,7.922,1223.297,1222.290,1344.787,1233.734,6.825,0.065
27.08.2021 18:48:22,8.015,1223.357,1222.351,1345.306,1232.757,6.918,0.065
27.08.2021 18:48:23,8.108,1223.663,1222.473,1346.435,1231.750,7.049,0.077
27.08.2021 18:48:24,8.206,1223.388,1223.205,1347.411,1231.902,7.097,0.011
27.08.2021 18:48:25,8.302,1224.365,1223.266,1348.449,1231.140,7.206,0.071
27.08.2021 18:48:26,8.395,1224.761,1223.693,1349.121,1230.712,7.273,0.069
27.08.2021 18:48:27,8.488,1225.219,1224.365,1350.372,1230.194,7.380,0.055
27.08.2021 18:48:28,8.586,1225.311,1223.632,1351.531,1229.156,7.515,0.108
27.08.2021 18:48:29,8.689,1225.189,1224.609,1351.989,1229.034,7.549,0.037
27.08.2021 18:48:30,8.784,1226.257,1224.487,1353.393,1228.698,7.653,0.114
27.08.2021 18:48:31,8.877,1225.891,1225.158,1354.461,1228.027,7.758,0.047
27.08.2021 18:48:32,8.970,1225.860,1225.890,1355.255,1226.989,7.871,-0.001
27.08.2021 18:48:33,9.066,1226.989,1225.067,1356.719,1226.531,7.986,0.124
27.08.2021 18:48:34,9.163,1226.562,1226.043,1357.879,1225.433,8.125,0.033
27.08.2021 18:48:35,9.264,1226.776,1225.921,1358.123,1225.402,8.141,0.055
27.08.2021 18:48:36,9.359,1227.813,1225.891,1359.802,1223.449,8.365,0.124
27.08.2021 18:48:37,9.455,1227.325,1226.745,1360.198,1222.564,8.445,0.037
27.08.2021 18:48:38,9.548,1228.485,1226.989,1361.328,1221.923,8.552,0.096
27.08.2021 18:48:39,9.641,1228.454,1227.050,1362.579,1220.458,8.719,0.090
27.08.2021 18:48:40,9.736,1229.248,1227.600,1363.494,1220.214,8.788,0.106
27.08.2021 18:48:41,9.829,1229.706,1227.935,1365.417,1218.872,8.986,0.114
27.08.2021 18:48:42,9.922,1229.400,1228.332,1366.241,1217.559,9.119,0.068
27.08.2021 18:48:43,10.018,1229.858,1228.393,1366.546,1216.613,9.198,0.094
27.08.2021 18:48:44,10.111,1230.712,1228.881,1368.164,1215.576,9.359,0.117
27.08.2021 18:48:45,10.204,1230.773,1228.790,1369.140,1214.080,9.512,0.127
27.08.2021 18:48:46,10.302,1231.201,1229.156,1370.361,1213.165,9.642,0.131
27.08.2021 18:48:47,10.395,1231.872,1229.370,1371.795,1212.371,9.776,0.161
27.08.2021 18:48:48,10.493,1231.414,1229.980,1372.406,1211.608,9.861,0.092
27.08.2021 18:48:49,10.586,1232.391,1229.736,1373.748,1209.900,10.050,0.170
27.08.2021 18:48:50,10.684,1232.391,1230.255,1374.755,1208.770,10.181,0.137
27.08.2021 18:48:51,10.782,1232.543,1230.865,1375.823,1207.214,10.344,0.107
27.08.2021 18:48:52,10.880,1232.879,1230.712,1376.831,1206.390,10.456,0.139
27.08.2021 18:48:53,10.973,1233.520,1231.598,1377.288,1205.688,10.528,0.123
27.08.2021 18:48:54,11.066,1233.123,1231.658,1378.173,1204.284,10.671,0.094
27.08.2021 18:48:55,11.161,1233.917,1231.689,1379.241,1203.369,10.792,0.143
27.08.2021 18:48:56,11.254,1234.588,1231.658,1379.913,1202.331,10.898,0.188
27.08.2021 18:48:57,11.354,1235.015,1232.513,1380.950,1201.263,11.027,0.160
27.08.2021 18:48:58,11.455,1234.558,1232.635,1381.622,1200.195,11.136,0.123
27.08.2021 18:48:59,11.548,1234.954,1233.184,1382.568,1199.920,11.208,0.113
27.08.2021 18:49:00,11.641,1235.412,1232.483,1382.568,1197.784,11.348,0.188
27.08.2021 18:49:01,11.734,1235.809,1233.062,1382.843,1197.265,11.398,0.176
27.08.2021 18:49:02,11.827,1235.931,1233.001,1384.155,1196.380,11.531,0.188
27.08.2021 18:49:03,11.920,1236.389,1233.459,1384.765,1195.739,11.608,0.187
27.08.2021 18:49:04,12.015,1237.182,1233.581,1385.375,1194.488,11.726,0.230
27.08.2021 18:49:05,12.111,1236.358,1234.130,1386.261,1193.634,11.832,0.142
27.08.2021 18:49:06,12.206,1237.121,1234.374,1386.596,1192.749,11.910,0.176
27.08.2021 18:49:07,12.302,1237.579,1234.252,1387.237,1191.925,12.001,0.213
27.08.2021 18:49:08,12.397,1237.518,1234.619,1388.397,1190.368,12.169,0.185
27.08.2021 18:49:09,12.495,1237.915,1234.802,1389.160,1189.605,12.263,0.199
27.08.2021 18:49:10,12.591,1237.945,1235.198,1389.160,1188.781,12.318,0.176
27.08.2021 18:49:11,12.686,1238.372,1235.290,1390.014,1187.530,12.449,0.197
27.08.2021 18:49:12,12.779,1238.372,1235.504,1391.021,1186.645,12.565,0.183
27.08.2021 18:49:13,12.872,1238.952,1235.595,1391.815,1185.333,12.697,0.214
27.08.2021 18:49:14,12.965,1238.922,1236.419,1392.364,1183.715,12.835,0.160
27.08.2021 18:49:15,13.066,1239.532,1236.755,1393.401,1183.654,12.898,0.177
27.08.2021 18:49:16,13.158,1239.471,1236.145,1394.134,1181.976,13.051,0.212
27.08.2021 18:49:17,13.256,1240.234,1237.060,1394.348,1181.182,13.116,0.203
27.08.2021 18:49:18,13.349,1240.325,1236.938,1395.385,1179.534,13.284,0.216
27.08.2021 18:49:19,13.442,1240.386,1237.091,1395.294,1178.131,13.373,0.210
27.08.2021 18:49:20,13.543,1240.112,1236.694,1396.514,1177.459,13.487,0.218
27.08.2021 18:49:21,13.636,1241.333,1237.121,1397.979,1176.239,13.651,0.269
27.08.2021 18:49:22,13.736,1241.210,1237.274,1398.223,1175.201,13.734,0.251
27.08.2021 18:49:23,13.829,1241.271,1237.975,1398.864,1174.499,13.817,0.210
27.08.2021 18:49:24,13.922,1241.241,1238.098,1399.688,1173.370,13.939,0.200
27.08.2021 18:49:25,14.015,1241.394,1237.975,1401.275,1171.936,14.124,0.218
27.08.2021 18:49:26,14.108,1241.912,1238.342,1401.702,1170.867,14.220,0.228
27.08.2021 18:49:27,14.206,1242.034,1239.044,1402.282,1170.226,14.295,0.191
27.08.2021 18:49:28,14.299,1241.851,1238.708,1403.442,1168.945,14.446,0.200
27.08.2021 18:49:29,14.395,1242.431,1238.677,1404.052,1167.633,14.569,0.239
27.08.2021 18:49:31,14.490,1242.218,1238.891,1404.876,1166.778,14.672,0.212
27.08.2021 18:49:32,14.588,1242.462,1239.166,1404.998,1164.825,14.811,0.210
27.08.2021 18:49:33,14.681,1242.218,1238.769,1406.097,1164.581,14.889,0.220
27.08.2021 18:49:34,14.777,1242.675,1239.257,1406.952,1162.689,15.064,0.218
27.08.2021 18:49:35,14.870,1242.889,1239.807,1407.501,1161.376,15.183,0.196
27.08.2021 18:49:36,14.962,1243.194,1239.349,1408.355,1159.851,15.334,0.245
27.08.2021 18:49:37,15.060,1243.133,1239.227,1409.515,1158.233,15.508,0.249
27.08.2021 18:49:38,15.153,1243.682,1240.142,1409.545,1156.860,15.603,0.225
27.08.2021 18:49:39,15.249,1243.652,1239.685,1410.186,1155.395,15.738,0.253
27.08.2021 18:49:40,15.342,1243.285,1239.746,1411.743,1153.778,15.935,0.225
27.08.2021 18:49:41,15.435,1243.865,1240.112,1412.750,1152.954,16.047,0.239
27.08.2021 18:49:42,15.530,1243.682,1240.295,1413.787,1151.092,16.231,0.216
27.08.2021 18:49:43,15.633,1243.835,1239.746,1414.428,1149.261,16.391,0.260
27.08.2021 18:49:44,15.729,1243.499,1239.440,1415.069,1147.949,16.516,0.259
27.08.2021 18:49:45,15.824,1244.171,1239.440,1416.412,1146.270,16.705,0.301
27.08.2021 18:49:46,15.925,1243.804,1239.563,1417.663,1144.287,16.910,0.270
27.08.2021 18:49:47,16.023,1243.957,1240.173,1417.816,1142.364,17.050,0.241
27.08.2021 18:49:48,16.121,1244.140,1239.258,1419.311,1140.197,17.282,0.311
27.08.2021 18:49:49,16.221,1243.865,1239.410,1419.860,1138.336,17.440,0.284
27.08.2021 18:49:50,16.317,1244.415,1240.478,1420.105,1136.749,17.562,0.251
27.08.2021 18:49:51,16.412,1244.171,1239.593,1421.875,1134.643,17.805,0.292
27.08.2021 18:49:52,16.510,1244.323,1239.471,1422.058,1133.239,17.912,0.309
27.08.2021 18:49:53,16.606,1244.079,1239.532,1423.065,1131.469,18.090,0.290
27.08.2021 18:49:54,16.701,1243.743,1239.807,1424.346,1129.669,18.284,0.251
27.08.2021 18:49:55,16.807,1244.659,1240.417,1424.224,1127.929,18.398,0.270
27.08.2021 18:49:56,16.900,1244.628,1239.990,1425.262,1126.556,18.550,0.295
27.08.2021 18:49:57,16.993,1244.018,1239.532,1425.872,1124.328,18.739,0.286
27.08.2021 18:49:58,17.101,1244.079,1239.532,1426.025,1122.802,18.853,0.290
27.08.2021 18:49:59,17.209,1244.445,1239.654,1426.910,1121.093,19.020,0.305
27.08.2021 18:50:00,17.302,1244.567,1239.715,1427.429,1119.415,19.166,0.309
27.08.2021 18:50:01,17.405,1243.621,1239.135,1427.612,1117.401,19.316,0.286
27.08.2021 18:50:02,17.500,1244.262,1239.044,1428.100,1116.058,19.437,0.333
27.08.2021 18:50:03,17.601,1243.652,1238.922,1428.344,1114.227,19.578,0.301
27.08.2021 18:50:04,17.696,1243.713,1238.677,1428.405,1112.487,19.704,0.321
27.08.2021 18:50:05,17.792,1243.987,1238.800,1428.222,1110.595,19.826,0.331
27.08.2021 18:50:06,17.887,1244.354,1238.952,1429.260,1108.520,20.029,0.344
27.08.2021 18:50:07,17.980,1244.079,1238.891,1428.863,1106.994,20.115,0.331
27.08.2021 18:50:08,18.073,1243.988,1238.494,1429.076,1105.377,20.240,0.350
27.08.2021 18:50:09,18.169,1243.469,1238.220,1430.114,1103.149,20.454,0.335
27.08.2021 18:50:10,18.264,1243.835,1238.098,1429.321,1101.806,20.506,0.366
27.08.2021 18:50:11,18.357,1243.407,1238.617,1430.114,1100.250,20.659,0.305
27.08.2021 18:50:12,18.450,1243.316,1238.006,1429.748,1097.625,20.825,0.339
27.08.2021 18:50:13,18.558,1243.408,1238.128,1429.992,1096.374,20.927,0.337
27.08.2021 18:50:14,18.653,1242.309,1237.670,1430.847,1093.963,21.145,0.296
27.08.2021 18:50:15,18.759,1242.736,1237.395,1430.236,1092.651,21.205,0.341
27.08.2021 18:50:16,18.867,1242.462,1237.304,1430.206,1091.766,21.267,0.329
27.08.2021 18:50:17,18.962,1242.401,1236.694,1430.419,1089.263,21.457,0.364
27.08.2021 18:50:18,19.058,1242.126,1236.694,1430.328,1087.219,21.598,0.347
27.08.2021 18:50:19,19.163,1242.095,1236.358,1430.664,1086.547,21.664,0.366
27.08.2021 18:50:20,19.261,1242.401,1236.267,1430.480,1083.679,21.860,0.392
27.08.2021 18:50:21,19.354,1241.241,1236.114,1430.450,1082.000,21.979,0.327
27.08.2021 18:50:22,19.447,1240.997,1235.351,1430.816,1080.139,22.132,0.361
27.08.2021 18:50:23,19.540,1241.546,1235.778,1431.213,1079.071,22.231,0.368
27.08.2021 18:50:24,19.633,1241.272,1235.320,1431.274,1077.484,22.348,0.380
27.08.2021 18:50:25,19.729,1240.966,1235.046,1431.579,1077.179,22.387,0.378
27.08.2021 18:50:26,19.829,1240.600,1235.015,1431.671,1074.707,22.570,0.357
27.08.2021 18:50:27,19.925,1240.387,1234.680,1432.342,1072.815,22.744,0.365
27.08.2021 18:50:28,20.018,1239.837,1233.428,1432.067,1071.289,22.839,0.410
27.08.2021 18:50:29,20.111,1239.044,1233.215,1431.823,1069.519,22.954,0.373
27.08.2021 18:50:30,20.206,1238.800,1232.666,1431.823,1067.718,23.085,0.393
27.08.2021 18:50:31,20.299,1239.318,1232.604,1432.800,1066.589,23.220,0.430
27.08.2021 18:50:32,20.392,1238.006,1232.726,1432.617,1064.941,23.330,0.338
27.08.2021 18:50:33,20.488,1238.555,1231.201,1432.556,1063.323,23.444,0.471
27.08.2021 18:50:34,20.583,1238.250,1231.536,1432.861,1061.584,23.588,0.430
27.08.2021 18:50:35,20.679,1237.518,1231.536,1432.159,1060.241,23.648,0.383
27.08.2021 18:50:36,20.777,1237.365,1231.414,1432.861,1058.318,23.826,0.382
27.08.2021 18:50:37,20.875,1237.274,1230.621,1432.739,1056.091,23.983,0.427
27.08.2021 18:50:38,20.970,1236.816,1230.224,1433.197,1054.779,24.104,0.423
27.08.2021 18:50:39,21.063,1236.511,1229.675,1433.013,1053.283,24.204,0.439
27.08.2021 18:50:40,21.163,1236.724,1229.309,1433.776,1051.269,24.393,0.476
27.08.2021 18:50:41,21.259,1235.534,1229.492,1432.983,1048.889,24.526,0.388
27.08.2021 18:50:42,21.352,1235.046,1229.064,1433.197,1047.576,24.634,0.384
27.08.2021 18:50:43,21.445,1235.015,1228.118,1433.288,1045.227,24.813,0.443
27.08.2021 18:50:44,21.540,1234.802,1227.935,1434.082,1044.128,24.937,0.441
27.08.2021 18:50:45,21.633,1234.008,1226.989,1433.929,1042.511,25.048,0.452
27.08.2021 18:50:46,21.729,1233.428,1226.867,1434.112,1040.832,25.182,0.422
27.08.2021 18:50:47,21.827,1232.848,1226.593,1434.387,1038.543,25.367,0.403
27.08.2021 18:50:48,21.920,1232.787,1226.165,1434.356,1037.048,25.477,0.426
27.08.2021 18:50:49,22.015,1232.910,1225.677,1434.845,1035.095,25.649,0.466
27.08.2021 18:50:50,22.111,1232.483,1225.555,1434.600,1034.362,25.690,0.446
27.08.2021 18:50:51,22.214,1231.781,1225.250,1434.814,1031.890,25.886,0.421
27.08.2021 18:50:52,22.307,1231.323,1224.365,1434.661,1029.479,26.058,0.449
27.08.2021 18:50:53,22.402,1231.170,1224.090,1435.302,1027.557,26.237,0.456
27.08.2021 18:50:54,22.508,1230.285,1223.480,1435.119,1026.733,26.289,0.439
27.08.2021 18:50:55,22.603,1230.041,1223.632,1435.668,1024.536,26.483,0.413
27.08.2021 18:50:56,22.711,1230.285,1223.175,1435.485,1022.857,26.600,0.459
27.08.2021 18:50:57,22.804,1229.736,1222.869,1435.699,1020.996,26.752,0.443
27.08.2021 18:50:58,22.900,1229.339,1222.473,1436.554,1019.256,26.929,0.443
27.08.2021 18:50:59,23.008,1228.881,1221.893,1435.668,1017.974,26.978,0.451
27.08.2021 18:51:00,23.106,1228.759,1221.496,1436.004,1015.777,27.162,0.469
27.08.2021 18:51:01,23.201,1228.668,1221.588,1435.851,1015.136,27.203,0.457
27.08.2021 18:51:02,23.297,1228.271,1220.703,1435.882,1013.244,27.348,0.489
27.08.2021 18:51:03,23.400,1227.874,1220.153,1436.187,1011.932,27.464,0.499
27.08.2021 18:51:04,23.498,1226.623,1220.062,1436.340,1010.589,27.574,0.424
27.08.2021 18:51:05,23.598,1226.623,1219.360,1435.668,1008.544,27.693,0.470
27.08.2021 18:51:06,23.691,1226.013,1218.689,1435.851,1006.683,27.845,0.474
27.08.2021 18:51:07,23.792,1224.975,1218.597,1435.577,1005.249,27.940,0.413
27.08.2021 18:51:08,23.897,1225.433,1217.712,1435.210,1003.845,28.028,0.500
27.08.2021 18:51:09,23.993,1224.243,1216.827,1434.936,1002.349,28.127,0.481
27.08.2021 18:51:10,24.098,1223.907,1216.705,1434.448,1000.945,28.209,0.467
27.08.2021 18:51:11,24.206,1224.365,1216.033,1433.410,998.718,28.324,0.541
27.08.2021 18:51:12,24.309,1223.114,1215.179,1433.227,997.406,28.415,0.515
27.08.2021 18:51:13,24.417,1221.893,1214.508,1432.617,996.429,28.458,0.480
27.08.2021 18:51:14,24.523,1221.679,1213.958,1432.342,994.079,28.624,0.502
27.08.2021 18:51:16,24.626,1221.405,1213.989,1431.793,992.706,28.701,0.482
27.08.2021 18:51:17,24.724,1221.038,1213.165,1431.182,992.187,28.708,0.512
27.08.2021 18:51:18,24.832,1220.153,1212.860,1430.938,990.203,28.848,0.475
27.08.2021 18:51:19,24.927,1220.184,1212.127,1430.480,988.494,28.956,0.524
27.08.2021 18:51:20,25.028,1219.726,1211.395,1429.107,987.335,28.972,0.543
27.08.2021 18:51:21,25.128,1219.604,1211.486,1429.290,985.534,29.122,0.529
27.08.2021 18:51:22,25.236,1218.322,1210.937,1428.649,983.825,29.221,0.481
27.08.2021 18:51:23,25.339,1218.017,1210.144,1428.772,982.666,29.317,0.513
27.08.2021 18:51:24,25.442,1217.224,1209.991,1428.222,981.170,29.404,0.472
27.08.2021 18:51:25,25.535,1217.559,1209.686,1428.161,980.499,29.454,0.514
27.08.2021 18:51:26,25.636,1215.881,1208.923,1426.940,978.729,29.526,0.454
27.08.2021 18:51:27,25.729,1215.850,1208.679,1427.185,977.813,29.611,0.468
27.08.2021 18:51:28,25.834,1215.576,1207.855,1426.910,976.898,29.668,0.504
27.08.2021 18:51:29,25.932,1214.599,1206.756,1426.757,976.043,29.727,0.513
27.08.2021 18:51:30,26.025,1213.745,1206.573,1426.116,974.670,29.800,0.469
27.08.2021 18:51:31,26.123,1214.630,1206.146,1426.544,974.395,29.844,0.555
27.08.2021 18:51:32,26.224,1213.439,1205.657,1425.537,972.534,29.937,0.509
27.08.2021 18:51:33,26.317,1212.432,1204.528,1425.994,971.313,30.057,0.518
27.08.2021 18:51:34,26.415,1212.707,1203.796,1425.872,969.818,30.168,0.584
27.08.2021 18:51:35,26.518,1211.883,1204.437,1425.781,969.451,30.192,0.488
27.08.2021 18:51:36,26.626,1211.456,1203.399,1425.720,967.559,30.338,0.528
27.08.2021 18:51:37,26.731,1210.754,1203.094,1426.116,966.400,30.451,0.502
27.08.2021 18:51:38,26.834,1210.540,1202.819,1425.842,965.759,30.487,0.507
27.08.2021 18:51:39,26.932,1210.083,1201.812,1425.842,963.958,30.629,0.543
27.08.2021 18:51:40,27.038,1209.655,1201.812,1425.811,963.043,30.700,0.515
27.08.2021 18:51:41,27.131,1209.686,1201.690,1426.391,961.761,30.833,0.525
27.08.2021 18:51:42,27.236,1208.465,1200.317,1426.483,960.174,30.963,0.536
27.08.2021 18:51:43,27.329,1207.702,1199.981,1425.872,958.709,31.047,0.508
27.08.2021 18:51:44,27.430,1207.946,1199.645,1426.544,958.374,31.110,0.546
27.08.2021 18:51:45,27.535,1207.183,1198.974,1426.360,956.817,31.224,0.540
27.08.2021 18:51:46,27.628,1206.909,1198.425,1426.666,955.535,31.342,0.558
27.08.2021 18:51:47,27.729,1206.176,1197.906,1426.483,954.467,31.417,0.545
27.08.2021 18:51:48,27.834,1205.596,1197.448,1427.154,953.063,31.565,0.537
27.08.2021 18:51:49,27.937,1205.200,1196.777,1426.605,951.599,31.653,0.555
27.08.2021 18:51:50,28.043,1204.803,1196.899,1426.696,950.103,31.777,0.521
27.08.2021 18:51:51,28.151,1203.613,1195.648,1426.025,948.577,31.864,0.526
27.08.2021 18:51:52,28.249,1203.796,1195.434,1426.422,947.387,31.980,0.552
27.08.2021 18:51:53,28.347,1203.186,1194.427,1426.269,945.892,32.092,0.578
27.08.2021 18:51:54,28.450,1202.453,1194.275,1426.910,945.037,32.195,0.540
27.08.2021 18:51:55,28.550,1202.758,1193.481,1426.239,943.145,32.312,0.613
27.08.2021 18:51:56,28.653,1202.117,1192.871,1425.476,942.291,32.340,0.611
27.08.2021 18:51:57,28.756,1201.385,1192.047,1425.689,940.887,32.464,0.618
27.08.2021 18:51:58,28.862,1200.958,1191.558,1426.269,939.453,32.611,0.622
27.08.2021 18:51:59,28.968,1200.012,1191.314,1425.140,937.744,32.689,0.576
27.08.2021 18:52:00,29.060,1199.829,1190.826,1425.445,936.920,32.772,0.596
27.08.2021 18:52:01,29.169,1198.822,1190.002,1426.086,935.791,32.898,0.585
27.08.2021 18:52:02,29.277,1198.486,1189.727,1424.712,934.082,32.963,0.581
27.08.2021 18:52:03,29.372,1198.364,1188.781,1424.285,932.434,33.074,0.636
27.08.2021 18:52:04,29.480,1197.296,1187.896,1424.560,931.579,33.158,0.624
27.08.2021 18:52:05,29.578,1196.502,1188.049,1424.194,930.725,33.208,0.561
27.08.2021 18:52:06,29.676,1195.800,1186.920,1423.217,929.565,33.251,0.590
27.08.2021 18:52:07,29.782,1195.159,1186.767,1423.339,928.222,33.367,0.558
27.08.2021 18:52:08,29.887,1194.793,1186.126,1422.546,927.032,33.422,0.576
27.08.2021 18:52:09,29.993,1193.847,1184.936,1421.600,926.513,33.414,0.593
27.08.2021 18:52:10,30.091,1192.871,1184.143,1420.989,924.469,33.549,0.581
27.08.2021 18:52:11,30.196,1192.260,1183.654,1419.769,923.034,33.601,0.574
27.08.2021 18:52:12,30.292,1191.986,1182.647,1418.853,921.630,33.667,0.623
27.08.2021 18:52:13,30.400,1191.040,1181.793,1418.029,920.379,33.726,0.617
27.08.2021 18:52:14,30.503,1190.429,1180.908,1417.419,919.158,33.794,0.636
27.08.2021 18:52:15,30.601,1189.849,1179.290,1416.961,917.663,33.893,0.706
27.08.2021 18:52:16,30.694,1188.476,1179.626,1414.672,916.076,33.901,0.592
27.08.2021 18:52:17,30.792,1188.629,1178.619,1414.245,915.100,33.959,0.670
27.08.2021 18:52:18,30.897,1187.011,1177.886,1413.360,913.482,34.046,0.611
27.08.2021 18:52:19,30.993,1187.011,1177.337,1412.048,912.628,34.046,0.648
27.08.2021 18:52:20,31.086,1186.248,1176.330,1411.437,911.407,34.115,0.665
27.08.2021 18:52:21,31.181,1185.485,1175.659,1410.247,910.034,34.165,0.659
27.08.2021 18:52:22,31.287,1184.997,1174.957,1409.210,908.721,34.218,0.674
27.08.2021 18:52:23,31.380,1183.960,1173.919,1408.966,907.409,34.314,0.674
27.08.2021 18:52:24,31.473,1182.922,1173.950,1407.317,906.066,34.338,0.603
27.08.2021 18:52:25,31.578,1182.250,1172.149,1406.738,904.876,34.406,0.679
27.08.2021 18:52:26,31.671,1181.457,1171.600,1405.364,903.259,34.467,0.663
27.08.2021 18:52:27,31.774,1180.908,1170.959,1405.364,902.313,34.546,0.670
27.08.2021 18:52:28,31.872,1179.443,1170.074,1404.632,901.306,34.591,0.631
27.08.2021 18:52:29,31.970,1178.955,1168.975,1403.503,899.932,34.646,0.673
27.08.2021 18:52:30,32.068,1178.222,1167.999,1402.984,899.108,34.687,0.690
27.08.2021 18:52:31,32.176,1177.124,1167.022,1402.130,897.735,34.756,0.682
27.08.2021 18:52:32,32.272,1176.635,1166.625,1401.428,897.430,34.744,0.676
27.08.2021 18:52:33,32.375,1176.055,1165.649,1400.512,895.721,34.839,0.704
27.08.2021 18:52:34,32.478,1175.048,1164.398,1400.360,894.531,34.931,0.721
27.08.2021 18:52:35,32.586,1173.766,1163.452,1398.773,893.280,34.951,0.699
27.08.2021 18:52:36,32.686,1173.034,1162.109,1397.766,892.181,34.989,0.741
27.08.2021 18:52:37,32.787,1171.630,1161.468,1397.369,890.899,35.076,0.690
27.08.2021 18:52:38,32.892,1170.867,1160.491,1396.514,890.228,35.087,0.705
27.08.2021 18:52:39,32.993,1169.830,1159.210,1395.782,888.519,35.192,0.722
27.08.2021 18:52:40,33.086,1169.158,1158.752,1394.287,886.810,35.256,0.708
27.08.2021 18:52:41,33.191,1168.121,1157.104,1393.737,885.894,35.304,0.750
27.08.2021 18:52:42,33.299,1166.748,1156.280,1393.310,884.674,35.385,0.714
27.08.2021 18:52:43,33.392,1165.924,1155.029,1391.815,883.178,35.432,0.743
27.08.2021 18:52:44,33.498,1165.222,1153.442,1391.204,881.805,35.516,0.805
27.08.2021 18:52:45,33.603,1163.879,1153.076,1390.167,879.730,35.637,0.738
27.08.2021 18:52:46,33.696,1163.665,1151.885,1389.587,878.540,35.707,0.806
27.08.2021 18:52:47,33.802,1161.376,1150.665,1388.733,877.166,35.779,0.734
27.08.2021 18:52:48,33.902,1160.461,1150.146,1387.207,875.518,35.838,0.707
27.08.2021 18:52:49,34.000,1159.240,1148.773,1386.840,873.779,35.967,0.718
27.08.2021 18:52:50,34.106,1159.088,1147.277,1385.925,871.887,36.080,0.811
27.08.2021 18:52:51,34.209,1157.409,1146.453,1384.368,869.903,36.167,0.753
27.08.2021 18:52:52,34.312,1156.311,1145.019,1384.094,868.743,36.252,0.777
27.08.2021 18:52:53,34.415,1155.578,1144.561,1382.995,866.790,36.362,0.759
27.08.2021 18:52:54,34.523,1153.991,1143.280,1382.080,865.203,36.450,0.738
27.08.2021 18:52:55,34.618,1153.106,1142.211,1381.347,863.861,36.526,0.752
27.08.2021 18:52:56,34.724,1151.702,1140.624,1380.401,862.335,36.608,0.765
27.08.2021 18:52:57,34.822,1150.543,1139.709,1379.455,860.473,36.718,0.749
27.08.2021 18:52:58,34.930,1149.688,1138.641,1378.722,859.222,36.788,0.765
27.08.2021 18:52:59,35.028,1148.376,1137.634,1377.807,857.513,36.887,0.744
27.08.2021 18:53:01,35.126,1147.155,1136.016,1376.220,855.438,36.982,0.773
27.08.2021 18:53:02,35.234,1145.355,1134.460,1375.762,853.668,37.112,0.757
27.08.2021 18:53:03,35.329,1145.080,1133.422,1374.023,852.355,37.133,0.810
27.08.2021 18:53:04,35.437,1143.768,1131.958,1372.680,851.013,37.178,0.822
27.08.2021 18:53:05,35.533,1141.754,1130.157,1371.276,849.395,37.244,0.808
27.08.2021 18:53:06,35.633,1141.052,1129.791,1369.873,847.717,37.315,0.785
27.08.2021 18:53:07,35.734,1139.556,1128.112,1368.591,845.947,37.401,0.799
27.08.2021 18:53:08,35.842,1137.969,1126.953,1367.675,844.116,37.513,0.770
27.08.2021 18:53:09,35.945,1136.810,1125.274,1365.600,842.620,37.532,0.808
27.08.2021 18:53:10,36.045,1135.314,1123.931,1364.105,840.850,37.608,0.798
27.08.2021 18:53:11,36.143,1134.063,1122.589,1362.762,839.538,37.651,0.805
27.08.2021 18:53:12,36.239,1133.026,1121.307,1361.175,837.554,37.741,0.823
27.08.2021 18:53:13,36.342,1131.134,1119.567,1360.565,835.967,37.849,0.814
27.08.2021 18:53:14,36.445,1129.943,1118.652,1357.757,834.228,37.850,0.795
27.08.2021 18:53:15,36.538,1128.600,1116.668,1355.713,832.305,37.910,0.842
27.08.2021 18:53:16,36.636,1127.685,1115.203,1354.553,830.841,37.978,0.881
27.08.2021 18:53:17,36.736,1125.976,1114.441,1352.813,828.918,38.055,0.815
27.08.2021 18:53:18,36.847,1124.572,1111.968,1351.013,827.362,38.096,0.893
27.08.2021 18:53:19,36.942,1122.985,1111.297,1349.304,825.317,38.186,0.829
27.08.2021 18:53:20,37.048,1121.795,1110.107,1348.052,823.638,38.268,0.829
27.08.2021 18:53:21,37.151,1120.452,1108.306,1345.947,822.021,38.298,0.863
27.08.2021 18:53:22,37.259,1118.835,1106.872,1344.390,820.587,38.342,0.851
27.08.2021 18:53:23,37.357,1116.912,1105.194,1342.712,818.908,38.402,0.835
27.08.2021 18:53:24,37.452,1116.088,1103.942,1341.308,816.986,38.499,0.867
27.08.2021 18:53:25,37.560,1114.837,1102.294,1339.508,815.429,38.541,0.896
27.08.2021 18:53:26,37.658,1113.372,1101.013,1338.134,813.507,38.641,0.884
27.08.2021 18:53:27,37.767,1112.060,1100.311,1336.730,811.828,38.716,0.841
27.08.2021 18:53:28,37.872,1110.748,1098.114,1334.442,810.516,38.709,0.906
27.08.2021 18:53:29,37.965,1108.947,1096.466,1333.465,808.685,38.823,0.896
27.08.2021 18:53:30,38.073,1107.910,1095.520,1331.787,807.434,38.845,0.891
27.08.2021 18:53:31,38.166,1107.543,1093.963,1330.932,806.060,38.924,0.977
27.08.2021 18:53:32,38.269,1105.377,1093.170,1329.193,804.260,38.993,0.879
27.08.2021 18:53:33,38.372,1103.759,1091.766,1328.125,803.436,39.009,0.865
27.08.2021 18:53:34,38.478,1102.691,1090.362,1326.721,801.239,39.134,0.890
27.08.2021 18:53:35,38.586,1101.379,1089.202,1325.530,799.835,39.198,0.880
27.08.2021 18:53:36,38.689,1099.853,1087.493,1324.188,798.522,39.245,0.895
27.08.2021 18:53:37,38.787,1098.632,1086.212,1323.059,796.752,39.347,0.900
27.08.2021 18:53:38,38.885,1096.527,1084.838,1321.624,795.501,39.383,0.849
27.08.2021 18:53:39,38.990,1095.428,1083.282,1320.037,794.067,39.428,0.883
27.08.2021 18:53:40,39.083,1094.024,1081.939,1318.969,791.931,39.568,0.880
27.08.2021 18:53:41,39.179,1092.864,1081.420,1317.596,790.649,39.611,0.834
27.08.2021 18:53:42,39.287,1092.041,1079.467,1316.558,788.940,39.713,0.917
27.08.2021 18:53:43,39.385,1090.057,1078.308,1315.734,787.475,39.804,0.858
27.08.2021 18:53:44,39.488,1089.324,1076.538,1314.086,785.644,39.884,0.935
27.08.2021 18:53:45,39.581,1087.646,1075.012,1312.805,784.118,39.956,0.925
27.08.2021 18:53:46,39.679,1086.303,1074.707,1312.011,782.531,40.061,0.850
27.08.2021 18:53:47,39.782,1084.747,1072.906,1310.577,781.036,40.122,0.869
27.08.2021 18:53:48,39.880,1082.885,1071.319,1309.417,779.388,40.213,0.850
27.08.2021 18:53:49,39.985,1081.909,1069.824,1308.044,777.252,40.339,0.890
27.08.2021 18:53:50,40.088,1080.841,1067.596,1306.793,774.871,40.495,0.976
27.08.2021 18:53:51,40.181,1079.192,1066.894,1305.633,773.315,40.578,0.908
27.08.2021 18:53:52,40.289,1077.453,1064.544,1303.924,771.636,40.642,0.955
27.08.2021 18:53:53,40.387,1076.354,1063.171,1303.527,769.287,40.845,0.976
27.08.2021 18:53:54,40.485,1075.195,1062.255,1302.429,767.639,40.942,0.959
27.08.2021 18:53:55,40.578,1073.272,1061.004,1301.574,766.265,41.025,0.910
27.08.2021 18:53:56,40.671,1072.509,1059.875,1300.811,764.617,41.141,0.938
27.08.2021 18:53:57,40.764,1071.044,1057.800,1299.438,763.092,41.211,0.985
27.08.2021 18:53:58,40.864,1069.335,1056.427,1298.370,761.077,41.345,0.962
27.08.2021 18:53:59,40.957,1067.779,1054.809,1296.570,759.521,41.394,0.968
27.08.2021 18:54:00,41.058,1066.528,1054.077,1296.020,757.965,41.514,0.930
27.08.2021 18:54:01,41.153,1064.910,1052.276,1294.616,756.011,41.624,0.945
27.08.2021 18:54:02,41.256,1063.323,1050.170,1292.877,754.180,41.704,0.986
27.08.2021 18:54:03,41.349,1061.920,1048.767,1291.992,752.532,41.815,0.987
27.08.2021 18:54:04,41.457,1060.272,1047.210,1290.405,750.366,41.937,0.982
27.08.2021 18:54:05,41.560,1058.044,1045.531,1289.031,748.840,42.008,0.942
27.08.2021 18:54:06,41.669,1056.915,1043.975,1287.597,746.887,42.119,0.976
27.08.2021 18:54:07,41.767,1055.358,1042.480,1286.285,745.605,42.170,0.972
27.08.2021 18:54:08,41.859,1053.741,1041.015,1284.454,743.469,42.277,0.962
27.08.2021 18:54:09,41.968,1052.581,1039.123,1283.355,742.126,42.347,1.019
27.08.2021 18:54:10,42.071,1050.903,1037.933,1281.341,740.112,42.431,0.984
27.08.2021 18:54:11,42.179,1048.919,1035.552,1279.815,738.250,42.529,1.016
27.08.2021 18:54:12,42.272,1047.942,1034.515,1278.503,736.297,42.648,1.021
27.08.2021 18:54:13,42.380,1045.959,1033.142,1276.794,735.107,42.668,0.976
27.08.2021 18:54:14,42.475,1044.921,1031.463,1275.299,732.696,42.824,1.027
27.08.2021 18:54:15,42.568,1043.273,1029.327,1273.193,731.384,42.834,1.066
27.08.2021 18:54:16,42.661,1041.839,1028.503,1271.850,730.133,42.882,1.020
27.08.2021 18:54:17,42.754,1040.588,1027.435,1270.111,729.095,42.886,1.007
27.08.2021 18:54:18,42.857,1039.062,1025.421,1268.554,726.837,43.024,1.047
27.08.2021 18:54:19,42.962,1036.865,1024.169,1266.784,725.341,43.073,0.976
27.08.2021 18:54:20,43.068,1035.705,1022.338,1265.930,723.602,43.199,1.029
27.08.2021 18:54:21,43.161,1033.935,1020.721,1264.251,722.290,43.235,1.019
27.08.2021 18:54:22,43.259,1032.501,1019.561,1262.420,721.313,43.228,0.999
27.08.2021 18:54:23,43.352,1030.456,1017.242,1260.467,719.482,43.301,1.022
27.08.2021 18:54:24,43.445,1029.327,1016.479,1258.819,717.803,43.376,0.995
27.08.2021 18:54:25,43.538,1027.771,1014.404,1256.561,716.796,43.347,1.037
27.08.2021 18:54:26,43.646,1026.000,1013.183,1255.554,715.454,43.426,0.996
27.08.2021 18:54:27,43.739,1024.749,1011.230,1254.089,713.806,43.510,1.052
27.08.2021 18:54:28,43.839,1023.986,1009.857,1252.990,712.677,43.561,1.100
27.08.2021 18:54:29,43.932,1021.453,1008.270,1251.373,710.845,43.655,1.029
27.08.2021 18:54:30,44.038,1019.805,1006.591,1249.481,709.442,43.689,1.033
27.08.2021 18:54:31,44.146,1018.646,1005.187,1247.466,708.221,43.697,1.053
27.08.2021 18:54:32,44.244,1016.815,1002.899,1245.391,706.451,43.758,1.091
27.08.2021 18:54:33,44.352,1015.655,1001.709,1244.903,705.291,43.850,1.095
27.08.2021 18:54:34,44.455,1014.038,999.664,1243.164,703.704,43.912,1.131
27.08.2021 18:54:35,44.560,1011.413,998.168,1241.027,702.087,43.955,1.044
27.08.2021 18:54:36,44.666,1010.467,996.582,1239.379,700.561,44.017,1.096
27.08.2021 18:54:37,44.767,1008.026,994.354,1236.785,699.005,44.026,1.082
27.08.2021 18:54:38,44.872,1006.683,992.675,1235.809,697.784,44.096,1.110
27.08.2021 18:54:39,44.965,1004.394,990.905,1233.856,696.105,44.157,1.071
27.08.2021 18:54:40,45.063,1003.082,989.868,1232.299,695.831,44.093,1.050
27.08.2021 18:54:41,45.156,1001.037,987.732,1230.346,693.389,44.234,1.060
27.08.2021 18:54:42,45.261,999.389,985.992,1228.820,692.535,44.234,1.069
27.08.2021 18:54:43,45.367,997.466,983.734,1227.172,691.223,44.274,1.098
27.08.2021 18:54:44,45.475,995.696,981.964,1225.128,690.185,44.262,1.100
27.08.2021 18:54:46,45.578,993.957,980.407,1222.839,688.232,44.333,1.087
27.08.2021 18:54:47,45.679,992.004,978.057,1221.343,686.462,44.431,1.121
27.08.2021 18:54:48,45.787,989.196,975.799,1219.238,684.936,44.468,1.080
27.08.2021 18:54:49,45.895,987.487,973.724,1217.132,683.563,44.488,1.112
27.08.2021 18:54:50,45.993,985.351,971.618,1214.599,681.610,44.545,1.112
27.08.2021 18:54:51,46.098,983.734,969.299,1213.104,680.236,44.602,1.171
27.08.2021 18:54:52,46.206,980.987,967.315,1210.327,678.131,44.661,1.112
27.08.2021 18:54:53,46.314,979.003,965.057,1209.014,676.727,44.733,1.136
27.08.2021 18:54:54,46.412,977.417,963.104,1206.787,675.445,44.737,1.168
27.08.2021 18:54:55,46.508,975.219,961.242,1204.254,673.278,44.818,1.143
27.08.2021 18:54:56,46.606,973.602,959.411,1203.277,671.844,44.914,1.163
27.08.2021 18:54:57,46.701,971.923,957.702,1200.714,670.410,44.915,1.167
27.08.2021 18:54:58,46.797,969.116,955.017,1198.272,668.487,44.976,1.161
27.08.2021 18:54:59,46.905,967.559,952.606,1197.174,666.931,45.079,1.234
27.08.2021 18:55:00,47.010,965.240,950.805,1194.244,665.252,45.084,1.193
27.08.2021 18:55:01,47.113,963.104,947.875,1191.986,663.635,45.123,1.262
27.08.2021 18:55:02,47.211,960.571,946.929,1190.551,662.200,45.193,1.133
27.08.2021 18:55:03,47.312,958.923,944.213,1187.682,660.766,45.175,1.224
27.08.2021 18:55:04,47.412,956.817,942.474,1185.455,658.935,45.241,1.196
27.08.2021 18:55:05,47.513,954.437,939.971,1183.105,657.501,45.255,1.210
27.08.2021 18:55:06,47.606,952.911,937.957,1181.335,656.372,45.271,1.253
27.08.2021 18:55:07,47.701,950.500,936.706,1178.405,654.998,45.243,1.158
27.08.2021 18:55:08,47.794,948.730,934.204,1177.123,653.961,45.279,1.222
27.08.2021 18:55:09,47.900,945.983,932.220,1174.804,652.465,45.302,1.161
27.08.2021 18:55:10,48.008,944.244,930.328,1172.515,651.214,45.300,1.176
27.08.2021 18:55:11,48.111,942.504,928.131,1170.562,649.475,45.373,1.217
27.08.2021 18:55:12,48.209,940.216,926.330,1168.579,648.376,45.373,1.178
27.08.2021 18:55:13,48.309,938.171,923.950,1166.168,647.094,45.366,1.210
27.08.2021 18:55:14,48.407,935.577,922.180,1163.635,645.751,45.359,1.142
27.08.2021 18:55:15,48.515,933.563,919.952,1160.949,644.104,45.377,1.163
27.08.2021 18:55:16,48.616,932.037,917.785,1159.301,643.096,45.388,1.220
27.08.2021 18:55:17,48.716,929.870,915.832,1156.341,641.815,45.347,1.205
27.08.2021 18:55:18,48.822,928.253,914.245,1154.510,640.533,45.377,1.204
27.08.2021 18:55:19,48.920,925.781,912.170,1152.252,639.129,45.394,1.173
27.08.2021 18:55:20,49.015,923.706,909.790,1149.078,637.817,45.343,1.202
27.08.2021 18:55:21,49.111,921.905,908.386,1147.277,636.016,45.434,1.170
27.08.2021 18:55:22,49.219,919.372,905.883,1144.836,634.643,45.437,1.171
27.08.2021 18:55:23,49.324,918.395,903.961,1143.249,633.453,45.472,1.255
27.08.2021 18:55:24,49.430,915.466,902.618,1140.014,632.843,45.336,1.119
27.08.2021 18:55:25,49.538,913.818,899.383,1137.573,631.042,45.388,1.261
27.08.2021 18:55:26,49.646,912.109,897.857,1135.436,629.669,45.409,1.247
27.08.2021 18:55:27,49.751,909.362,895.416,1132.324,628.570,45.337,1.224
27.08.2021 18:55:28,49.844,907.104,893.524,1130.248,627.014,45.384,1.195
27.08.2021 18:55:29,49.940,905.425,891.967,1128.143,626.190,45.344,1.186
27.08.2021 18:55:30,50.038,903.106,890.075,1126.190,624.633,45.399,1.151
27.08.2021 18:55:31,50.146,900.878,887.786,1123.748,623.382,45.387,1.159
27.08.2021 18:55:32,50.241,899.505,885.742,1120.971,622.131,45.353,1.221
27.08.2021 18:55:33,50.342,896.850,883.453,1119.415,620.727,45.416,1.192
27.08.2021 18:55:34,50.450,894.958,881.286,1116.638,619.873,45.336,1.219
27.08.2021 18:55:35,50.545,893.219,879.333,1114.196,617.919,45.406,1.241
27.08.2021 18:55:36,50.653,890.564,877.441,1111.114,615.936,45.438,1.176
27.08.2021 18:55:37,50.759,888.397,874.816,1108.856,615.051,45.395,1.220
27.08.2021 18:55:38,50.862,886.749,872.955,1106.384,613.800,45.381,1.242
27.08.2021 18:55:39,50.957,884.612,870.605,1103.820,612.243,45.397,1.264
27.08.2021 18:55:40,51.063,882.720,869.171,1101.684,610.809,45.426,1.225
27.08.2021 18:55:41,51.169,880.157,866.668,1098.907,609.527,45.396,1.223
27.08.2021 18:55:42,51.277,878.387,864.685,1096.282,608.276,45.371,1.245
27.08.2021 18:55:43,51.382,876.129,863.189,1094.390,606.628,45.443,1.178
27.08.2021 18:55:44,51.488,873.565,860.748,1091.735,604.919,45.471,1.171
27.08.2021 18:55:45,51.586,871.368,858.428,1088.745,603.454,45.448,1.185
27.08.2021 18:55:46,51.681,869.567,856.597,1086.151,602.416,45.400,1.190
27.08.2021 18:55:47,51.789,867.340,854.461,1084.442,600.982,45.459,1.185
27.08.2021 18:55:48,51.895,865.417,852.539,1081.817,599.670,45.441,1.188
27.08.2021 18:55:49,52.000,862.915,850.067,1078.826,597.839,45.462,1.188
27.08.2021 18:55:50,52.106,860.382,847.900,1076.232,596.221,45.484,1.157
27.08.2021 18:55:51,52.214,858.886,845.458,1073.028,594.879,45.432,1.248
27.08.2021 18:55:52,52.312,856.506,843.048,1070.892,593.353,45.473,1.254
27.08.2021 18:55:53,52.417,854.125,841.430,1068.084,591.583,45.500,1.186
27.08.2021 18:55:54,52.518,852.447,839.080,1065.551,589.843,45.541,1.252
27.08.2021 18:55:55,52.611,850.677,837.860,1063.110,588.134,45.585,1.202
27.08.2021 18:55:56,52.714,848.815,835.907,1060.760,587.158,45.545,1.214
27.08.2021 18:55:57,52.817,846.527,833.953,1058.258,585.205,45.616,1.185
27.08.2021 18:55:58,52.925,844.299,831.970,1055.847,583.862,45.617,1.165
27.08.2021 18:55:59,53.028,843.109,829.711,1052.612,581.634,45.672,1.269
27.08.2021 18:56:00,53.133,840.576,827.911,1050.659,580.322,45.701,1.202
27.08.2021 18:56:01,53.231,838.897,825.805,1048.522,578.643,45.764,1.246
27.08.2021 18:56:02,53.334,836.883,824.310,1046.142,576.812,45.829,1.199
27.08.2021 18:56:03,53.435,834.808,822.143,1043.853,575.408,45.847,1.211
27.08.2021 18:56:04,53.543,833.038,819.824,1040.771,573.730,45.844,1.266
27.08.2021 18:56:05,53.641,831.237,818.328,1039.062,573.089,45.806,1.240
27.08.2021 18:56:06,53.749,829.406,816.070,1036.346,570.861,45.899,1.284
27.08.2021 18:56:07,53.849,827.178,814.514,1033.508,568.939,45.944,1.222
27.08.2021 18:56:08,53.945,824.707,811.737,1030.548,567.504,45.919,1.256
27.08.2021 18:56:09,54.043,823.547,810.363,1028.869,566.467,45.934,1.278
27.08.2021 18:56:10,54.141,821.502,808.502,1026.519,565.002,45.956,1.263
27.08.2021 18:56:11,54.234,820.037,806.945,1024.017,563.629,45.955,1.275
27.08.2021 18:56:12,54.329,817.840,805.236,1022.064,562.072,46.017,1.230
27.08.2021 18:56:13,54.427,816.619,803.619,1020.080,560.394,46.094,1.271
27.08.2021 18:56:14,54.528,814.849,801.696,1017.273,558.929,46.083,1.289
27.08.2021 18:56:15,54.621,812.988,800.384,1015.228,557.373,46.140,1.238
27.08.2021 18:56:16,54.716,811.065,798.156,1012.664,556.030,46.131,1.271
27.08.2021 18:56:17,54.817,809.020,796.752,1010.375,554.870,46.119,1.210
27.08.2021 18:56:18,54.910,806.823,794.494,1007.293,552.886,46.157,1.220
27.08.2021 18:56:19,55.010,805.511,793.304,1005.645,551.361,46.238,1.209
27.08.2021 18:56:20,55.103,803.710,790.802,1002.685,550.506,46.137,1.283
27.08.2021 18:56:21,55.199,801.544,789.154,1001.220,549.011,46.228,1.234
27.08.2021 18:56:22,55.294,799.987,787.322,998.107,547.729,46.172,1.264
27.08.2021 18:56:23,55.390,798.553,785.675,996.307,546.173,46.248,1.288
27.08.2021 18:56:24,55.495,796.081,783.264,992.828,544.128,46.266,1.286
27.08.2021 18:56:25,55.603,794.372,781.616,990.875,543.151,46.253,1.282
27.08.2021 18:56:26,55.696,792.205,779.541,988.098,541.412,46.282,1.276
27.08.2021 18:56:27,55.789,790.374,777.282,984.771,539.520,46.292,1.323
27.08.2021 18:56:28,55.890,788.726,775.756,982.666,537.597,46.395,1.313
27.08.2021 18:56:29,55.985,786.987,773.864,979.705,535.980,46.395,1.332
27.08.2021 18:56:31,56.091,784.881,771.759,977.416,534.362,46.444,1.335
27.08.2021 18:56:32,56.186,783.111,770.111,974.365,532.714,46.442,1.326
27.08.2021 18:56:33,56.279,781.463,768.157,972.259,531.433,46.460,1.360
27.08.2021 18:56:34,56.372,779.479,766.540,969.635,529.693,46.501,1.326
27.08.2021 18:56:35,56.468,777.648,764.801,967.559,527.923,46.588,1.320
27.08.2021 18:56:36,56.571,775.512,762.786,964.477,526.458,46.559,1.311
27.08.2021 18:56:37,56.669,773.620,760.314,961.547,524.871,46.557,1.374
27.08.2021 18:56:38,56.772,771.636,758.666,958.801,522.857,46.628,1.343
27.08.2021 18:56:39,56.867,769.104,756.317,955.688,520.874,46.668,1.328
27.08.2021 18:56:40,56.968,767.456,754.486,953.582,518.951,46.776,1.350
27.08.2021 18:56:41,57.060,765.563,753.082,950.530,517.486,46.748,1.302
27.08.2021 18:56:42,57.158,763.824,750.640,948.181,515.747,46.813,1.379
27.08.2021 18:56:43,57.251,761.474,748.840,945.190,513.977,46.833,1.325
27.08.2021 18:56:44,57.344,759.857,746.826,942.077,511.962,46.879,1.370
27.08.2021 18:56:45,57.447,757.995,745.056,938.659,510.345,46.845,1.364
27.08.2021 18:56:46,57.540,756.317,743.011,937.103,508.666,46.963,1.406
27.08.2021 18:56:47,57.633,753.936,741.394,934.020,507.080,46.950,1.329
27.08.2021 18:56:48,57.729,751.800,739.318,931.335,505.737,46.934,1.326
27.08.2021 18:56:49,57.829,749.908,737.182,928.192,503.662,46.987,1.356
27.08.2021 18:56:50,57.927,748.138,735.717,925.750,502.227,47.003,1.326
27.08.2021 18:56:51,58.028,746.459,733.581,922.821,500.854,46.971,1.378
27.08.2021 18:56:52,58.133,744.628,731.842,919.952,498.870,47.033,1.372
27.08.2021 18:56:53,58.229,742.095,729.217,916.687,496.917,47.060,1.387
27.08.2021 18:56:54,58.322,740.509,727.783,914.001,495.544,47.048,1.373
27.08.2021 18:56:55,58.415,739.013,725.585,911.437,493.804,47.099,1.452
27.08.2021 18:56:56,58.508,736.816,724.487,908.843,492.156,47.134,1.337
27.08.2021 18:56:57,58.603,735.382,722.106,905.792,490.783,47.093,1.443
27.08.2021 18:56:58,58.704,732.666,720.031,902.404,488.677,47.133,1.378
27.08.2021 18:56:59,58.804,731.231,718.383,900.085,486.999,47.196,1.404
27.08.2021 18:57:00,58.902,729.339,716.247,896.514,485.168,47.181,1.435
27.08.2021 18:57:01,58.995,726.837,714.050,893.981,483.947,47.158,1.406
27.08.2021 18:57:02,59.093,725.341,712.219,891.296,481.750,47.270,1.446
27.08.2021 18:57:03,59.191,722.808,710.357,887.878,479.705,47.299,1.376
27.08.2021 18:57:04,59.284,721.435,708.312,885.009,478.607,47.231,1.454
27.08.2021 18:57:05,59.377,719.482,706.665,882.385,477.111,47.243,1.424
27.08.2021 18:57:06,59.470,717.529,704.467,879.364,475.006,47.315,1.455
27.08.2021 18:57:08,0.005,1198.760,1200.164,1274.383,1271.179,0.199,-0.092
