# Sensor: ADPD2140, Rotationstage: ELL18M
Datetime,Stage Angle,xL,xR,yL,yR,X,Y
27.08.2021 19:42:53,0.004,1212.493,1211.090,1281.066,1277.587,0.215,0.091
27.08.2021 19:42:55,-0.091,1210.510,1211.639,1280.609,1277.496,0.192,-0.073
27.08.2021 19:42:56,-0.184,1210.113,1212.402,1280.731,1277.740,0.185,-0.149
27.08.2021 19:42:57,-0.285,1209.045,1212.341,1279.876,1277.404,0.153,-0.215
27.08.2021 19:42:58,-0.380,1207.610,1212.829,1280.761,1277.221,0.219,-0.341
27.08.2021 19:42:59,-0.473,1207.244,1213.348,1279.907,1277.191,0.168,-0.399
27.08.2021 19:43:00,-0.569,1206.329,1214.111,1280.761,1277.191,0.221,-0.509
27.08.2021 19:43:01,-0.662,1206.024,1214.721,1280.547,1276.764,0.234,-0.569
27.08.2021 19:43:02,-0.755,1204.956,1215.331,1280.090,1277.191,0.179,-0.679
27.08.2021 19:43:03,-0.850,1204.955,1215.728,1280.578,1277.069,0.217,-0.705
27.08.2021 19:43:04,-0.943,1203.887,1216.583,1280.639,1277.282,0.207,-0.831
27.08.2021 19:43:05,-1.036,1203.277,1217.071,1280.700,1277.923,0.172,-0.903
27.08.2021 19:43:06,-1.129,1202.819,1217.681,1280.487,1277.557,0.181,-0.973
27.08.2021 19:43:07,-1.222,1202.209,1218.322,1280.609,1277.252,0.207,-1.054
27.08.2021 19:43:08,-1.315,1201.232,1218.750,1281.066,1277.740,0.206,-1.147
27.08.2021 19:43:09,-1.408,1200.561,1219.726,1281.127,1277.649,0.215,-1.254
27.08.2021 19:43:10,-1.501,1200.347,1220.764,1281.585,1278.594,0.185,-1.336
27.08.2021 19:43:11,-1.594,1199.340,1220.398,1281.585,1277.801,0.234,-1.379
27.08.2021 19:43:12,-1.687,1199.157,1221.435,1281.524,1278.503,0.187,-1.458
27.08.2021 19:43:13,-1.780,1198.791,1222.229,1281.799,1278.625,0.196,-1.534
27.08.2021 19:43:14,-1.873,1198.791,1222.381,1282.317,1278.503,0.236,-1.544
27.08.2021 19:43:15,-1.966,1198.028,1223.083,1282.226,1278.625,0.222,-1.640
27.08.2021 19:43:16,-2.059,1197.387,1223.663,1281.951,1279.113,0.175,-1.719
27.08.2021 19:43:17,-2.152,1197.387,1223.968,1282.195,1279.327,0.177,-1.739
27.08.2021 19:43:18,-2.245,1196.655,1224.884,1283.111,1279.327,0.234,-1.847
27.08.2021 19:43:19,-2.338,1196.075,1225.006,1282.806,1279.449,0.207,-1.893
27.08.2021 19:43:20,-2.431,1195.770,1225.372,1282.684,1279.266,0.211,-1.937
27.08.2021 19:43:21,-2.524,1195.312,1226.623,1282.928,1279.662,0.201,-2.048
27.08.2021 19:43:22,-2.617,1195.068,1226.135,1283.020,1279.907,0.192,-2.033
27.08.2021 19:43:23,-2.710,1194.030,1227.355,1283.477,1279.907,0.220,-2.181
27.08.2021 19:43:24,-2.802,1193.572,1228.118,1283.935,1280.609,0.205,-2.260
27.08.2021 19:43:25,-2.898,1193.420,1228.240,1284.698,1281.067,0.224,-2.278
27.08.2021 19:43:26,-2.993,1192.657,1228.942,1284.607,1280.609,0.246,-2.374
27.08.2021 19:43:27,-3.086,1192.108,1229.553,1284.729,1281.036,0.228,-2.450
27.08.2021 19:43:28,-3.179,1192.199,1229.705,1284.973,1281.311,0.226,-2.454
27.08.2021 19:43:29,-3.275,1191.833,1230.926,1285.095,1281.707,0.209,-2.557
27.08.2021 19:43:30,-3.373,1191.040,1231.903,1285.156,1282.165,0.184,-2.672
27.08.2021 19:43:31,-3.466,1191.406,1231.292,1285.369,1282.196,0.195,-2.609
27.08.2021 19:43:32,-3.559,1190.856,1232.727,1285.614,1282.165,0.212,-2.737
27.08.2021 19:43:33,-3.652,1190.460,1233.245,1285.827,1282.531,0.203,-2.797
27.08.2021 19:43:34,-3.745,1190.124,1233.825,1286.315,1282.806,0.216,-2.857
27.08.2021 19:43:35,-3.838,1190.429,1234.924,1286.316,1283.020,0.203,-2.907
27.08.2021 19:43:36,-3.931,1189.849,1235.290,1286.010,1283.599,0.148,-2.969
27.08.2021 19:43:37,-4.029,1189.392,1236.267,1286.773,1283.050,0.229,-3.062
27.08.2021 19:43:38,-4.122,1189.208,1237.152,1287.475,1283.813,0.225,-3.131
27.08.2021 19:43:39,-4.215,1189.483,1238.891,1287.597,1284.606,0.184,-3.224
27.08.2021 19:43:40,-4.308,1189.178,1239.288,1287.811,1284.576,0.199,-3.270
27.08.2021 19:43:41,-4.400,1188.629,1240.081,1288.147,1284.698,0.212,-3.357
27.08.2021 19:43:42,-4.493,1188.110,1240.447,1288.208,1285.339,0.176,-3.415
27.08.2021 19:43:43,-4.594,1187.652,1242.584,1289.031,1285.522,0.216,-3.582
27.08.2021 19:43:44,-4.694,1187.286,1242.920,1289.337,1285.705,0.223,-3.627
27.08.2021 19:43:45,-4.787,1186.828,1243.164,1289.428,1285.980,0.212,-3.674
27.08.2021 19:43:46,-4.880,1185.485,1244.506,1289.825,1286.407,0.210,-3.849
27.08.2021 19:43:47,-4.973,1185.699,1245.483,1289.764,1286.926,0.174,-3.897
27.08.2021 19:43:48,-5.066,1185.333,1246.734,1290.435,1287.261,0.195,-4.001
27.08.2021 19:43:49,-5.159,1185.089,1247.680,1290.679,1287.384,0.202,-4.077
27.08.2021 19:43:50,-5.252,1184.326,1248.168,1291.442,1287.597,0.236,-4.159
27.08.2021 19:43:51,-5.345,1183.410,1249.237,1291.473,1288.146,0.204,-4.288
27.08.2021 19:43:52,-5.438,1183.471,1250.396,1291.504,1288.513,0.183,-4.357
27.08.2021 19:43:53,-5.531,1182.800,1251.434,1292.205,1289.001,0.196,-4.468
27.08.2021 19:43:54,-5.624,1181.793,1252.014,1292.327,1288.696,0.222,-4.572
27.08.2021 19:43:55,-5.720,1181.365,1253.784,1292.785,1289.947,0.174,-4.712
27.08.2021 19:43:56,-5.813,1180.969,1253.875,1293.151,1290.405,0.168,-4.745
27.08.2021 19:43:57,-5.906,1179.718,1255.096,1293.670,1289.550,0.252,-4.906
27.08.2021 19:43:58,-5.998,1178.924,1256.469,1294.006,1290.985,0.185,-5.046
27.08.2021 19:43:59,-6.091,1178.253,1256.591,1294.891,1290.710,0.256,-5.098
27.08.2021 19:44:00,-6.184,1177.673,1257.965,1294.952,1291.320,0.222,-5.224
27.08.2021 19:44:01,-6.277,1177.185,1259.704,1295.257,1292.022,0.198,-5.366
27.08.2021 19:44:02,-6.375,1176.361,1259.857,1296.264,1292.358,0.239,-5.431
27.08.2021 19:44:03,-6.468,1175.781,1260.742,1296.081,1292.327,0.229,-5.526
27.08.2021 19:44:04,-6.561,1175.170,1261.535,1296.295,1293.029,0.199,-5.616
27.08.2021 19:44:05,-6.654,1174.164,1262.359,1297.210,1293.823,0.207,-5.736
27.08.2021 19:44:06,-6.747,1173.706,1263.671,1297.302,1294.494,0.171,-5.849
27.08.2021 19:44:07,-6.840,1173.431,1264.160,1298.248,1294.433,0.233,-5.898
27.08.2021 19:44:08,-6.933,1173.309,1264.984,1298.492,1295.379,0.190,-5.958
27.08.2021 19:44:09,-7.029,1171.813,1265.808,1298.400,1295.501,0.177,-6.110
27.08.2021 19:44:10,-7.127,1171.722,1266.479,1299.682,1295.684,0.244,-6.159
27.08.2021 19:44:11,-7.220,1171.142,1267.516,1299.316,1296.142,0.193,-6.262
27.08.2021 19:44:12,-7.313,1170.623,1268.341,1299.896,1296.875,0.184,-6.349
27.08.2021 19:44:13,-7.406,1170.806,1268.646,1299.927,1296.569,0.204,-6.356
27.08.2021 19:44:14,-7.498,1169.494,1269.866,1300.750,1296.905,0.234,-6.520
27.08.2021 19:44:15,-7.591,1169.281,1270.782,1301.300,1298.279,0.184,-6.592
27.08.2021 19:44:16,-7.687,1169.189,1271.148,1302.337,1298.278,0.247,-6.621
27.08.2021 19:44:17,-7.780,1168.182,1272.399,1302.673,1298.583,0.249,-6.767
27.08.2021 19:44:18,-7.873,1167.694,1273.284,1302.856,1299.041,0.232,-6.855
27.08.2021 19:44:19,-7.966,1167.297,1273.803,1303.192,1299.957,0.196,-6.914
27.08.2021 19:44:20,-8.061,1166.198,1274.566,1303.558,1300.353,0.195,-7.036
27.08.2021 19:44:21,-8.154,1166.290,1275.146,1304.534,1300.842,0.224,-7.066
27.08.2021 19:44:22,-8.247,1165.740,1275.390,1304.809,1301.025,0.230,-7.118
27.08.2021 19:44:23,-8.343,1164.886,1276.824,1304.779,1301.971,0.170,-7.265
27.08.2021 19:44:24,-8.436,1164.764,1276.946,1305.297,1302.368,0.178,-7.281
27.08.2021 19:44:25,-8.529,1164.215,1277.557,1306.152,1302.368,0.229,-7.356
27.08.2021 19:44:26,-8.622,1163.848,1278.045,1306.274,1303.314,0.179,-7.411
27.08.2021 19:44:27,-8.717,1163.024,1279.418,1307.037,1303.375,0.222,-7.552
27.08.2021 19:44:28,-8.813,1162.994,1279.937,1307.586,1303.650,0.238,-7.586
27.08.2021 19:44:29,-8.906,1162.262,1280.395,1307.342,1304.473,0.174,-7.664
27.08.2021 19:44:30,-8.998,1161.712,1281.128,1308.105,1305.145,0.179,-7.747
27.08.2021 19:44:31,-9.091,1161.407,1282.501,1308.716,1305.206,0.212,-7.852
27.08.2021 19:44:32,-9.184,1160.552,1283.447,1309.020,1305.572,0.209,-7.968
27.08.2021 19:44:33,-9.277,1160.339,1283.538,1309.814,1306.365,0.208,-7.989
27.08.2021 19:44:34,-9.370,1160.217,1285.003,1310.943,1306.762,0.253,-8.087
27.08.2021 19:44:35,-9.463,1159.820,1285.552,1310.760,1307.250,0.212,-8.148
27.08.2021 19:44:36,-9.556,1159.698,1286.041,1311.370,1307.678,0.223,-8.186
27.08.2021 19:44:37,-9.649,1159.606,1287.353,1312.103,1308.410,0.223,-8.273
27.08.2021 19:44:38,-9.742,1158.264,1288.116,1312.561,1309.173,0.204,-8.411
27.08.2021 19:44:40,-9.835,1157.592,1288.665,1312.988,1309.448,0.213,-8.491
27.08.2021 19:44:41,-9.928,1157.653,1289.459,1313.415,1310.089,0.200,-8.535
27.08.2021 19:44:42,-10.021,1157.318,1290.069,1313.934,1310.485,0.208,-8.596
27.08.2021 19:44:43,-10.114,1156.433,1291.686,1314.666,1310.852,0.230,-8.755
27.08.2021 19:44:44,-10.207,1156.372,1292.358,1314.483,1311.614,0.173,-8.800
27.08.2021 19:44:45,-10.300,1156.189,1293.395,1315.979,1311.859,0.248,-8.876
27.08.2021 19:44:46,-10.395,1155.273,1294.769,1315.582,1312.591,0.180,-9.023
27.08.2021 19:44:47,-10.488,1155.456,1295.196,1316.497,1313.018,0.209,-9.036
27.08.2021 19:44:48,-10.581,1154.815,1296.050,1317.108,1313.598,0.211,-9.132
27.08.2021 19:44:49,-10.674,1154.052,1298.065,1317.565,1313.568,0.240,-9.307
27.08.2021 19:44:50,-10.770,1153.869,1299.255,1318.420,1314.971,0.207,-9.392
27.08.2021 19:44:51,-10.863,1152.862,1300.018,1319.030,1315.032,0.240,-9.507
27.08.2021 19:44:52,-10.956,1152.252,1300.933,1319.091,1315.490,0.216,-9.605
27.08.2021 19:44:53,-11.051,1151.519,1301.818,1319.946,1316.101,0.231,-9.708
27.08.2021 19:44:54,-11.144,1150.756,1303.253,1320.312,1317.321,0.179,-9.848
27.08.2021 19:44:55,-11.237,1150.115,1304.504,1321.014,1317.657,0.201,-9.967
27.08.2021 19:44:56,-11.330,1149.078,1305.450,1321.349,1318.176,0.190,-10.096
27.08.2021 19:44:57,-11.423,1148.010,1307.250,1322.540,1318.511,0.241,-10.278
27.08.2021 19:44:58,-11.516,1148.132,1308.044,1323.150,1320.098,0.182,-10.317
27.08.2021 19:44:59,-11.609,1147.247,1308.227,1323.059,1319.702,0.201,-10.389
27.08.2021 19:45:00,-11.702,1145.996,1309.967,1323.791,1320.404,0.203,-10.580
27.08.2021 19:45:01,-11.795,1145.019,1310.699,1324.249,1321.106,0.188,-10.692
27.08.2021 19:45:02,-11.888,1144.073,1312.377,1324.463,1321.533,0.175,-10.858
27.08.2021 19:45:03,-11.981,1142.700,1313.415,1325.225,1322.234,0.179,-11.015
27.08.2021 19:45:04,-12.074,1141.540,1314.209,1325.592,1322.753,0.169,-11.142
27.08.2021 19:45:05,-12.167,1141.327,1315.429,1326.568,1323.455,0.186,-11.230
27.08.2021 19:45:06,-12.260,1139.953,1316.528,1326.721,1323.761,0.176,-11.391
27.08.2021 19:45:07,-12.353,1138.641,1317.627,1328.063,1324.279,0.226,-11.548
27.08.2021 19:45:08,-12.446,1138.519,1318.847,1328.613,1325.408,0.191,-11.629
27.08.2021 19:45:09,-12.539,1136.840,1319.915,1328.857,1325.622,0.193,-11.809
27.08.2021 19:45:10,-12.637,1135.925,1320.953,1329.498,1326.507,0.178,-11.935
27.08.2021 19:45:11,-12.730,1135.131,1322.174,1330.108,1326.782,0.198,-12.062
27.08.2021 19:45:12,-12.823,1133.514,1323.211,1330.261,1327.056,0.191,-12.236
27.08.2021 19:45:13,-12.916,1133.117,1323.730,1330.993,1328.247,0.163,-12.295
27.08.2021 19:45:14,-13.009,1131.958,1324.676,1332.610,1328.857,0.223,-12.432
27.08.2021 19:45:15,-13.107,1130.950,1325.775,1332.580,1329.315,0.194,-12.567
27.08.2021 19:45:16,-13.199,1129.364,1326.233,1333.038,1329.467,0.212,-12.705
27.08.2021 19:45:17,-13.292,1129.028,1326.965,1333.526,1329.986,0.210,-12.772
27.08.2021 19:45:18,-13.385,1127.868,1328.948,1334.075,1331.359,0.161,-12.970
27.08.2021 19:45:19,-13.478,1127.166,1328.735,1334.411,1331.298,0.185,-13.007
27.08.2021 19:45:20,-13.571,1126.373,1329.772,1335.601,1331.848,0.223,-13.124
27.08.2021 19:45:21,-13.664,1125.091,1330.444,1334.869,1332.061,0.166,-13.253
27.08.2021 19:45:22,-13.757,1124.816,1331.207,1335.754,1332.855,0.172,-13.317
27.08.2021 19:45:23,-13.850,1123.870,1331.817,1336.151,1333.404,0.163,-13.419
27.08.2021 19:45:24,-13.943,1122.680,1332.885,1336.761,1333.770,0.177,-13.566
27.08.2021 19:45:25,-14.041,1121.978,1333.404,1337.188,1334.289,0.171,-13.646
27.08.2021 19:45:26,-14.134,1121.002,1334.747,1338.104,1334.381,0.220,-13.793
27.08.2021 19:45:27,-14.227,1120.941,1335.265,1338.195,1334.747,0.204,-13.828
27.08.2021 19:45:28,-14.323,1119.293,1335.815,1339.447,1335.784,0.216,-13.976
27.08.2021 19:45:29,-14.416,1118.255,1336.273,1339.355,1335.632,0.220,-14.076
27.08.2021 19:45:30,-14.509,1117.950,1337.829,1340.393,1337.432,0.175,-14.189
27.08.2021 19:45:31,-14.601,1116.454,1338.165,1340.881,1337.249,0.214,-14.314
27.08.2021 19:45:32,-14.699,1115.814,1338.226,1340.972,1337.890,0.182,-14.363
27.08.2021 19:45:33,-14.792,1114.471,1339.416,1341.796,1337.890,0.231,-14.527
27.08.2021 19:45:34,-14.885,1113.616,1339.965,1341.979,1338.500,0.205,-14.620
27.08.2021 19:45:35,-14.978,1112.823,1340.667,1342.193,1339.355,0.167,-14.717
27.08.2021 19:45:36,-15.071,1111.938,1340.850,1342.651,1339.752,0.171,-14.790
27.08.2021 19:45:37,-15.164,1110.351,1341.735,1343.383,1340.484,0.171,-14.954
27.08.2021 19:45:38,-15.257,1109.436,1342.193,1343.414,1340.301,0.183,-15.045
27.08.2021 19:45:39,-15.350,1108.307,1343.414,1344.268,1340.911,0.198,-15.197
27.08.2021 19:45:40,-15.446,1107.513,1343.963,1344.329,1341.003,0.196,-15.285
27.08.2021 19:45:41,-15.541,1106.628,1344.268,1345.062,1342.041,0.178,-15.366
27.08.2021 19:45:42,-15.634,1105.407,1345.367,1345.428,1341.949,0.205,-15.516
27.08.2021 19:45:43,-15.727,1105.010,1346.282,1345.672,1342.926,0.161,-15.598
27.08.2021 19:45:44,-15.823,1104.003,1347.015,1346.282,1342.803,0.205,-15.712
27.08.2021 19:45:45,-15.916,1103.057,1348.205,1346.740,1343.994,0.161,-15.849
27.08.2021 19:45:46,-16.009,1102.203,1348.419,1347.290,1343.963,0.195,-15.922
27.08.2021 19:45:47,-16.101,1101.074,1349.273,1347.564,1344.787,0.163,-16.052
27.08.2021 19:45:48,-16.197,1100.158,1350.433,1348.114,1345.214,0.170,-16.185
27.08.2021 19:45:49,-16.290,1099.304,1351.470,1348.602,1345.428,0.186,-16.306
27.08.2021 19:45:50,-16.383,1097.991,1352.356,1348.968,1346.069,0.170,-16.451
27.08.2021 19:45:51,-16.476,1097.228,1353.393,1349.609,1345.886,0.218,-16.565
27.08.2021 19:45:52,-16.569,1096.191,1354.248,1349.853,1346.160,0.217,-16.689
27.08.2021 19:45:53,-16.662,1095.001,1355.224,1350.250,1346.771,0.204,-16.831
27.08.2021 19:45:54,-16.755,1093.872,1357.025,1350.555,1347.442,0.182,-17.015
27.08.2021 19:45:55,-16.848,1092.529,1358.001,1351.135,1347.808,0.195,-17.168
27.08.2021 19:45:56,-16.941,1091.278,1358.795,1351.715,1347.656,0.238,-17.303
27.08.2021 19:45:57,-17.034,1090.301,1359.496,1351.562,1348.571,0.175,-17.414
27.08.2021 19:45:58,-17.127,1089.019,1360.320,1351.745,1348.968,0.162,-17.553
27.08.2021 19:45:59,-17.220,1087.890,1361.450,1352.081,1348.663,0.200,-17.700
27.08.2021 19:46:00,-17.313,1086.273,1363.311,1352.325,1349.639,0.157,-17.923
27.08.2021 19:46:01,-17.406,1085.144,1363.433,1352.966,1349.792,0.186,-18.011
27.08.2021 19:46:02,-17.498,1083.679,1364.074,1353.210,1350.341,0.168,-18.154
27.08.2021 19:46:03,-17.591,1082.244,1364.654,1353.027,1350.616,0.141,-18.290
27.08.2021 19:46:04,-17.687,1081.176,1366.241,1353.362,1350.463,0.169,-18.458
27.08.2021 19:46:05,-17.780,1079.376,1367.248,1354.339,1350.433,0.228,-18.646
27.08.2021 19:46:06,-17.873,1077.667,1367.858,1353.668,1350.280,0.198,-18.805
27.08.2021 19:46:07,-17.966,1076.843,1368.041,1354.339,1350.860,0.203,-18.875
27.08.2021 19:46:08,-18.059,1075.012,1369.415,1354.156,1350.982,0.185,-19.086
27.08.2021 19:46:09,-18.152,1073.211,1370.483,1354.339,1351.165,0.185,-19.278
27.08.2021 19:46:10,-18.247,1072.326,1371.063,1354.156,1351.257,0.169,-19.376
27.08.2021 19:46:11,-18.343,1070.190,1372.863,1355.224,1351.379,0.225,-19.634
27.08.2021 19:46:12,-18.436,1069.274,1372.833,1355.560,1351.898,0.214,-19.699
27.08.2021 19:46:13,-18.529,1067.199,1374.542,1355.468,1352.325,0.183,-19.947
27.08.2021 19:46:14,-18.622,1065.917,1374.847,1355.987,1352.111,0.226,-20.058
27.08.2021 19:46:15,-18.715,1063.812,1375.244,1355.682,1352.447,0.189,-20.235
27.08.2021 19:46:16,-18.808,1062.988,1375.946,1355.529,1352.508,0.176,-20.335
27.08.2021 19:46:17,-18.900,1060.852,1376.617,1356.201,1352.844,0.196,-20.530
27.08.2021 19:46:18,-18.993,1058.776,1377.136,1355.590,1352.233,0.196,-20.712
27.08.2021 19:46:19,-19.089,1057.159,1377.838,1356.109,1352.416,0.216,-20.870
27.08.2021 19:46:20,-19.182,1056.243,1378.509,1355.224,1352.844,0.139,-20.976
27.08.2021 19:46:21,-19.275,1054.473,1378.723,1355.590,1352.325,0.191,-21.118
27.08.2021 19:46:22,-19.368,1052.886,1379.760,1355.712,1352.478,0.189,-21.294
27.08.2021 19:46:24,-19.461,1051.666,1380.279,1355.499,1352.752,0.160,-21.414
27.08.2021 19:46:25,-19.554,1049.652,1380.828,1356.353,1352.691,0.214,-21.594
27.08.2021 19:46:26,-19.649,1048.370,1381.835,1355.743,1353.149,0.151,-21.745
27.08.2021 19:46:27,-19.745,1046.875,1381.835,1356.292,1352.691,0.210,-21.856
27.08.2021 19:46:28,-19.838,1045.562,1383.148,1356.414,1352.630,0.221,-22.028
27.08.2021 19:46:29,-19.928,1044.280,1382.507,1355.438,1353.179,0.132,-22.087
27.08.2021 19:46:30,-20.021,1042.694,1383.483,1355.987,1352.264,0.217,-22.260
27.08.2021 19:46:31,-20.114,1041.442,1383.850,1356.079,1352.783,0.192,-22.374
27.08.2021 19:46:32,-20.207,1039.520,1383.880,1355.377,1351.989,0.198,-22.519
27.08.2021 19:46:33,-20.300,1038.238,1384.521,1356.018,1351.898,0.241,-22.651
27.08.2021 19:46:34,-20.393,1036.804,1384.368,1355.346,1352.447,0.169,-22.749
27.08.2021 19:46:35,-20.486,1035.522,1385.375,1355.346,1352.569,0.162,-22.902
27.08.2021 19:46:36,-20.579,1033.599,1385.223,1355.865,1352.142,0.217,-23.037
27.08.2021 19:46:37,-20.674,1032.440,1385.345,1354.583,1351.379,0.187,-23.131
27.08.2021 19:46:38,-20.767,1031.127,1385.803,1354.888,1351.684,0.187,-23.256
27.08.2021 19:46:39,-20.865,1029.266,1386.261,1355.224,1351.074,0.243,-23.421
27.08.2021 19:46:40,-20.958,1028.259,1386.413,1355.255,1351.562,0.216,-23.506
27.08.2021 19:46:41,-21.051,1026.855,1386.474,1354.766,1351.531,0.189,-23.615
27.08.2021 19:46:42,-21.144,1025.329,1387.145,1355.407,1351.745,0.214,-23.768
27.08.2021 19:46:43,-21.237,1023.834,1387.817,1354.370,1351.287,0.180,-23.918
27.08.2021 19:46:44,-21.330,1022.247,1387.817,1354.248,1351.531,0.159,-24.038
27.08.2021 19:46:45,-21.423,1020.690,1387.939,1354.431,1350.585,0.225,-24.163
27.08.2021 19:46:46,-21.519,1019.012,1388.641,1354.034,1350.525,0.205,-24.330
27.08.2021 19:46:47,-21.612,1018.066,1388.885,1353.881,1350.402,0.203,-24.415
27.08.2021 19:46:48,-21.705,1015.869,1389.098,1353.912,1349.456,0.261,-24.594
27.08.2021 19:46:49,-21.797,1014.831,1389.495,1353.240,1350.097,0.184,-24.695
27.08.2021 19:46:50,-21.890,1012.939,1389.312,1352.233,1349.365,0.168,-24.829
27.08.2021 19:46:51,-21.983,1011.718,1389.953,1352.844,1349.334,0.205,-24.958
27.08.2021 19:46:52,-22.076,1009.582,1390.289,1352.630,1348.358,0.250,-25.140
27.08.2021 19:46:53,-22.172,1008.270,1391.204,1351.593,1348.541,0.179,-25.291
27.08.2021 19:46:54,-22.265,1006.927,1391.235,1351.745,1348.175,0.209,-25.396
27.08.2021 19:46:55,-22.358,1005.126,1392.089,1351.318,1348.052,0.191,-25.581
27.08.2021 19:46:56,-22.451,1003.540,1392.120,1350.647,1347.808,0.166,-25.705
27.08.2021 19:46:57,-22.544,1002.075,1391.723,1350.555,1346.740,0.224,-25.796
27.08.2021 19:46:58,-22.637,1000.396,1393.035,1350.250,1346.984,0.191,-25.998
27.08.2021 19:46:59,-22.730,998.962,1392.791,1349.975,1346.618,0.197,-26.095
27.08.2021 19:47:00,-22.823,997.375,1393.280,1349.640,1346.069,0.209,-26.244
27.08.2021 19:47:01,-22.916,995.910,1393.798,1349.090,1346.038,0.179,-26.386
27.08.2021 19:47:02,-23.009,994.262,1393.982,1348.541,1345.458,0.181,-26.524
27.08.2021 19:47:03,-23.101,993.133,1394.348,1348.327,1344.421,0.229,-26.632
27.08.2021 19:47:04,-23.194,991.394,1394.500,1348.083,1345.001,0.181,-26.775
27.08.2021 19:47:05,-23.287,989.776,1395.202,1347.625,1344.054,0.210,-26.940
27.08.2021 19:47:06,-23.380,988.250,1395.416,1347.228,1343.811,0.201,-27.070
27.08.2021 19:47:07,-23.473,986.785,1395.660,1346.160,1343.475,0.158,-27.198
27.08.2021 19:47:08,-23.566,985.931,1396.239,1346.343,1343.292,0.179,-27.296
27.08.2021 19:47:09,-23.659,984.100,1396.514,1346.191,1342.742,0.203,-27.454
27.08.2021 19:47:10,-23.752,982.787,1396.545,1345.031,1341.796,0.190,-27.558
27.08.2021 19:47:11,-23.845,981.353,1396.911,1345.489,1341.674,0.224,-27.691
27.08.2021 19:47:12,-23.938,979.614,1396.698,1345.581,1341.339,0.250,-27.815
27.08.2021 19:47:13,-24.031,978.210,1397.827,1344.879,1341.369,0.207,-27.987
27.08.2021 19:47:14,-24.124,976.592,1397.552,1344.085,1340.637,0.203,-28.099
27.08.2021 19:47:15,-24.217,974.975,1397.979,1343.536,1340.423,0.183,-28.250
27.08.2021 19:47:16,-24.310,973.297,1398.010,1343.139,1339.965,0.187,-28.384
27.08.2021 19:47:17,-24.403,972.381,1397.644,1342.895,1339.324,0.210,-28.436
27.08.2021 19:47:18,-24.496,970.336,1398.071,1342.193,1338.897,0.194,-28.621
27.08.2021 19:47:19,-24.589,969.085,1397.979,1341.522,1338.439,0.182,-28.715
27.08.2021 19:47:20,-24.682,967.865,1397.948,1341.064,1337.982,0.182,-28.809
27.08.2021 19:47:21,-24.775,966.033,1398.132,1340.667,1337.585,0.182,-28.965
27.08.2021 19:47:22,-24.868,964.843,1398.925,1340.148,1337.280,0.169,-29.102
27.08.2021 19:47:23,-24.963,963.165,1398.223,1339.508,1336.364,0.186,-29.197
27.08.2021 19:47:24,-25.056,961.883,1398.803,1339.325,1336.517,0.166,-29.331
27.08.2021 19:47:25,-25.149,960.754,1398.437,1338.928,1335.754,0.188,-29.401
27.08.2021 19:47:26,-25.242,959.320,1398.498,1339.050,1335.052,0.236,-29.518
27.08.2021 19:47:27,-25.338,957.946,1398.437,1338.134,1334.869,0.193,-29.625
27.08.2021 19:47:28,-25.431,956.939,1398.620,1337.707,1334.228,0.206,-29.715
27.08.2021 19:47:29,-25.526,955.322,1398.681,1337.249,1333.587,0.217,-29.848
27.08.2021 19:47:30,-25.619,954.070,1398.498,1336.730,1333.343,0.201,-29.938
27.08.2021 19:47:31,-25.712,953.063,1398.040,1336.914,1333.251,0.217,-29.994
27.08.2021 19:47:32,-25.805,952.148,1398.346,1336.639,1332.946,0.219,-30.084
27.08.2021 19:47:33,-25.900,950.653,1398.315,1335.968,1332.550,0.202,-30.202
27.08.2021 19:47:34,-25.993,949.401,1398.346,1335.662,1332.580,0.183,-30.304
27.08.2021 19:47:35,-26.086,948.150,1398.650,1335.144,1332.580,0.152,-30.422
27.08.2021 19:47:36,-26.179,947.113,1397.583,1334.136,1331.482,0.157,-30.447
27.08.2021 19:47:37,-26.272,944.976,1397.735,1334.472,1330.749,0.221,-30.627
27.08.2021 19:47:38,-26.365,944.458,1397.705,1333.526,1330.566,0.176,-30.668
27.08.2021 19:47:39,-26.458,943.389,1397.644,1333.251,1330.200,0.181,-30.751
27.08.2021 19:47:40,-26.551,942.260,1397.552,1333.160,1329.711,0.205,-30.837
27.08.2021 19:47:41,-26.644,940.826,1397.308,1332.458,1329.711,0.163,-30.940
27.08.2021 19:47:42,-26.737,939.880,1397.155,1332.550,1329.193,0.199,-31.008
27.08.2021 19:47:43,-26.830,938.201,1397.064,1331.451,1328.460,0.178,-31.139
27.08.2021 19:47:44,-26.923,937.530,1397.338,1331.298,1328.338,0.176,-31.209
27.08.2021 19:47:45,-27.016,936.248,1396.453,1331.237,1328.491,0.163,-31.265
27.08.2021 19:47:46,-27.109,934.875,1396.606,1330.444,1327.484,0.176,-31.385
27.08.2021 19:47:47,-27.202,933.990,1396.728,1329.742,1327.392,0.140,-31.464
27.08.2021 19:47:48,-27.295,932.830,1396.423,1329.620,1326.324,0.196,-31.542
27.08.2021 19:47:49,-27.390,931.091,1396.911,1328.979,1326.049,0.174,-31.710
27.08.2021 19:47:50,-27.483,930.450,1396.514,1328.887,1325.683,0.191,-31.741
27.08.2021 19:47:51,-27.576,929.626,1396.484,1328.277,1325.164,0.185,-31.807
27.08.2021 19:47:52,-27.669,928.131,1396.698,1328.094,1324.829,0.195,-31.941
27.08.2021 19:47:53,-27.762,926.818,1396.881,1327.880,1325.042,0.169,-32.058
27.08.2021 19:47:54,-27.858,925.781,1397.247,1327.087,1324.676,0.144,-32.163
27.08.2021 19:47:55,-27.951,924.194,1397.460,1327.301,1324.371,0.175,-32.305
27.08.2021 19:47:56,-28.044,922.943,1397.552,1326.568,1324.035,0.151,-32.413
27.08.2021 19:47:57,-28.137,921.936,1397.033,1326.812,1323.364,0.206,-32.468
27.08.2021 19:47:58,-28.230,920.654,1397.247,1325.958,1323.455,0.149,-32.585
27.08.2021 19:47:59,-28.323,919.006,1397.491,1325.378,1322.814,0.153,-32.734
27.08.2021 19:48:00,-28.416,918.212,1397.399,1325.225,1322.570,0.158,-32.795
27.08.2021 19:48:01,-28.509,917.388,1397.644,1324.829,1321.716,0.186,-32.876
27.08.2021 19:48:02,-28.604,916.046,1397.399,1324.585,1321.960,0.157,-32.974
27.08.2021 19:48:03,-28.697,914.947,1398.284,1323.638,1321.441,0.131,-33.113
27.08.2021 19:48:04,-28.790,913.635,1397.979,1323.944,1321.472,0.148,-33.205
27.08.2021 19:48:05,-28.883,912.231,1397.796,1323.638,1320.831,0.168,-33.312
27.08.2021 19:48:06,-28.976,911.590,1398.346,1323.211,1320.037,0.190,-33.395
27.08.2021 19:48:07,-29.069,910.492,1398.437,1322.387,1320.343,0.122,-33.491
27.08.2021 19:48:09,-29.162,909.149,1397.583,1322.143,1319.397,0.164,-33.556
27.08.2021 19:48:10,-29.255,908.264,1398.437,1321.838,1319.488,0.140,-33.676
27.08.2021 19:48:11,-29.348,907.531,1398.345,1322.052,1319.275,0.166,-33.732
27.08.2021 19:48:12,-29.441,906.005,1398.559,1321.685,1318.420,0.196,-33.871
27.08.2021 19:48:13,-29.534,904.602,1397.491,1321.472,1318.420,0.183,-33.931
27.08.2021 19:48:14,-29.627,903.289,1397.918,1321.014,1318.664,0.141,-34.063
27.08.2021 19:48:15,-29.720,902.404,1397.460,1320.434,1317.718,0.163,-34.113
27.08.2021 19:48:16,-29.813,900.756,1397.674,1319.610,1317.809,0.108,-34.262
27.08.2021 19:48:17,-29.906,899.932,1396.636,1319.976,1316.589,0.203,-34.275
27.08.2021 19:48:18,-29.998,898.773,1396.758,1319.732,1317.077,0.159,-34.379
27.08.2021 19:48:19,-30.089,898.101,1396.850,1318.908,1316.833,0.124,-34.441
27.08.2021 19:48:20,-30.182,896.728,1396.423,1319.061,1316.558,0.150,-34.533
27.08.2021 19:48:21,-30.277,895.507,1395.568,1318.267,1316.009,0.135,-34.590
27.08.2021 19:48:22,-30.370,894.195,1395.996,1317.688,1315.490,0.132,-34.724
27.08.2021 19:48:23,-30.463,893.310,1395.416,1318.359,1315.216,0.189,-34.767
27.08.2021 19:48:24,-30.556,891.845,1395.141,1316.467,1314.361,0.126,-34.876
27.08.2021 19:48:25,-30.649,890.686,1394.500,1316.589,1314.209,0.143,-34.939
27.08.2021 19:48:26,-30.742,889.404,1394.164,1316.223,1313.659,0.154,-35.030
27.08.2021 19:48:27,-30.838,888.824,1394.042,1315.917,1313.720,0.132,-35.072
27.08.2021 19:48:28,-30.931,887.542,1393.920,1315.063,1313.415,0.099,-35.174
27.08.2021 19:48:29,-31.024,885.986,1393.737,1315.002,1312.866,0.128,-35.297
27.08.2021 19:48:30,-31.117,884.490,1393.402,1314.269,1312.744,0.092,-35.406
27.08.2021 19:48:31,-31.210,883.880,1392.639,1313.873,1312.713,0.069,-35.416
27.08.2021 19:48:32,-31.305,882.598,1392.181,1314.117,1311.737,0.143,-35.501
27.08.2021 19:48:33,-31.398,880.950,1391.723,1313.598,1311.462,0.128,-35.617
27.08.2021 19:48:34,-31.491,879.943,1391.265,1313.659,1310.577,0.186,-35.678
27.08.2021 19:48:35,-31.584,878.692,1390.563,1313.079,1310.730,0.141,-35.747
27.08.2021 19:48:36,-31.677,877.075,1389.923,1311.736,1309.875,0.112,-35.851
27.08.2021 19:48:37,-31.770,876.678,1389.038,1310.852,1309.204,0.099,-35.837
27.08.2021 19:48:38,-31.863,875.030,1389.007,1310.607,1308.441,0.131,-35.977
27.08.2021 19:48:39,-31.958,874.054,1388.427,1309.967,1308.319,0.099,-36.029
27.08.2021 19:48:40,-32.051,873.504,1387.054,1309.600,1307.312,0.138,-36.002
27.08.2021 19:48:41,-32.144,871.551,1386.596,1308.410,1307.098,0.079,-36.146
27.08.2021 19:48:42,-32.237,871.063,1385.772,1308.288,1306.701,0.096,-36.143
27.08.2021 19:48:43,-32.330,869.873,1384.796,1307.861,1305.450,0.146,-36.193
27.08.2021 19:48:44,-32.426,868.194,1384.765,1307.555,1305.633,0.116,-36.336
27.08.2021 19:48:45,-32.519,867.614,1383.941,1306.701,1304.321,0.144,-36.342
27.08.2021 19:48:46,-32.612,866.150,1382.690,1306.732,1304.077,0.161,-36.401
27.08.2021 19:48:47,-32.705,864.990,1381.958,1305.389,1303.161,0.135,-36.462
27.08.2021 19:48:48,-32.797,863.708,1381.195,1305.023,1302.856,0.131,-36.531
27.08.2021 19:48:49,-32.890,862.853,1380.340,1304.656,1302.063,0.157,-36.559
27.08.2021 19:48:50,-32.983,861.419,1379.669,1303.161,1301.483,0.102,-36.648
27.08.2021 19:48:51,-33.076,860.290,1378.753,1302.307,1300.659,0.100,-36.696
27.08.2021 19:48:52,-33.169,859.008,1377.471,1301.696,1299.865,0.111,-36.738
27.08.2021 19:48:53,-33.262,857.879,1376.953,1301.147,1299.560,0.096,-36.809
27.08.2021 19:48:54,-33.355,857.086,1376.068,1300.323,1298.584,0.106,-36.830
27.08.2021 19:48:55,-33.448,855.865,1375.030,1299.102,1297.088,0.122,-36.880
27.08.2021 19:48:56,-33.541,854.766,1374.938,1298.766,1297.241,0.093,-36.971
27.08.2021 19:48:57,-33.637,854.248,1373.749,1297.821,1295.715,0.128,-36.952
27.08.2021 19:48:58,-33.730,852.020,1373.352,1296.905,1294.799,0.128,-37.126
27.08.2021 19:48:59,-33.825,851.257,1372.558,1296.142,1294.250,0.115,-37.150
27.08.2021 19:49:00,-33.918,849.883,1371.612,1295.410,1293.090,0.141,-37.219
27.08.2021 19:49:01,-34.011,848.541,1371.215,1294.128,1291.656,0.151,-37.316
27.08.2021 19:49:02,-34.104,846.862,1370.849,1293.243,1291.351,0.116,-37.444
27.08.2021 19:49:03,-34.197,845.581,1369.506,1292.602,1290.222,0.146,-37.484
27.08.2021 19:49:04,-34.290,844.299,1369.567,1291.686,1289.672,0.123,-37.601
27.08.2021 19:49:05,-34.383,842.803,1368.713,1291.381,1288.787,0.159,-37.686
27.08.2021 19:49:06,-34.476,841.949,1367.828,1290.344,1287.750,0.159,-37.714
27.08.2021 19:49:07,-34.569,840.606,1367.553,1288.665,1286.651,0.123,-37.818
27.08.2021 19:49:08,-34.662,838.745,1367.004,1287.750,1285.156,0.159,-37.954
27.08.2021 19:49:09,-34.755,837.036,1365.570,1286.743,1284.759,0.122,-38.028
27.08.2021 19:49:10,-34.848,835.967,1365.142,1285.583,1283.386,0.135,-38.100
27.08.2021 19:49:11,-34.941,834.594,1364.258,1284.851,1282.714,0.131,-38.174
27.08.2021 19:49:12,-35.034,833.007,1363.739,1283.630,1281.219,0.148,-38.288
27.08.2021 19:49:13,-35.127,832.092,1362.335,1282.287,1280.883,0.086,-38.293
27.08.2021 19:49:14,-35.220,830.444,1360.931,1281.829,1278.777,0.188,-38.364
27.08.2021 19:49:15,-35.313,829.071,1360.076,1280.090,1278.350,0.107,-38.441
27.08.2021 19:49:16,-35.406,827.575,1358.947,1279.235,1276.824,0.149,-38.513
27.08.2021 19:49:17,-35.504,826.019,1358.398,1277.740,1275.085,0.164,-38.623
27.08.2021 19:49:18,-35.596,824.432,1357.849,1276.947,1275.054,0.117,-38.737
27.08.2021 19:49:19,-35.689,823.669,1356.292,1275.970,1273.620,0.146,-38.720
27.08.2021 19:49:20,-35.782,821.807,1355.621,1274.505,1272.247,0.140,-38.852
27.08.2021 19:49:21,-35.875,820.526,1354.492,1272.735,1270.874,0.115,-38.906
27.08.2021 19:49:22,-35.968,819.519,1353.485,1272.430,1269.897,0.157,-38.942
27.08.2021 19:49:23,-36.061,817.596,1351.959,1270.568,1268.554,0.125,-39.033
27.08.2021 19:49:24,-36.154,816.131,1351.287,1269.409,1267.730,0.104,-39.129
27.08.2021 19:49:25,-36.247,814.880,1349.700,1268.219,1265.808,0.150,-39.156
27.08.2021 19:49:26,-36.343,812.622,1348.236,1267.120,1264.739,0.148,-39.282
27.08.2021 19:49:27,-36.438,811.553,1346.679,1265.533,1263.488,0.128,-39.294
27.08.2021 19:49:28,-36.531,810.394,1345.458,1264.221,1262.054,0.135,-39.333
27.08.2021 19:49:29,-36.624,808.319,1344.726,1263.366,1260.864,0.157,-39.483
27.08.2021 19:49:30,-36.720,806.915,1343.200,1261.596,1259.704,0.118,-39.527
27.08.2021 19:49:31,-36.813,805.053,1341.674,1260.070,1257.781,0.144,-39.615
27.08.2021 19:49:32,-36.906,803.588,1341.186,1258.666,1256.408,0.142,-39.723
27.08.2021 19:49:33,-36.998,802.276,1339.080,1257.110,1254.241,0.181,-39.728
27.08.2021 19:49:34,-37.091,800.598,1337.371,1255.950,1253.540,0.152,-39.788
27.08.2021 19:49:35,-37.184,799.102,1336.273,1254.211,1252.197,0.127,-39.866
27.08.2021 19:49:36,-37.277,797.943,1334.289,1252.777,1250.457,0.146,-39.864
27.08.2021 19:49:37,-37.370,796.020,1333.373,1250.915,1248.413,0.158,-39.992
27.08.2021 19:49:38,-37.463,794.494,1332.275,1249.816,1247.467,0.149,-40.073
27.08.2021 19:49:39,-37.556,793.243,1330.230,1248.321,1245.757,0.162,-40.076
27.08.2021 19:49:40,-37.649,791.931,1329.071,1246.276,1244.201,0.132,-40.134
27.08.2021 19:49:41,-37.742,789.642,1326.843,1245.025,1242.370,0.169,-40.224
27.08.2021 19:49:42,-37.835,788.726,1325.988,1244.384,1241.607,0.177,-40.262
27.08.2021 19:49:43,-37.928,786.834,1324.462,1241.668,1239.257,0.154,-40.355
27.08.2021 19:49:44,-38.021,785.369,1322.570,1239.929,1237.640,0.146,-40.387
27.08.2021 19:49:45,-38.114,784.240,1321.105,1239.257,1236.663,0.166,-40.412
27.08.2021 19:49:46,-38.207,782.318,1319.702,1236.846,1234.710,0.136,-40.515
27.08.2021 19:49:47,-38.300,780.517,1318.145,1235.626,1232.727,0.186,-40.598
27.08.2021 19:49:48,-38.393,779.418,1316.528,1234.375,1231.475,0.186,-40.611
27.08.2021 19:49:49,-38.486,777.862,1314.819,1232.147,1229.888,0.145,-40.663
27.08.2021 19:49:50,-38.579,776.336,1313.385,1231.140,1228.881,0.145,-40.728
27.08.2021 19:49:51,-38.672,774.749,1311.218,1229.858,1227.294,0.165,-40.757
27.08.2021 19:49:52,-38.765,772.949,1309.417,1227.569,1225.158,0.155,-40.827
27.08.2021 19:49:54,-38.858,772.125,1307.861,1226.593,1223.785,0.181,-40.818
27.08.2021 19:49:55,-38.951,770.202,1306.274,1225.708,1222.320,0.219,-40.913
27.08.2021 19:49:56,-39.044,768.341,1305.236,1223.907,1220.886,0.195,-41.033
27.08.2021 19:49:57,-39.137,767.211,1303.924,1222.076,1219.695,0.154,-41.068
27.08.2021 19:49:58,-39.230,765.686,1302.734,1220.581,1217.285,0.214,-41.147
27.08.2021 19:49:59,-39.325,764.251,1300.659,1218.444,1216.125,0.150,-41.168
27.08.2021 19:50:00,-39.418,762.542,1299.743,1217.132,1214.660,0.161,-41.281
27.08.2021 19:50:01,-39.514,760.711,1297.698,1215.087,1212.829,0.147,-41.343
27.08.2021 19:50:02,-39.607,759.521,1295.867,1213.745,1211.059,0.175,-41.354
27.08.2021 19:50:03,-39.702,757.873,1294.494,1212.097,1209.991,0.137,-41.436
27.08.2021 19:50:04,-39.795,755.920,1293.426,1210.876,1208.160,0.177,-41.566
27.08.2021 19:50:05,-39.888,755.279,1292.297,1208.892,1206.817,0.136,-41.564
27.08.2021 19:50:06,-39.981,752.777,1290.832,1208.099,1205.108,0.196,-41.725
27.08.2021 19:50:07,-40.074,751.342,1289.886,1206.695,1204.284,0.158,-41.811
27.08.2021 19:50:08,-40.167,749.572,1288.604,1205.108,1202.972,0.140,-41.912
27.08.2021 19:50:09,-40.260,748.260,1287.078,1204.345,1201.263,0.203,-41.954
27.08.2021 19:50:10,-40.353,746.246,1285.736,1202.331,1199.646,0.177,-42.075
27.08.2021 19:50:11,-40.446,744.995,1284.301,1200.958,1198.364,0.171,-42.117
27.08.2021 19:50:12,-40.544,742.584,1282.562,1199.401,1196.380,0.199,-42.256
27.08.2021 19:50:13,-40.634,740.997,1281.677,1197.509,1195.129,0.157,-42.362
27.08.2021 19:50:14,-40.727,739.929,1279.632,1196.289,1193.939,0.155,-42.351
27.08.2021 19:50:15,-40.825,738.189,1278.686,1194.732,1191.864,0.190,-42.470
27.08.2021 19:50:16,-40.918,736.297,1277.313,1193.023,1190.979,0.135,-42.579
27.08.2021 19:50:17,-41.011,734.588,1275.024,1191.497,1189.117,0.158,-42.618
27.08.2021 19:50:18,-41.104,733.215,1274.169,1190.368,1187.072,0.219,-42.707
27.08.2021 19:50:19,-41.199,731.750,1272.338,1188.446,1186.126,0.154,-42.748
27.08.2021 19:50:20,-41.292,730.133,1270.965,1187.622,1184.570,0.203,-42.831
27.08.2021 19:50:21,-41.383,728.424,1269.409,1185.516,1182.983,0.169,-42.913
27.08.2021 19:50:22,-41.476,727.172,1267.974,1183.441,1181.701,0.116,-42.956
27.08.2021 19:50:23,-41.569,725.219,1266.510,1182.800,1180.084,0.182,-43.069
27.08.2021 19:50:24,-41.662,723.480,1264.709,1181.243,1178.466,0.186,-43.141
27.08.2021 19:50:25,-41.755,722.167,1262.786,1179.626,1177.490,0.143,-43.162
27.08.2021 19:50:26,-41.848,720.275,1261.443,1178.192,1175.720,0.166,-43.277
27.08.2021 19:50:27,-41.943,718.353,1259.918,1176.300,1173.950,0.158,-43.384
27.08.2021 19:50:28,-42.036,716.857,1257.568,1175.323,1172.851,0.166,-43.400
27.08.2021 19:50:29,-42.129,714.935,1255.584,1174.224,1170.715,0.237,-43.481
27.08.2021 19:50:30,-42.222,713.714,1254.119,1172.363,1169.921,0.165,-43.521
27.08.2021 19:50:31,-42.315,711.608,1252.014,1170.806,1167.877,0.198,-43.614
27.08.2021 19:50:32,-42.408,709.320,1249.969,1168.914,1166.564,0.159,-43.730
27.08.2021 19:50:33,-42.501,708.038,1248.260,1167.693,1165.100,0.176,-43.763
27.08.2021 19:50:34,-42.594,706.634,1246.215,1165.771,1163.391,0.161,-43.788
27.08.2021 19:50:35,-42.687,704.528,1244.995,1163.909,1161.773,0.145,-43.935
27.08.2021 19:50:36,-42.782,702.667,1241.973,1161.804,1159.545,0.154,-43.950
27.08.2021 19:50:37,-42.875,701.385,1240.692,1160.797,1158.111,0.183,-44.008
27.08.2021 19:50:38,-42.968,699.890,1238.647,1159.271,1156.341,0.200,-44.044
27.08.2021 19:50:39,-43.061,698.120,1236.694,1157.287,1154.449,0.194,-44.114
27.08.2021 19:50:40,-43.154,696.350,1234.619,1155.761,1153.076,0.184,-44.176
27.08.2021 19:50:41,-43.247,694.152,1232.696,1153.686,1151.275,0.165,-44.293
27.08.2021 19:50:42,-43.340,692.932,1231.353,1152.313,1149.780,0.174,-44.342
27.08.2021 19:50:43,-43.433,691.589,1229.461,1151.092,1148.040,0.210,-44.372
27.08.2021 19:50:44,-43.526,690.368,1227.203,1149.078,1146.453,0.181,-44.366
27.08.2021 19:50:45,-43.619,688.232,1225.036,1147.369,1144.653,0.187,-44.464
27.08.2021 19:50:46,-43.712,686.859,1223.724,1146.362,1143.524,0.196,-44.531
27.08.2021 19:50:47,-43.805,684.967,1221.405,1144.256,1141.601,0.184,-44.594
27.08.2021 19:50:48,-43.900,684.082,1219.695,1143.188,1140.258,0.203,-44.586
27.08.2021 19:50:49,-43.993,681.762,1217.651,1141.784,1138.427,0.233,-44.712
27.08.2021 19:50:50,-44.089,680.114,1215.545,1139.068,1137.146,0.133,-44.762
27.08.2021 19:50:51,-44.182,678.741,1213.531,1137.481,1135.314,0.151,-44.788
27.08.2021 19:50:52,-44.275,677.307,1211.425,1135.925,1132.659,0.228,-44.816
27.08.2021 19:50:53,-44.368,675.628,1209.716,1134.002,1131.469,0.177,-44.894
27.08.2021 19:50:54,-44.461,674.346,1207.611,1132.232,1128.845,0.237,-44.905
27.08.2021 19:50:55,-44.554,673.004,1206.115,1130.798,1127.532,0.229,-44.960
27.08.2021 19:50:56,-44.647,671.386,1203.948,1128.753,1126.190,0.180,-45.005
27.08.2021 19:50:57,-44.740,670.135,1201.995,1127.655,1124.511,0.221,-45.022
27.08.2021 19:50:58,-44.833,667.999,1200.592,1125.762,1122.833,0.206,-45.170
27.08.2021 19:50:59,-44.926,666.992,1197.875,1124.206,1121.063,0.221,-45.115
27.08.2021 19:51:00,-45.019,665.161,1195.526,1122.283,1118.957,0.235,-45.172
27.08.2021 19:51:01,-45.114,663.787,1194.458,1120.300,1117.248,0.216,-45.257
27.08.2021 19:51:02,-45.210,661.956,1192.291,1118.041,1115.569,0.175,-45.326
27.08.2021 19:51:03,-45.302,660.766,1190.094,1116.454,1113.372,0.219,-45.323
27.08.2021 19:51:04,-45.395,659.759,1189.178,1115.325,1111.694,0.258,-45.378
27.08.2021 19:51:05,-45.488,657.836,1186.737,1112.579,1109.741,0.202,-45.441
27.08.2021 19:51:06,-45.581,656.646,1184.326,1111.663,1107.452,0.300,-45.424
27.08.2021 19:51:07,-45.674,654.815,1182.617,1109.313,1106.140,0.227,-45.522
27.08.2021 19:51:08,-45.767,653.533,1181.182,1107.605,1104.614,0.214,-45.577
27.08.2021 19:51:09,-45.863,652.008,1178.924,1106.048,1102.050,0.286,-45.607
27.08.2021 19:51:10,-45.956,650.848,1177.734,1103.851,1100.708,0.225,-45.663
27.08.2021 19:51:11,-46.049,649.627,1175.475,1101.623,1099.212,0.173,-45.660
27.08.2021 19:51:12,-46.144,647.857,1174.285,1100.250,1096.771,0.250,-45.785
27.08.2021 19:51:13,-46.237,646.331,1172.393,1098.419,1095.153,0.235,-45.839
27.08.2021 19:51:14,-46.335,644.836,1170.166,1096.405,1093.475,0.212,-45.869
27.08.2021 19:51:15,-46.428,643.463,1169.433,1094.604,1091.339,0.236,-45.978
27.08.2021 19:51:16,-46.521,642.059,1166.870,1092.925,1089.416,0.254,-45.978
27.08.2021 19:51:17,-46.614,640.899,1164.733,1090.484,1087.402,0.224,-45.976
27.08.2021 19:51:18,-46.707,639.251,1163.269,1089.385,1085.662,0.271,-46.071
27.08.2021 19:51:19,-46.800,637.359,1161.193,1086.914,1083.496,0.249,-46.157
27.08.2021 19:51:20,-46.895,636.230,1158.569,1085.083,1081.329,0.274,-46.121
27.08.2021 19:51:21,-46.988,634.735,1157.074,1083.221,1079.650,0.261,-46.198
27.08.2021 19:51:22,-47.081,632.812,1154.907,1080.566,1077.392,0.233,-46.282
27.08.2021 19:51:23,-47.172,631.958,1152.832,1078.735,1075.225,0.258,-46.250
27.08.2021 19:51:24,-47.265,630.218,1151.183,1076.873,1073.486,0.249,-46.346
27.08.2021 19:51:25,-47.358,628.936,1149.109,1074.676,1071.777,0.214,-46.363
27.08.2021 19:51:26,-47.451,628.051,1147.277,1073.364,1069.061,0.318,-46.349
27.08.2021 19:51:27,-47.544,626.373,1145.355,1070.404,1067.016,0.251,-46.422
27.08.2021 19:51:28,-47.637,625.183,1142.852,1068.298,1064.422,0.287,-46.401
27.08.2021 19:51:29,-47.732,623.321,1140.930,1065.978,1061.828,0.309,-46.495
27.08.2021 19:51:30,-47.825,622.009,1138.763,1063.812,1060.089,0.277,-46.510
27.08.2021 19:51:31,-47.921,620.635,1136.291,1061.645,1057.678,0.296,-46.513
27.08.2021 19:51:32,-48.019,619.201,1134.460,1058.929,1055.236,0.276,-46.563
27.08.2021 19:51:33,-48.112,617.736,1132.324,1057.129,1053.497,0.272,-46.599
27.08.2021 19:51:34,-48.205,616.516,1129.913,1054.596,1051.147,0.259,-46.587
27.08.2021 19:51:35,-48.297,614.624,1127.380,1052.764,1048.736,0.303,-46.647
27.08.2021 19:51:36,-48.390,613.128,1125.061,1051.025,1046.661,0.329,-46.675
27.08.2021 19:51:38,-48.483,611.663,1123.168,1048.461,1044.158,0.325,-46.726
27.08.2021 19:51:39,-48.576,609.802,1121.124,1046.447,1042.297,0.314,-46.815
27.08.2021 19:51:40,-48.672,609.100,1119.629,1044.128,1040.313,0.290,-46.801
27.08.2021 19:51:41,-48.765,607.360,1116.790,1041.809,1037.841,0.302,-46.825
27.08.2021 19:51:42,-48.858,606.140,1114.440,1039.642,1035.827,0.291,-46.818
27.08.2021 19:51:43,-48.951,605.102,1112.884,1037.261,1033.599,0.280,-46.841
27.08.2021 19:51:44,-49.044,603.179,1109.924,1035.003,1031.158,0.294,-46.878
27.08.2021 19:51:45,-49.139,602.264,1107.879,1033.141,1028.808,0.333,-46.855
27.08.2021 19:51:46,-49.232,600.860,1106.048,1030.456,1027.099,0.258,-46.904
27.08.2021 19:51:47,-49.325,599.639,1103.454,1028.594,1024.749,0.296,-46.881
27.08.2021 19:51:48,-49.418,598.602,1101.440,1026.183,1021.789,0.340,-46.874
27.08.2021 19:51:49,-49.511,596.923,1099.182,1024.108,1020.355,0.290,-46.929
27.08.2021 19:51:50,-49.604,595.855,1096.832,1021.637,1018.005,0.282,-46.904
27.08.2021 19:51:51,-49.697,594.299,1094.970,1019.622,1015.625,0.311,-46.970
27.08.2021 19:51:52,-49.790,593.261,1093.139,1017.608,1013.580,0.314,-46.975
27.08.2021 19:51:53,-49.883,592.041,1090.637,1015.258,1011.077,0.326,-46.958
27.08.2021 19:51:54,-49.976,590.576,1088.531,1012.939,1008.972,0.310,-46.998
27.08.2021 19:51:55,-50.069,589.233,1085.968,1010.894,1006.866,0.316,-46.992
27.08.2021 19:51:56,-50.162,588.073,1083.923,1008.575,1004.485,0.321,-46.998
27.08.2021 19:51:57,-50.255,586.914,1081.970,1006.713,1002.533,0.329,-47.010
27.08.2021 19:51:58,-50.348,585.571,1079.101,1003.997,1000.000,0.316,-46.984
27.08.2021 19:51:59,-50.441,584.503,1077.209,1002.227,997.741,0.355,-46.989
27.08.2021 19:52:00,-50.534,583.312,1075.317,999.817,996.063,0.298,-47.009
27.08.2021 19:52:01,-50.627,581.970,1072.662,997.650,993.499,0.330,-46.997
27.08.2021 19:52:02,-50.720,580.566,1070.861,995.452,991.271,0.333,-47.050
27.08.2021 19:52:03,-50.813,579.467,1068.145,993.133,989.227,0.312,-47.004
27.08.2021 19:52:04,-50.906,578.308,1066.100,991.210,987.121,0.327,-47.010
27.08.2021 19:52:05,-50.998,576.629,1063.598,988.830,984.741,0.328,-47.050
27.08.2021 19:52:06,-51.091,575.439,1061.889,986.877,982.299,0.368,-47.083
27.08.2021 19:52:07,-51.184,574.096,1059.387,984.314,980.407,0.315,-47.082
27.08.2021 19:52:08,-51.277,573.455,1056.823,982.543,977.905,0.374,-46.987
27.08.2021 19:52:09,-51.370,572.082,1054.931,980.743,975.921,0.390,-47.031
27.08.2021 19:52:10,-51.463,570.983,1052.612,977.996,973.754,0.344,-47.011
27.08.2021 19:52:11,-51.556,569.152,1050.659,976.501,971.588,0.399,-47.109
27.08.2021 19:52:12,-51.649,568.084,1048.217,973.876,969.268,0.375,-47.077
27.08.2021 19:52:13,-51.742,566.833,1046.386,971.435,967.010,0.361,-47.110
27.08.2021 19:52:14,-51.835,565.795,1043.670,969.299,964.813,0.367,-47.054
27.08.2021 19:52:15,-51.928,564.117,1041.320,967.010,962.646,0.358,-47.106
27.08.2021 19:52:16,-52.029,562.988,1038.543,964.507,959.960,0.374,-47.058
27.08.2021 19:52:17,-52.122,561.462,1036.529,961.669,957.794,0.320,-47.114
27.08.2021 19:52:18,-52.215,560.424,1034.088,959.838,955.627,0.348,-47.077
27.08.2021 19:52:19,-52.308,558.715,1032.653,957.946,953.216,0.392,-47.197
27.08.2021 19:52:20,-52.400,557.495,1030.151,955.139,951.782,0.278,-47.180
27.08.2021 19:52:21,-52.493,556.579,1027.252,953.460,948.669,0.399,-47.095
27.08.2021 19:52:22,-52.586,554.901,1025.054,951.019,946.746,0.356,-47.159
27.08.2021 19:52:23,-52.679,553.405,1022.949,948.730,944.488,0.355,-47.205
27.08.2021 19:52:24,-52.772,552.062,1020.568,946.380,942.352,0.338,-47.212
27.08.2021 19:52:25,-52.865,551.208,1018.341,943.786,940.154,0.305,-47.166
27.08.2021 19:52:26,-52.958,549.896,1016.388,941.955,937.835,0.347,-47.200
27.08.2021 19:52:27,-53.051,548.400,1013.733,939.605,935.638,0.335,-47.207
27.08.2021 19:52:28,-53.144,546.936,1011.688,937.561,933.593,0.336,-47.255
27.08.2021 19:52:29,-53.237,545.837,1009.460,935.363,930.908,0.378,-47.241
27.08.2021 19:52:30,-53.333,544.464,1006.835,933.532,929.199,0.368,-47.235
27.08.2021 19:52:31,-53.426,542.846,1004.394,931.060,927.001,0.346,-47.274
27.08.2021 19:52:32,-53.519,541.473,1002.533,929.168,924.682,0.383,-47.323
27.08.2021 19:52:33,-53.612,540.283,999.786,927.551,922.698,0.415,-47.284
27.08.2021 19:52:34,-53.705,538.543,997.924,924.774,920.715,0.348,-47.382
27.08.2021 19:52:35,-53.797,537.841,995.483,923.370,919.097,0.367,-47.300
27.08.2021 19:52:36,-53.893,535.797,993.621,920.867,916.687,0.360,-47.439
27.08.2021 19:52:37,-53.986,534.973,991.333,918.670,914.581,0.353,-47.384
27.08.2021 19:52:38,-54.079,533.386,989.135,917.083,912.445,0.401,-47.438
27.08.2021 19:52:39,-54.172,532.287,987.091,914.611,910.247,0.378,-47.438
27.08.2021 19:52:40,-54.265,530.792,984.863,912.811,908.691,0.358,-47.478
27.08.2021 19:52:41,-54.358,529.754,982.604,910.827,906.585,0.369,-47.453
27.08.2021 19:52:42,-54.451,528.472,979.980,909.179,904.510,0.407,-47.435
27.08.2021 19:52:43,-54.544,527.618,978.881,907.104,902.465,0.406,-47.471
27.08.2021 19:52:44,-54.642,525.909,976.379,904.937,900.207,0.415,-47.520
27.08.2021 19:52:45,-54.735,524.536,974.395,902.954,898.956,0.351,-47.562
27.08.2021 19:52:46,-54.828,523.101,972.473,901.367,896.972,0.387,-47.617
27.08.2021 19:52:47,-54.921,522.308,970.031,899.291,895.324,0.350,-47.545
27.08.2021 19:52:48,-55.014,520.690,968.109,897.125,892.974,0.367,-47.626
27.08.2021 19:52:49,-55.107,519.653,965.850,895.477,890.808,0.414,-47.601
27.08.2021 19:52:50,-55.202,518.341,963.012,893.280,889.404,0.344,-47.571
27.08.2021 19:52:51,-55.295,517.059,961.517,891.540,887.634,0.347,-47.638
27.08.2021 19:52:52,-55.388,515.594,959.564,889.556,885.009,0.406,-47.696
27.08.2021 19:52:53,-55.481,514.251,957.061,887.725,883.392,0.387,-47.696
27.08.2021 19:52:54,-55.574,513.092,955.383,885.345,881.225,0.369,-47.732
27.08.2021 19:52:55,-55.667,511.566,953.643,883.880,879.608,0.383,-47.815
27.08.2021 19:52:56,-55.760,510.681,950.866,882.049,877.563,0.404,-47.730
27.08.2021 19:52:57,-55.853,508.972,949.676,879.852,875.640,0.380,-47.881
27.08.2021 19:52:58,-55.946,507.934,947.326,878.234,873.901,0.391,-47.849
27.08.2021 19:52:59,-56.039,506.225,944.946,876.434,871.887,0.412,-47.911
27.08.2021 19:53:00,-0.001,1196.624,1195.953,1265.746,1262.573,0.198,0.044
27.08.2021 19:53:01,0.092,1197.601,1194.793,1266.265,1263.092,0.198,0.185
27.08.2021 19:53:02,0.185,1198.425,1194.091,1265.930,1262.908,0.189,0.287
27.08.2021 19:53:03,0.293,1199.585,1194.000,1266.174,1263.854,0.145,0.369
27.08.2021 19:53:04,0.393,1199.859,1192.871,1266.021,1263.305,0.170,0.462
27.08.2021 19:53:05,0.489,1201.507,1192.291,1265.655,1263.702,0.122,0.610
27.08.2021 19:53:06,0.589,1202.514,1191.192,1266.357,1263.946,0.151,0.749
27.08.2021 19:53:07,0.685,1203.674,1190.887,1266.601,1263.824,0.173,0.846
27.08.2021 19:53:08,0.778,1203.948,1190.063,1266.601,1264.343,0.141,0.919
27.08.2021 19:53:09,0.883,1205.413,1189.880,1266.510,1263.610,0.181,1.027
27.08.2021 19:53:10,0.991,1205.841,1189.575,1266.784,1264.068,0.170,1.076
27.08.2021 19:53:11,1.100,1206.756,1188.598,1267.395,1264.251,0.196,1.201
27.08.2021 19:53:12,1.198,1208.038,1187.682,1267.578,1264.160,0.213,1.346
27.08.2021 19:53:13,1.301,1208.465,1187.103,1267.273,1265.106,0.135,1.413
27.08.2021 19:53:14,1.393,1209.228,1185.485,1267.761,1264.892,0.179,1.571
27.08.2021 19:53:15,1.491,1209.503,1184.448,1267.852,1264.495,0.210,1.658
27.08.2021 19:53:16,1.592,1210.235,1184.173,1267.761,1265.014,0.171,1.724
27.08.2021 19:53:17,1.687,1210.968,1183.380,1267.852,1265.045,0.175,1.826
27.08.2021 19:53:18,1.780,1210.845,1182.556,1268.005,1265.075,0.183,1.873
27.08.2021 19:53:19,1.881,1211.700,1182.189,1267.730,1265.564,0.135,1.953
27.08.2021 19:53:20,1.974,1212.219,1181.060,1268.768,1265.807,0.185,2.063
27.08.2021 19:53:21,2.069,1212.860,1180.847,1268.646,1265.930,0.169,2.119
27.08.2021 19:53:22,2.172,1213.409,1179.992,1268.035,1266.296,0.108,2.212
27.08.2021 19:53:24,2.270,1214.263,1179.321,1269.531,1266.235,0.205,2.313
27.08.2021 19:53:25,2.363,1214.630,1178.771,1268.676,1266.388,0.143,2.374
27.08.2021 19:53:26,2.459,1215.392,1178.039,1268.798,1266.876,0.120,2.473
27.08.2021 19:53:27,2.557,1216.400,1177.642,1269.439,1266.448,0.186,2.565
27.08.2021 19:53:28,2.652,1216.827,1177.337,1269.592,1266.540,0.190,2.613
27.08.2021 19:53:29,2.750,1217.010,1176.666,1270.141,1267.700,0.152,2.671
27.08.2021 19:53:30,2.846,1217.620,1176.574,1270.019,1267.547,0.154,2.716
27.08.2021 19:53:31,2.939,1218.658,1176.208,1270.080,1267.883,0.137,2.809
27.08.2021 19:53:32,3.032,1218.811,1175.872,1271.362,1268.066,0.205,2.841
27.08.2021 19:53:33,3.132,1219.299,1175.476,1271.118,1268.676,0.152,2.900
27.08.2021 19:53:34,3.230,1220.855,1174.804,1271.392,1268.799,0.161,3.046
27.08.2021 19:53:35,3.323,1220.641,1174.530,1271.240,1269.012,0.138,3.051
27.08.2021 19:53:36,3.421,1221.649,1174.224,1272.155,1268.859,0.205,3.136
27.08.2021 19:53:37,3.514,1222.442,1173.919,1272.582,1269.317,0.203,3.208
27.08.2021 19:53:38,3.615,1222.412,1173.156,1271.942,1269.866,0.129,3.258
27.08.2021 19:53:39,3.708,1223.480,1173.065,1273.010,1269.928,0.192,3.333
27.08.2021 19:53:40,3.801,1224.334,1172.027,1272.918,1270.172,0.171,3.459
27.08.2021 19:53:41,3.899,1224.914,1172.546,1273.132,1270.721,0.150,3.461
27.08.2021 19:53:42,3.996,1225.982,1171.752,1273.406,1271.209,0.136,3.584
27.08.2021 19:53:43,4.089,1226.623,1171.142,1273.742,1270.721,0.188,3.666
27.08.2021 19:53:44,4.187,1227.172,1170.318,1273.529,1271.240,0.142,3.758
27.08.2021 19:53:45,4.280,1228.363,1170.654,1274.108,1271.575,0.157,3.812
27.08.2021 19:53:46,4.376,1228.118,1170.196,1274.139,1271.545,0.161,3.827
27.08.2021 19:53:47,4.474,1229.644,1169.799,1274.231,1272.460,0.110,3.952
27.08.2021 19:53:48,4.569,1230.743,1169.403,1274.810,1272.216,0.161,4.050
27.08.2021 19:53:49,4.662,1231.109,1169.128,1275.177,1273.010,0.134,4.092
27.08.2021 19:53:50,4.763,1231.658,1168.457,1275.390,1272.735,0.165,4.173
27.08.2021 19:53:51,4.868,1232.482,1168.365,1276.428,1273.040,0.210,4.232
27.08.2021 19:53:52,4.966,1233.337,1168.029,1276.580,1274.230,0.145,4.309
27.08.2021 19:53:53,5.064,1234.893,1167.083,1276.916,1273.712,0.199,4.473
27.08.2021 19:53:54,5.157,1234.954,1166.351,1277.557,1274.444,0.193,4.527
27.08.2021 19:53:55,5.255,1236.144,1166.564,1278.015,1274.352,0.227,4.589
27.08.2021 19:53:56,5.353,1236.907,1165.435,1277.740,1275.054,0.166,4.714
27.08.2021 19:53:57,5.454,1237.335,1165.466,1278.320,1275.268,0.189,4.740
27.08.2021 19:53:58,5.549,1238.311,1164.672,1279.022,1276.184,0.176,4.856
27.08.2021 19:53:59,5.645,1239.196,1163.543,1279.052,1276.306,0.170,4.989
27.08.2021 19:54:00,5.740,1239.929,1163.147,1279.113,1276.397,0.168,5.063
27.08.2021 19:54:01,5.833,1240.661,1162.994,1279.723,1276.641,0.191,5.120
27.08.2021 19:54:02,5.929,1241.455,1162.078,1279.876,1277.191,0.166,5.233
27.08.2021 19:54:03,6.029,1242.492,1161.743,1280.151,1277.618,0.156,5.322
27.08.2021 19:54:04,6.127,1244.171,1161.224,1280.883,1278.320,0.158,5.464
27.08.2021 19:54:05,6.223,1244.567,1159.912,1280.822,1278.717,0.130,5.579
27.08.2021 19:54:06,6.321,1245.788,1159.393,1280.609,1278.442,0.134,5.692
27.08.2021 19:54:07,6.421,1247.009,1158.477,1281.738,1279.510,0.137,5.832
27.08.2021 19:54:08,6.517,1248.230,1157.898,1282.013,1278.961,0.188,5.949
27.08.2021 19:54:09,6.612,1249.023,1156.890,1282.257,1280.151,0.130,6.068
27.08.2021 19:54:10,6.705,1249.664,1156.646,1282.684,1280.242,0.150,6.126
27.08.2021 19:54:11,6.803,1251.129,1156.005,1282.623,1280.487,0.132,6.262
27.08.2021 19:54:12,6.899,1252.532,1154.998,1283.538,1281.341,0.135,6.420
27.08.2021 19:54:13,6.991,1253.540,1154.418,1284.118,1281.799,0.143,6.523
27.08.2021 19:54:14,7.089,1253.753,1153.747,1284.362,1281.585,0.171,6.583
27.08.2021 19:54:15,7.182,1254.882,1152.252,1284.271,1282.196,0.128,6.756
27.08.2021 19:54:16,7.278,1255.645,1151.641,1285.186,1282.501,0.165,6.846
27.08.2021 19:54:17,7.373,1256.805,1151.031,1285.369,1282.776,0.160,6.961
27.08.2021 19:54:18,7.469,1257.659,1149.932,1286.315,1283.416,0.178,7.091
27.08.2021 19:54:19,7.564,1258.300,1148.895,1286.743,1283.782,0.182,7.202
27.08.2021 19:54:20,7.665,1259.338,1148.498,1287.261,1285.125,0.131,7.295
27.08.2021 19:54:21,7.758,1260.284,1147.216,1287.109,1284.637,0.152,7.442
27.08.2021 19:54:22,7.851,1260.467,1146.331,1287.719,1285.491,0.137,7.515
27.08.2021 19:54:23,7.951,1261.932,1144.988,1288.238,1285.675,0.157,7.699
27.08.2021 19:54:24,8.049,1262.512,1144.653,1288.391,1286.254,0.131,7.759
27.08.2021 19:54:25,8.147,1263.061,1144.225,1288.848,1286.285,0.157,7.823
27.08.2021 19:54:26,8.243,1263.519,1142.181,1289.398,1286.559,0.174,7.993
27.08.2021 19:54:27,8.341,1263.976,1141.754,1289.093,1287.170,0.118,8.051
27.08.2021 19:54:28,8.439,1265.289,1141.052,1290.313,1287.719,0.159,8.182
27.08.2021 19:54:29,8.537,1265.228,1140.411,1290.161,1287.902,0.138,8.222
27.08.2021 19:54:30,8.632,1266.357,1139.160,1291.259,1288.665,0.159,8.379
27.08.2021 19:54:31,8.728,1266.876,1138.671,1291.595,1288.848,0.168,8.446
27.08.2021 19:54:32,8.826,1266.845,1138.000,1292.572,1289.367,0.196,8.490
27.08.2021 19:54:33,8.919,1268.280,1137.115,1292.358,1290.008,0.144,8.641
27.08.2021 19:54:34,9.012,1268.554,1136.566,1293.273,1290.618,0.162,8.697
27.08.2021 19:54:35,9.110,1269.165,1135.681,1293.548,1290.771,0.170,8.796
27.08.2021 19:54:36,9.203,1269.988,1135.620,1294.494,1291.442,0.187,8.852
27.08.2021 19:54:37,9.295,1270.263,1133.911,1294.311,1291.747,0.157,8.988
27.08.2021 19:54:38,9.391,1271.087,1133.575,1295.043,1292.755,0.140,9.062
27.08.2021 19:54:39,9.489,1272.003,1132.873,1295.257,1293.151,0.128,9.168
27.08.2021 19:54:40,9.582,1272.277,1133.026,1295.593,1294.036,0.095,9.174
27.08.2021 19:54:41,9.690,1273.437,1131.927,1295.898,1294.342,0.095,9.323
27.08.2021 19:54:42,9.785,1274.963,1130.981,1297.576,1294.250,0.203,9.484
27.08.2021 19:54:43,9.878,1275.421,1130.706,1296.813,1294.830,0.121,9.531
27.08.2021 19:54:44,9.979,1276.275,1129.547,1297.119,1294.830,0.139,9.665
27.08.2021 19:54:45,10.079,1276.794,1129.180,1298.095,1295.104,0.182,9.723
27.08.2021 19:54:46,10.172,1277.679,1128.601,1298.858,1295.929,0.178,9.818
27.08.2021 19:54:47,10.270,1278.472,1128.509,1298.553,1296.600,0.119,9.873
27.08.2021 19:54:48,10.366,1278.930,1127.410,1299.652,1296.569,0.188,9.978
27.08.2021 19:54:49,10.461,1279.602,1127.014,1299.560,1297.454,0.128,10.048
27.08.2021 19:54:50,10.554,1280.639,1126.312,1300.659,1298.187,0.150,10.161
27.08.2021 19:54:51,10.650,1281.097,1126.129,1300.933,1298.156,0.169,10.202
27.08.2021 19:54:52,10.745,1282.043,1124.786,1300.872,1298.889,0.120,10.354
27.08.2021 19:54:53,10.838,1282.806,1124.053,1301.544,1299.468,0.126,10.452
27.08.2021 19:54:54,10.939,1283.905,1122.863,1302.551,1299.560,0.182,10.604
27.08.2021 19:54:55,11.032,1284.332,1122.406,1302.520,1300.323,0.133,10.662
27.08.2021 19:54:56,11.130,1285.553,1121.399,1303.131,1300.903,0.135,10.808
27.08.2021 19:54:57,11.223,1285.797,1121.124,1303.314,1300.811,0.152,10.842
27.08.2021 19:54:58,11.318,1287.048,1119.354,1303.985,1301.086,0.176,11.043
27.08.2021 19:54:59,11.419,1287.963,1118.469,1303.924,1301.635,0.139,11.162
27.08.2021 19:55:00,11.517,1288.299,1117.401,1304.138,1301.849,0.139,11.258
27.08.2021 19:55:01,11.617,1289.367,1116.393,1304.870,1302.246,0.159,11.394
27.08.2021 19:55:02,11.715,1290.679,1115.600,1305.145,1303.100,0.124,11.530
27.08.2021 19:55:03,11.811,1291.259,1114.562,1305.633,1302.886,0.166,11.639
27.08.2021 19:55:04,11.904,1292.449,1113.769,1306.304,1304.046,0.137,11.768
27.08.2021 19:55:05,11.996,1293.334,1112.609,1305.969,1303.894,0.125,11.904
27.08.2021 19:55:06,12.097,1293.762,1111.999,1306.396,1304.382,0.122,11.973
27.08.2021 19:55:07,12.190,1294.738,1110.443,1306.945,1304.626,0.140,12.143
27.08.2021 19:55:09,12.283,1296.112,1109.588,1307.189,1305.420,0.107,12.287
27.08.2021 19:55:10,12.376,1296.966,1108.276,1307.586,1305.023,0.155,12.432
27.08.2021 19:55:11,12.476,1297.821,1106.964,1307.922,1305.664,0.136,12.577
27.08.2021 19:55:12,12.569,1299.133,1105.621,1308.624,1306.335,0.138,12.752
27.08.2021 19:55:13,12.670,1300.262,1104.766,1308.807,1306.884,0.116,12.882
27.08.2021 19:55:14,12.768,1301.452,1103.485,1308.990,1306.945,0.123,13.045
27.08.2021 19:55:15,12.861,1302.642,1102.111,1309.326,1307.434,0.114,13.215
27.08.2021 19:55:16,12.959,1303.710,1100.799,1309.417,1307.708,0.103,13.373
27.08.2021 19:55:17,13.057,1304.351,1099.640,1309.967,1307.769,0.133,13.495
27.08.2021 19:55:18,13.152,1305.572,1098.022,1310.455,1308.410,0.123,13.684
27.08.2021 19:55:19,13.245,1306.976,1097.107,1310.485,1308.837,0.099,13.834
27.08.2021 19:55:20,13.338,1307.647,1095.733,1310.638,1309.326,0.079,13.973
27.08.2021 19:55:21,13.431,1308.807,1094.543,1311.523,1309.051,0.149,14.128
27.08.2021 19:55:22,13.532,1309.539,1093.536,1311.981,1309.356,0.158,14.245
27.08.2021 19:55:23,13.627,1310.668,1091.858,1312.255,1310.089,0.130,14.433
27.08.2021 19:55:24,13.720,1311.431,1090.545,1312.591,1310.272,0.140,14.573
27.08.2021 19:55:25,13.818,1311.920,1089.355,1312.866,1310.851,0.121,14.688
27.08.2021 19:55:26,13.911,1312.530,1087.402,1313.262,1311.401,0.112,14.866
27.08.2021 19:55:27,14.009,1313.171,1086.090,1313.690,1311.370,0.140,14.999
27.08.2021 19:55:28,14.107,1313.995,1084.747,1313.629,1311.828,0.108,15.145
27.08.2021 19:55:29,14.200,1314.819,1083.343,1314.270,1312.255,0.121,15.296
27.08.2021 19:55:30,14.298,1315.490,1081.787,1314.941,1312.347,0.156,15.449
27.08.2021 19:55:31,14.391,1315.887,1080.871,1314.453,1313.537,0.055,15.539
27.08.2021 19:55:32,14.484,1316.833,1078.491,1314.941,1312.500,0.147,15.769
27.08.2021 19:55:33,14.577,1317.352,1077.545,1315.063,1313.324,0.104,15.868
27.08.2021 19:55:34,14.672,1317.687,1076.660,1315.704,1313.232,0.149,15.953
27.08.2021 19:55:35,14.770,1318.084,1074.706,1316.040,1313.629,0.145,16.119
27.08.2021 19:55:36,14.863,1318.725,1074.157,1316.253,1313.751,0.150,16.197
27.08.2021 19:55:37,14.959,1318.389,1072.814,1316.162,1314.453,0.102,16.275
27.08.2021 19:55:38,15.052,1319.030,1071.319,1316.375,1314.117,0.136,16.423
27.08.2021 19:55:39,15.147,1319.030,1069.671,1316.589,1314.727,0.112,16.543
27.08.2021 19:55:40,15.240,1319.488,1069.061,1316.497,1315.063,0.086,16.615
27.08.2021 19:55:41,15.336,1319.976,1067.504,1317.199,1314.910,0.137,16.758
27.08.2021 19:55:42,15.434,1320.251,1066.680,1317.749,1314.453,0.198,16.835
27.08.2021 19:55:43,15.532,1320.495,1065.002,1316.833,1315.002,0.110,16.973
27.08.2021 19:55:44,15.632,1321.869,1063.720,1317.321,1314.911,0.145,17.149
27.08.2021 19:55:45,15.730,1322.113,1062.072,1317.321,1314.544,0.167,17.285
27.08.2021 19:55:46,15.828,1321.868,1061.248,1317.352,1315.185,0.130,17.331
27.08.2021 19:55:47,15.924,1323.089,1059.844,1317.321,1315.277,0.123,17.507
27.08.2021 19:55:48,16.019,1323.577,1058.654,1317.535,1314.758,0.167,17.624
27.08.2021 19:55:49,16.112,1324.096,1058.227,1317.169,1315.276,0.113,17.686
27.08.2021 19:55:50,16.205,1324.310,1056.457,1317.993,1315.612,0.143,17.829
27.08.2021 19:55:51,16.298,1325.164,1055.785,1317.749,1315.063,0.161,17.930
27.08.2021 19:55:52,16.404,1325.164,1054.687,1317.871,1315.795,0.124,18.011
27.08.2021 19:55:53,16.499,1326.263,1052.795,1317.962,1315.612,0.141,18.216
27.08.2021 19:55:54,16.594,1326.476,1051.757,1318.145,1314.758,0.203,18.306
27.08.2021 19:55:55,16.690,1327.087,1050.445,1318.298,1315.826,0.148,18.440
27.08.2021 19:55:56,16.783,1327.819,1049.346,1318.420,1316.314,0.126,18.564
27.08.2021 19:55:57,16.878,1327.819,1047.912,1317.901,1315.551,0.141,18.671
27.08.2021 19:55:58,16.974,1329.284,1046.630,1317.596,1315.032,0.154,18.853
27.08.2021 19:55:59,17.072,1330.078,1045.623,1318.817,1316.009,0.168,18.975
27.08.2021 19:56:00,17.165,1330.261,1044.311,1317.871,1315.399,0.148,19.084
27.08.2021 19:56:01,17.258,1330.505,1043.304,1318.176,1315.552,0.157,19.173
27.08.2021 19:56:02,17.358,1331.542,1041.595,1318.237,1315.521,0.163,19.362
27.08.2021 19:56:03,17.454,1332.366,1040.588,1317.901,1315.246,0.159,19.486
27.08.2021 19:56:04,17.554,1332.672,1038.604,1317.932,1315.521,0.145,19.653
27.08.2021 19:56:05,17.647,1333.434,1036.956,1318.389,1315.307,0.185,19.821
27.08.2021 19:56:06,17.740,1333.221,1035.522,1318.115,1314.880,0.194,19.917
27.08.2021 19:56:07,17.838,1334.045,1034.179,1317.596,1315.368,0.134,20.066
27.08.2021 19:56:08,17.939,1334.838,1031.768,1317.138,1315.002,0.128,20.294
27.08.2021 19:56:09,18.037,1335.754,1030.517,1317.321,1314.666,0.159,20.442
27.08.2021 19:56:10,18.132,1335.998,1028.442,1316.680,1314.666,0.121,20.614
27.08.2021 19:56:11,18.225,1336.639,1027.374,1316.711,1314.514,0.132,20.732
27.08.2021 19:56:12,18.318,1337.615,1025.543,1316.436,1313.446,0.180,20.928
27.08.2021 19:56:13,18.414,1338.104,1023.407,1315.704,1313.445,0.136,21.119
27.08.2021 19:56:14,18.509,1339.080,1023.162,1316.741,1313.385,0.202,21.194
27.08.2021 19:56:15,18.607,1339.264,1020.660,1315.826,1313.079,0.165,21.395
27.08.2021 19:56:16,18.700,1339.843,1019.226,1316.162,1313.079,0.185,21.538
27.08.2021 19:56:17,18.793,1340.759,1017.608,1315.613,1312.988,0.158,21.715
27.08.2021 19:56:18,18.893,1341.369,1015.808,1315.918,1312.683,0.195,21.888
27.08.2021 19:56:19,18.989,1341.858,1014.343,1315.582,1312.957,0.158,22.028
27.08.2021 19:56:20,19.082,1342.437,1011.932,1314.666,1312.469,0.132,22.247
27.08.2021 19:56:21,19.175,1342.773,1010.589,1315.399,1311.737,0.220,22.369
27.08.2021 19:56:22,19.268,1343.170,1008.666,1314.575,1311.157,0.206,22.540
27.08.2021 19:56:23,19.361,1344.024,1007.476,1314.209,1311.370,0.171,22.681
27.08.2021 19:56:24,19.454,1344.482,1005.462,1313.537,1310.668,0.173,22.863
27.08.2021 19:56:25,19.549,1345.276,1003.662,1313.323,1310.150,0.191,23.048
27.08.2021 19:56:26,19.642,1345.397,1002.533,1312.988,1310.424,0.154,23.142
27.08.2021 19:56:27,19.735,1346.221,1000.762,1313.232,1309.845,0.204,23.326
27.08.2021 19:56:28,19.828,1346.435,998.962,1312.591,1309.356,0.195,23.478
27.08.2021 19:56:29,19.924,1346.893,997.436,1312.408,1308.838,0.215,23.623
27.08.2021 19:56:30,20.019,1347.259,995.849,1311.828,1308.502,0.201,23.767
27.08.2021 19:56:31,20.115,1346.862,994.445,1311.859,1308.319,0.214,23.854
27.08.2021 19:56:32,20.210,1346.740,993.103,1310.974,1308.074,0.175,23.952
27.08.2021 19:56:33,20.306,1347.015,990.844,1310.882,1307.769,0.188,24.144
27.08.2021 19:56:34,20.404,1347.686,989.654,1310.394,1307.556,0.171,24.275
27.08.2021 19:56:35,20.496,1347.869,987.945,1310.302,1307.372,0.177,24.419
27.08.2021 19:56:36,20.589,1347.381,986.389,1309.967,1307.067,0.175,24.513
27.08.2021 19:56:37,20.687,1347.564,984.405,1309.326,1306.304,0.183,24.679
27.08.2021 19:56:38,20.783,1347.869,982.879,1308.837,1305.602,0.196,24.817
27.08.2021 19:56:39,20.881,1347.625,981.628,1308.837,1305.969,0.173,24.901
27.08.2021 19:56:40,20.981,1348.358,980.438,1308.288,1305.267,0.183,25.037
27.08.2021 19:56:41,21.077,1348.144,978.027,1308.074,1305.114,0.179,25.215
27.08.2021 19:56:42,21.172,1347.839,976.959,1307.067,1303.497,0.216,25.282
27.08.2021 19:56:43,21.265,1348.266,975.311,1306.610,1303.802,0.170,25.437
27.08.2021 19:56:44,21.363,1348.297,973.510,1306.610,1303.070,0.214,25.581
27.08.2021 19:56:45,21.461,1347.808,972.900,1305.877,1302.947,0.177,25.602
27.08.2021 19:56:46,21.562,1347.839,971.252,1305.114,1301.666,0.209,25.734
27.08.2021 19:56:47,21.657,1347.839,969.696,1305.175,1301.849,0.202,25.858
27.08.2021 19:56:48,21.750,1347.656,968.811,1304.260,1301.605,0.161,25.918
27.08.2021 19:56:49,21.848,1348.419,967.437,1304.077,1300.750,0.202,26.071
27.08.2021 19:56:50,21.941,1348.541,966.003,1303.863,1300.475,0.206,26.192
27.08.2021 19:56:51,22.034,1348.175,965.026,1303.680,1300.262,0.208,26.249
27.08.2021 19:56:53,22.127,1347.839,963.562,1303.558,1299.438,0.250,26.347
27.08.2021 19:56:54,22.220,1347.961,963.256,1303.497,1299.255,0.258,26.378
27.08.2021 19:56:55,22.313,1348.602,961.242,1302.246,1298.675,0.217,26.576
27.08.2021 19:56:56,22.414,1347.869,959.320,1302.337,1298.034,0.262,26.689
27.08.2021 19:56:57,22.507,1347.747,958.404,1300.750,1298.034,0.165,26.755
27.08.2021 19:56:58,22.605,1348.205,956.939,1300.964,1297.546,0.208,26.899
27.08.2021 19:56:59,22.703,1348.144,955.841,1299.591,1296.539,0.186,26.984
27.08.2021 19:57:00,22.801,1347.808,955.230,1299.438,1295.928,0.214,27.014
27.08.2021 19:57:01,22.899,1348.541,953.735,1298.919,1295.410,0.214,27.176
27.08.2021 19:57:02,22.996,1348.632,952.179,1298.522,1294.830,0.225,27.307
27.08.2021 19:57:03,23.100,1348.663,951.446,1297.485,1294.891,0.158,27.368
27.08.2021 19:57:04,23.192,1348.937,949.676,1297.302,1293.304,0.244,27.527
27.08.2021 19:57:05,23.290,1348.510,948.883,1296.905,1293.487,0.209,27.567
27.08.2021 19:57:06,23.396,1349.060,948.089,1297.302,1293.426,0.237,27.662
27.08.2021 19:57:07,23.502,1349.517,945.861,1296.966,1292.449,0.276,27.869
27.08.2021 19:57:08,23.594,1349.426,945.068,1295.898,1292.236,0.224,27.928
27.08.2021 19:57:09,23.690,1349.822,943.267,1295.837,1291.656,0.256,28.097
27.08.2021 19:57:10,23.783,1349.731,941.253,1294.800,1290.954,0.235,28.256
27.08.2021 19:57:11,23.878,1350.158,939.788,1294.311,1290.527,0.232,28.400
27.08.2021 19:57:12,23.979,1350.036,937.988,1293.792,1290.222,0.218,28.540
27.08.2021 19:57:13,24.079,1350.036,937.194,1293.457,1289.916,0.217,28.605
27.08.2021 19:57:14,24.172,1350.769,934.936,1292.236,1289.367,0.176,28.831
27.08.2021 19:57:15,24.270,1350.677,932.556,1291.778,1288.452,0.204,29.021
27.08.2021 19:57:16,24.363,1351.013,931.915,1291.290,1288.147,0.193,29.093
27.08.2021 19:57:17,24.456,1351.318,929.870,1291.015,1287.475,0.217,29.278
27.08.2021 19:57:18,24.549,1351.318,928.558,1290.283,1286.743,0.217,29.386
27.08.2021 19:57:19,24.645,1351.501,927.032,1290.099,1285.980,0.253,29.523
27.08.2021 19:57:20,24.743,1352.294,925.170,1289.276,1286.193,0.189,29.721
27.08.2021 19:57:21,24.836,1352.264,923.950,1288.970,1285.858,0.191,29.820
27.08.2021 19:57:22,24.936,1352.355,921.997,1288.391,1285.461,0.180,29.987
27.08.2021 19:57:23,25.032,1352.264,920.745,1288.879,1284.484,0.270,30.086
27.08.2021 19:57:24,25.125,1353.057,919.647,1288.635,1284.423,0.259,30.222
27.08.2021 19:57:25,25.223,1353.271,917.968,1288.330,1284.179,0.255,30.373
27.08.2021 19:57:26,25.316,1352.478,916.778,1287.353,1283.843,0.216,30.428
27.08.2021 19:57:27,25.421,1352.813,915.679,1287.811,1283.325,0.276,30.538
27.08.2021 19:57:28,25.517,1353.057,913.726,1287.322,1283.233,0.252,30.715
27.08.2021 19:57:29,25.610,1352.752,913.208,1286.621,1283.172,0.212,30.741
27.08.2021 19:57:30,25.708,1352.416,911.407,1286.468,1282.684,0.233,30.872
27.08.2021 19:57:31,25.803,1352.325,909.606,1286.255,1282.073,0.257,31.018
27.08.2021 19:57:32,25.904,1352.325,909.027,1286.010,1282.043,0.244,31.066
27.08.2021 19:57:33,26.004,1353.149,907.623,1285.491,1281.952,0.218,31.231
27.08.2021 19:57:34,26.105,1351.989,906.066,1284.881,1281.219,0.226,31.296
27.08.2021 19:57:35,26.205,1351.684,905.181,1284.851,1281.250,0.222,31.353
27.08.2021 19:57:36,26.311,1352.264,903.869,1284.942,1281.005,0.243,31.496
27.08.2021 19:57:37,26.404,1351.470,902.343,1284.332,1280.364,0.245,31.580
27.08.2021 19:57:38,26.502,1351.440,900.817,1283.996,1280.334,0.226,31.707
27.08.2021 19:57:39,26.597,1351.684,899.414,1284.088,1279.784,0.265,31.840
27.08.2021 19:57:40,26.698,1351.104,898.467,1283.294,1279.663,0.224,31.887
27.08.2021 19:57:41,26.790,1350.891,897.064,1283.020,1278.656,0.269,31.994
27.08.2021 19:57:42,26.893,1350.433,895.355,1282.104,1278.594,0.217,32.113
27.08.2021 19:57:43,27.002,1349.822,894.195,1282.013,1277.557,0.275,32.177
27.08.2021 19:57:44,27.094,1350.250,893.371,1282.348,1278.350,0.247,32.271
27.08.2021 19:57:45,27.187,1349.517,892.028,1281.829,1277.526,0.266,32.344
27.08.2021 19:57:46,27.280,1348.937,891.082,1281.341,1276.977,0.270,32.392
27.08.2021 19:57:47,27.373,1348.510,889.160,1280.456,1276.550,0.242,32.532
27.08.2021 19:57:48,27.466,1347.961,888.275,1280.670,1276.580,0.253,32.577
27.08.2021 19:57:49,27.567,1347.839,887.420,1280.487,1276.092,0.272,32.643
27.08.2021 19:57:50,27.665,1347.381,885.955,1280.273,1275.787,0.278,32.742
27.08.2021 19:57:51,27.763,1346.832,884.704,1280.761,1275.695,0.314,32.819
27.08.2021 19:57:52,27.856,1346.740,883.819,1280.120,1275.482,0.287,32.889
27.08.2021 19:57:53,27.951,1345.825,882.324,1279.418,1275.421,0.247,32.966
27.08.2021 19:57:54,28.049,1346.069,881.133,1279.724,1275.207,0.280,33.082
27.08.2021 19:57:55,28.145,1345.672,879.974,1278.747,1275.299,0.213,33.160
27.08.2021 19:57:56,28.240,1344.268,878.906,1278.076,1274.017,0.252,33.173
27.08.2021 19:57:57,28.333,1344.726,877.929,1277.923,1273.986,0.244,33.283
27.08.2021 19:57:58,28.426,1344.024,876.678,1277.862,1273.406,0.276,33.351
27.08.2021 19:57:59,28.527,1343.933,876.190,1277.679,1273.284,0.273,33.388
27.08.2021 19:58:00,28.622,1343.658,875.274,1277.069,1272.918,0.257,33.452
27.08.2021 19:58:01,28.715,1343.139,873.657,1276.763,1272.186,0.284,33.563
27.08.2021 19:58:02,28.808,1342.437,873.138,1276.886,1272.155,0.294,33.568
27.08.2021 19:58:03,28.904,1342.132,871.521,1275.726,1271.759,0.246,33.691
27.08.2021 19:58:04,29.002,1341.522,871.093,1276.092,1271.087,0.311,33.694
27.08.2021 19:58:05,29.100,1341.613,870.056,1276.397,1271.484,0.305,33.789
27.08.2021 19:58:06,29.192,1340.850,868.408,1275.726,1270.965,0.296,33.890
27.08.2021 19:58:07,29.285,1340.911,867.523,1275.848,1270.812,0.313,33.970
27.08.2021 19:58:08,29.381,1340.545,866.577,1274.871,1270.538,0.269,34.032
27.08.2021 19:58:09,29.486,1340.240,865.753,1274.963,1270.080,0.304,34.087
27.08.2021 19:58:10,29.582,1339.050,864.349,1273.895,1268.829,0.315,34.142
27.08.2021 19:58:11,29.675,1338.897,862.976,1273.498,1268.890,0.287,34.254
27.08.2021 19:58:12,29.770,1338.806,861.206,1273.406,1268.463,0.308,34.404
27.08.2021 19:58:13,29.863,1338.226,859.649,1272.522,1267.303,0.325,34.507
27.08.2021 19:58:14,29.969,1338.012,858.703,1272.277,1267.639,0.289,34.579
27.08.2021 19:58:15,30.072,1337.585,857.055,1271.911,1266.845,0.316,34.699
27.08.2021 19:58:16,30.165,1337.585,856.079,1271.453,1266.845,0.287,34.785
27.08.2021 19:58:17,30.260,1337.646,854.095,1271.209,1266.326,0.304,34.964
27.08.2021 19:58:18,30.353,1337.463,853.424,1270.660,1265.533,0.320,35.013
27.08.2021 19:58:19,30.446,1337.066,851.837,1269.927,1264.434,0.343,35.131
27.08.2021 19:58:20,30.539,1336.822,849.975,1269.042,1263.854,0.324,35.282
27.08.2021 19:58:21,30.635,1336.608,848.632,1268.677,1263.458,0.326,35.389
27.08.2021 19:58:22,30.728,1336.456,847.625,1268.341,1263.031,0.332,35.469
27.08.2021 19:58:23,30.826,1335.815,845.947,1267.486,1262.084,0.338,35.582
27.08.2021 19:58:24,30.929,1335.510,844.360,1266.845,1261.962,0.306,35.707
27.08.2021 19:58:25,31.024,1335.479,843.505,1266.387,1260.681,0.357,35.781
27.08.2021 19:58:26,31.122,1334.594,841.918,1265.777,1259.826,0.373,35.873
27.08.2021 19:58:27,31.223,1334.197,840.515,1265.441,1259.490,0.373,35.976
27.08.2021 19:58:28,31.316,1333.923,838.684,1265.228,1259.216,0.377,36.124
27.08.2021 19:58:29,31.411,1333.190,837.860,1264.709,1258.483,0.391,36.157
27.08.2021 19:58:30,31.509,1332.611,836.029,1263.275,1257.629,0.354,36.288
27.08.2021 19:58:31,31.602,1332.275,834.838,1262.695,1256.957,0.360,36.376
27.08.2021 19:58:32,31.695,1331.665,833.618,1261.749,1256.530,0.328,36.452
27.08.2021 19:58:33,31.790,1330.871,832.427,1261.230,1255.798,0.342,36.514
27.08.2021 19:58:34,31.886,1330.352,830.871,1260.925,1254.608,0.397,36.626
27.08.2021 19:58:35,31.989,1329.315,829.376,1259.643,1253.936,0.359,36.702
27.08.2021 19:58:36,32.082,1328.521,827.514,1258.148,1252.654,0.346,36.826
27.08.2021 19:58:38,32.177,1328.277,826.324,1258.270,1252.288,0.377,36.920
27.08.2021 19:58:39,32.273,1326.934,824.951,1256.500,1251.434,0.320,36.969
27.08.2021 19:58:40,32.366,1326.080,823.272,1256.622,1250.518,0.385,37.073
27.08.2021 19:58:41,32.461,1324.554,822.265,1255.187,1249.114,0.384,37.079
27.08.2021 19:58:42,32.554,1324.523,820.770,1254.486,1249.145,0.338,37.213
27.08.2021 19:58:43,32.652,1322.967,819.427,1253.570,1247.589,0.378,37.248
27.08.2021 19:58:44,32.753,1322.204,817.687,1252.624,1246.978,0.357,37.364
27.08.2021 19:58:45,32.846,1321.227,816.314,1251.434,1245.941,0.348,37.434
27.08.2021 19:58:46,32.954,1319.946,814.788,1251.068,1244.506,0.416,37.501
27.08.2021 19:58:47,33.047,1318.817,813.568,1249.389,1243.652,0.364,37.550
27.08.2021 19:58:48,33.142,1318.634,812.255,1248.870,1243.041,0.370,37.660
27.08.2021 19:58:49,33.240,1316.894,810.882,1247.100,1241.363,0.365,37.688
27.08.2021 19:58:50,33.333,1316.162,809.356,1246.093,1240.508,0.355,37.787
27.08.2021 19:58:51,33.429,1315.216,807.769,1245.147,1239.380,0.367,37.880
27.08.2021 19:58:52,33.524,1313.415,806.457,1244.171,1237.884,0.401,37.899
27.08.2021 19:58:53,33.620,1312.713,805.206,1243.133,1236.938,0.395,37.975
27.08.2021 19:58:54,33.715,1311.340,802.947,1242.004,1235.809,0.396,38.107
27.08.2021 19:58:55,33.818,1310.058,802.093,1240.264,1234.588,0.363,38.113
27.08.2021 19:58:56,33.914,1308.685,800.537,1239.105,1233.642,0.350,38.180
27.08.2021 19:58:57,34.009,1307.769,799.255,1238.433,1232.177,0.401,38.247
27.08.2021 19:58:58,34.102,1306.701,798.187,1236.480,1230.743,0.368,38.286
27.08.2021 19:58:59,34.203,1306.030,796.356,1235.565,1229.736,0.374,38.419
27.08.2021 19:59:00,34.298,1303.833,794.799,1234.192,1227.935,0.402,38.439
27.08.2021 19:59:01,34.393,1302.947,793.518,1232.879,1227.355,0.355,38.509
27.08.2021 19:59:02,34.489,1301.788,792.480,1231.842,1225.799,0.389,38.540
27.08.2021 19:59:03,34.584,1300.537,791.198,1230.011,1223.968,0.390,38.589
27.08.2021 19:59:04,34.690,1299.163,789.764,1228.027,1223.083,0.319,38.646
27.08.2021 19:59:05,34.783,1297.821,788.146,1227.233,1220.947,0.406,38.721
27.08.2021 19:59:06,34.878,1296.417,787.109,1225.708,1219.573,0.397,38.739
27.08.2021 19:59:07,34.974,1295.013,785.125,1224.029,1218.139,0.382,38.846
27.08.2021 19:59:08,35.074,1293.518,784.118,1222.717,1216.461,0.406,38.856
27.08.2021 19:59:09,35.172,1292.388,782.501,1220.550,1215.087,0.355,38.944
27.08.2021 19:59:10,35.273,1291.107,781.127,1219.482,1213.348,0.399,39.001
27.08.2021 19:59:11,35.366,1289.764,779.876,1217.163,1211.700,0.356,39.043
27.08.2021 19:59:12,35.461,1288.665,778.747,1216.369,1210.235,0.400,39.088
27.08.2021 19:59:13,35.554,1287.628,777.496,1214.843,1209.136,0.373,39.147
27.08.2021 19:59:14,35.647,1286.529,775.634,1213.531,1208.129,0.353,39.262
27.08.2021 19:59:15,35.740,1285.034,774.200,1212.219,1206.237,0.391,39.313
27.08.2021 19:59:16,35.843,1283.966,772.735,1210.693,1204.284,0.420,39.392
27.08.2021 19:59:17,35.936,1282.897,771.881,1208.679,1203.613,0.332,39.413
27.08.2021 19:59:18,36.032,1282.135,769.836,1208.007,1202.239,0.379,39.566
27.08.2021 19:59:19,36.130,1280.517,768.432,1205.993,1200.134,0.385,39.607
27.08.2021 19:59:20,36.233,1279.449,766.662,1204.620,1199.249,0.354,39.717
27.08.2021 19:59:21,36.336,1278.930,764.801,1202.911,1197.052,0.386,39.867
27.08.2021 19:59:22,36.429,1277.435,763.336,1201.477,1195.343,0.405,39.923
27.08.2021 19:59:23,36.529,1276.916,762.634,1200.408,1195.037,0.355,39.961
27.08.2021 19:59:24,36.630,1274.871,759.918,1198.333,1192.993,0.353,40.106
27.08.2021 19:59:25,36.730,1273.345,758.239,1196.594,1191.131,0.362,40.182
27.08.2021 19:59:26,36.831,1272.125,755.981,1194.641,1189.331,0.353,40.332
27.08.2021 19:59:27,36.934,1270.721,754.821,1193.328,1188.385,0.328,40.364
27.08.2021 19:59:28,37.042,1269.287,752.593,1191.314,1186.096,0.347,40.499
27.08.2021 19:59:29,37.142,1268.859,750.701,1190.246,1184.509,0.382,40.660
27.08.2021 19:59:30,37.248,1266.723,749.603,1188.446,1183.075,0.358,40.644
27.08.2021 19:59:31,37.343,1266.296,747.222,1186.737,1181.243,0.367,40.854
27.08.2021 19:59:32,37.436,1264.251,746.154,1185.302,1180.145,0.345,40.841
27.08.2021 19:59:33,37.542,1262.939,744.079,1183.349,1178.344,0.335,40.970
27.08.2021 19:59:34,37.640,1261.108,741.973,1181.579,1176.330,0.352,41.072
27.08.2021 19:59:35,37.743,1260.070,740.417,1180.236,1175.201,0.338,41.166
27.08.2021 19:59:36,37.836,1258.148,738.830,1178.283,1173.858,0.298,41.212
27.08.2021 19:59:37,37.941,1256.347,737.091,1176.513,1171.844,0.315,41.280
27.08.2021 19:59:38,38.047,1254.486,735.229,1175.018,1170.013,0.338,41.358
27.08.2021 19:59:39,38.150,1252.838,732.971,1172.821,1168.121,0.318,41.488
27.08.2021 19:59:40,38.245,1251.159,731.262,1171.935,1166.015,0.401,41.561
27.08.2021 19:59:41,38.341,1249.481,730.072,1169.616,1164.886,0.321,41.582
27.08.2021 19:59:42,38.444,1248.321,728.576,1168.334,1163.726,0.313,41.665
27.08.2021 19:59:43,38.537,1245.635,725.585,1165.863,1161.224,0.315,41.810
27.08.2021 19:59:44,38.630,1244.415,724.395,1164.856,1159.973,0.332,41.858
27.08.2021 19:59:45,38.735,1242.065,722.198,1162.384,1157.623,0.325,41.943
27.08.2021 19:59:46,38.838,1240.112,720.733,1161.346,1156.799,0.310,41.976
27.08.2021 19:59:47,38.946,1238.342,718.841,1159.210,1154.296,0.336,42.065
27.08.2021 19:59:48,39.049,1236.389,716.613,1157.592,1152.923,0.320,42.177
27.08.2021 19:59:49,39.155,1234.527,714.263,1156.097,1151.031,0.347,42.308
27.08.2021 19:59:50,39.263,1231.902,712.615,1153.808,1149.200,0.317,42.321
27.08.2021 19:59:51,39.358,1229.644,710.479,1151.733,1146.820,0.338,42.407
27.08.2021 19:59:52,39.451,1227.264,708.709,1149.841,1145.904,0.271,42.448
27.08.2021 19:59:53,39.559,1225.982,706.939,1148.437,1144.104,0.299,42.555
27.08.2021 19:59:54,39.667,1223.815,705.017,1146.209,1141.571,0.321,42.626
27.08.2021 19:59:55,39.763,1221.130,703.460,1144.226,1140.472,0.260,42.627
27.08.2021 19:59:56,39.871,1219.665,701.263,1143.066,1138.519,0.315,42.768
27.08.2021 19:59:57,39.974,1217.620,699.493,1140.350,1136.230,0.286,42.831
27.08.2021 19:59:58,40.077,1213.958,697.418,1138.671,1134.826,0.268,42.828
27.08.2021 19:59:59,40.185,1212.616,695.281,1136.962,1132.904,0.283,42.972
27.08.2021 20:00:00,40.290,1210.784,693.878,1134.796,1130.706,0.286,43.009
27.08.2021 20:00:01,40.383,1208.343,691.314,1132.873,1129.455,0.239,43.133
27.08.2021 20:00:02,40.486,1206.970,690.460,1131.378,1127.868,0.246,43.140
27.08.2021 20:00:03,40.579,1204.650,688.171,1129.577,1126.190,0.237,43.242
27.08.2021 20:00:04,40.675,1202.636,686.798,1128.051,1124.267,0.266,43.266
27.08.2021 20:00:05,40.783,1200.958,685.516,1126.251,1122.863,0.238,43.301
27.08.2021 20:00:06,40.888,1198.608,683.685,1124.725,1120.574,0.292,43.353
27.08.2021 20:00:07,40.996,1196.685,682.220,1122.650,1119.140,0.248,43.393
27.08.2021 20:00:08,41.089,1194.427,680.450,1120.849,1116.912,0.278,43.445
27.08.2021 20:00:09,41.195,1192.809,678.802,1118.957,1115.417,0.251,43.523
27.08.2021 20:00:10,41.303,1191.192,677.459,1117.278,1113.616,0.260,43.569
27.08.2021 20:00:11,41.404,1189.087,675.933,1115.325,1112.243,0.219,43.604
27.08.2021 20:00:12,41.512,1187.591,673.889,1113.373,1110.595,0.197,43.734
27.08.2021 20:00:13,41.620,1185.394,672.515,1111.999,1108.245,0.267,43.748
27.08.2021 20:00:14,41.713,1182.952,670.776,1110.137,1106.475,0.261,43.786
27.08.2021 20:00:15,41.818,1181.701,668.914,1108.307,1104.980,0.238,43.912
27.08.2021 20:00:16,41.921,1180.236,667.510,1106.964,1103.118,0.275,43.975
27.08.2021 20:00:17,42.017,1178.436,666.351,1105.072,1102.172,0.208,43.991
27.08.2021 20:00:18,42.117,1177.307,664.337,1103.546,1099.914,0.261,44.142
27.08.2021 20:00:19,42.220,1175.354,662.475,1101.562,1098.144,0.246,44.226
27.08.2021 20:00:20,42.318,1174.011,660.797,1099.700,1096.374,0.240,44.328
27.08.2021 20:00:21,42.419,1172.302,659.484,1098.785,1095.153,0.262,44.366
27.08.2021 20:00:23,42.514,1170.410,657.836,1097.168,1093.322,0.278,44.431
27.08.2021 20:00:24,42.612,1169.738,656.066,1094.940,1091.796,0.227,44.586
27.08.2021 20:00:25,42.713,1167.266,654.327,1093.322,1089.599,0.270,44.625
27.08.2021 20:00:26,42.811,1165.618,652.435,1091.247,1087.860,0.246,44.733
27.08.2021 20:00:27,42.919,1163.970,650.054,1089.630,1086.486,0.228,44.897
27.08.2021 20:00:28,43.017,1162.628,649.078,1087.768,1084.350,0.249,44.922
27.08.2021 20:00:29,43.122,1160.247,647.369,1085.723,1082.397,0.243,44.965
27.08.2021 20:00:30,43.215,1158.691,644.805,1083.740,1080.169,0.261,45.156
27.08.2021 20:00:31,43.323,1156.555,643.737,1081.878,1078.521,0.246,45.142
27.08.2021 20:00:32,43.431,1154.907,641.387,1079.772,1076.873,0.213,45.305
27.08.2021 20:00:33,43.529,1153.442,640.869,1079.223,1075.592,0.267,45.271
27.08.2021 20:00:34,43.625,1151.702,639.099,1076.385,1073.547,0.209,45.363
27.08.2021 20:00:35,43.718,1149.444,636.383,1074.463,1071.380,0.227,45.530
27.08.2021 20:00:36,43.816,1147.430,635.375,1072.845,1069.519,0.246,45.517
27.08.2021 20:00:37,43.919,1146.270,634.185,1070.739,1067.932,0.208,45.580
27.08.2021 20:00:38,44.017,1143.066,632.049,1068.359,1065.399,0.219,45.622
27.08.2021 20:00:39,44.117,1141.692,630.706,1066.833,1063.751,0.229,45.689
27.08.2021 20:00:40,44.213,1138.976,628.967,1064.117,1061.340,0.207,45.717
27.08.2021 20:00:41,44.308,1137.237,627.044,1062.347,1059.783,0.191,45.828
27.08.2021 20:00:42,44.404,1134.490,625.610,1060.394,1057.556,0.212,45.819
27.08.2021 20:00:43,44.504,1132.843,623.626,1058.593,1055.511,0.231,45.944
27.08.2021 20:00:44,44.597,1130.645,622.802,1056.304,1053.741,0.192,45.899
27.08.2021 20:00:45,44.695,1128.021,620.788,1054.016,1051.513,0.188,45.965
27.08.2021 20:00:46,44.793,1126.251,618.957,1051.513,1048.858,0.200,46.066
27.08.2021 20:00:47,44.888,1124.023,617.370,1050.476,1047.851,0.198,46.108
27.08.2021 20:00:48,44.981,1121.429,615.997,1047.851,1045.348,0.189,46.102
27.08.2021 20:00:49,45.082,1119.476,614.685,1045.715,1042.846,0.217,46.131
27.08.2021 20:00:50,45.182,1116.943,612.213,1043.121,1040.863,0.171,46.258
27.08.2021 20:00:51,45.280,1114.074,610.748,1040.496,1038.452,0.155,46.246
27.08.2021 20:00:52,45.381,1112.151,608.886,1038.604,1036.102,0.191,46.342
27.08.2021 20:00:53,45.476,1109.466,607.971,1036.346,1034.362,0.151,46.276
27.08.2021 20:00:54,45.577,1107.330,605.682,1034.179,1031.402,0.213,46.409
27.08.2021 20:00:55,45.670,1104.888,604.370,1031.707,1029.571,0.164,46.406
27.08.2021 20:00:56,45.775,1103.515,603.759,1030.700,1027.954,0.211,46.390
27.08.2021 20:00:57,45.871,1100.494,601.684,1027.374,1025.085,0.176,46.440
27.08.2021 20:00:58,45.976,1097.656,600.677,1025.268,1022.827,0.188,46.375
27.08.2021 20:00:59,46.069,1095.489,598.663,1022.705,1020.721,0.153,46.475
27.08.2021 20:01:00,46.167,1092.987,597.167,1021.026,1018.310,0.211,46.490
27.08.2021 20:01:01,46.260,1090.576,595.977,1019.225,1016.906,0.180,46.475
27.08.2021 20:01:02,46.356,1088.928,594.879,1016.967,1014.556,0.188,46.499
27.08.2021 20:01:03,46.459,1086.151,593.627,1014.709,1012.512,0.171,46.467
27.08.2021 20:01:04,46.567,1084.106,591.857,1012.054,1010.131,0.150,46.546
27.08.2021 20:01:05,46.660,1081.756,590.484,1010.467,1007.629,0.222,46.557
27.08.2021 20:01:06,46.753,1079.284,589.416,1008.270,1006.012,0.177,46.523
27.08.2021 20:01:07,46.858,1076.965,587.707,1005.737,1003.570,0.170,46.577
27.08.2021 20:01:08,46.956,1074.737,586.547,1003.753,1001.159,0.205,46.570
27.08.2021 20:01:09,47.052,1072.052,585.235,1000.976,998.657,0.183,46.551
27.08.2021 20:01:10,47.145,1070.373,583.587,999.054,996.673,0.189,46.642
27.08.2021 20:01:11,47.238,1067.718,582.946,996.429,994.201,0.177,46.542
27.08.2021 20:01:12,47.336,1065.948,581.726,995.178,992.675,0.199,46.574
27.08.2021 20:01:13,47.431,1063.507,580.657,992.706,990.295,0.192,46.541
27.08.2021 20:01:14,47.532,1061.431,579.467,990.112,988.128,0.158,46.548
27.08.2021 20:01:15,47.627,1059.204,577.697,988.220,985.504,0.218,46.617
27.08.2021 20:01:16,47.720,1056.701,576.721,985.656,983.490,0.174,46.568
27.08.2021 20:01:17,47.816,1054.779,574.737,983.581,981.445,0.172,46.686
27.08.2021 20:01:18,47.914,1052.307,573.822,980.712,979.156,0.125,46.631
27.08.2021 20:01:19,48.019,1050.354,572.631,978.424,976.776,0.133,46.647
27.08.2021 20:01:20,48.115,1048.584,571.136,976.745,974.426,0.188,46.714
27.08.2021 20:01:21,48.218,1045.776,570.037,973.846,972.167,0.136,46.660
27.08.2021 20:01:22,48.313,1044.525,569.244,972.442,970.001,0.199,46.674
27.08.2021 20:01:23,48.409,1041.931,567.138,969.177,967.559,0.132,46.762
27.08.2021 20:01:24,48.502,1039.733,565.551,967.407,966.003,0.115,46.812
27.08.2021 20:01:25,48.600,1037.628,564.636,964.569,963.043,0.125,46.783
27.08.2021 20:01:26,48.700,1035.552,562.988,962.097,961.090,0.082,46.849
27.08.2021 20:01:27,48.793,1034.210,561.645,960.388,958.709,0.138,46.928
27.08.2021 20:01:28,48.888,1030.883,560.089,957.489,956.573,0.075,46.896
27.08.2021 20:01:29,48.984,1029.754,558.807,955.444,954.071,0.113,46.982
27.08.2021 20:01:30,49.087,1026.947,557.647,953.216,951.782,0.119,46.935
27.08.2021 20:01:31,49.180,1025.695,556.365,950.958,950.347,0.050,47.013
27.08.2021 20:01:32,49.273,1022.766,554.443,948.272,946.746,0.127,47.057
27.08.2021 20:01:33,49.366,1020.904,553.375,945.983,945.159,0.069,47.064
27.08.2021 20:01:34,49.459,1018.768,551.818,944.000,942.901,0.092,47.117
27.08.2021 20:01:35,49.567,1016.418,550.659,941.070,940.490,0.048,47.102
27.08.2021 20:01:36,49.660,1014.556,549.438,938.903,938.201,0.059,47.130
27.08.2021 20:01:37,49.755,1012.207,548.309,936.218,936.065,0.012,47.111
27.08.2021 20:01:38,49.851,1009.704,546.722,933.807,933.593,0.018,47.141
27.08.2021 20:01:39,49.944,1007.232,545.166,932.373,931.091,0.108,47.170
27.08.2021 20:01:40,50.042,1005.004,543.975,929.534,928.771,0.065,47.168
27.08.2021 20:01:41,50.137,1002.838,542.327,926.635,926.483,0.013,47.231
27.08.2021 20:01:42,50.233,1000.213,541.015,924.560,924.743,-0.015,47.217
27.08.2021 20:01:43,50.326,998.046,539.764,922.393,921.569,0.070,47.228
27.08.2021 20:01:44,50.431,995.269,538.116,919.402,919.647,-0.021,47.247
27.08.2021 20:01:45,50.524,992.950,536.468,917.175,917.327,-0.013,47.300
27.08.2021 20:01:46,50.620,990.600,535.308,915.130,914.947,0.015,47.285
27.08.2021 20:01:47,50.723,988.067,533.874,912.383,912.872,-0.042,47.294
27.08.2021 20:01:48,50.816,985.412,532.073,910.217,910.552,-0.029,47.344
27.08.2021 20:01:49,50.924,983.276,531.250,907.745,908.783,-0.090,47.299
27.08.2021 20:01:50,51.019,980.835,529.357,905.761,906.127,-0.032,47.377
27.08.2021 20:01:51,51.112,978.057,527.923,902.801,903.350,-0.048,47.368
27.08.2021 20:01:52,51.213,975.982,526.763,900.940,901.245,-0.026,47.374
27.08.2021 20:01:53,51.306,974.090,525.482,898.559,899.230,-0.059,47.410
27.08.2021 20:01:54,51.404,971.466,523.742,896.453,897.735,-0.113,47.454
27.08.2021 20:01:55,51.502,969.360,522.735,894.744,894.927,-0.016,47.436
27.08.2021 20:01:56,51.594,967.254,521.453,892.181,893.768,-0.140,47.457
27.08.2021 20:01:57,51.687,964.965,520.080,890.716,890.991,-0.024,47.476
27.08.2021 20:01:58,51.780,962.554,518.951,888.122,889.556,-0.127,47.452
27.08.2021 20:01:59,51.873,960.967,517.364,886.382,887.298,-0.081,47.554
27.08.2021 20:02:00,51.971,958.435,516.052,884.246,885.131,-0.079,47.547
27.08.2021 20:02:01,52.064,956.390,515.045,881.958,883.758,-0.161,47.534
27.08.2021 20:02:02,52.157,954.193,513.641,880.218,881.835,-0.145,47.565
27.08.2021 20:02:03,52.255,951.782,512.756,878.051,879.669,-0.145,47.507
27.08.2021 20:02:04,52.351,949.463,510.955,876.434,877.624,-0.107,47.584
27.08.2021 20:02:05,52.446,947.601,510.162,874.359,876.129,-0.160,47.555
27.08.2021 20:02:06,52.542,945.739,509.124,872.589,874.115,-0.138,47.560
27.08.2021 20:02:08,52.650,942.871,507.446,869.934,871.795,-0.169,47.579
27.08.2021 20:02:09,52.745,940.216,505.798,867.797,869.689,-0.172,47.610
27.08.2021 20:02:10,52.843,937.744,503.845,866.027,867.279,-0.114,47.699
27.08.2021 20:02:11,52.941,935.424,503.021,863.647,865.966,-0.212,47.639
27.08.2021 20:02:12,53.049,933.715,501.770,862.396,864.227,-0.168,47.687
27.08.2021 20:02:13,53.150,930.481,500.335,859.893,861.724,-0.168,47.643
27.08.2021 20:02:14,53.243,928.436,499.084,857.788,859.985,-0.202,47.665
27.08.2021 20:02:15,53.338,926.483,497.863,856.140,857.940,-0.166,47.689
27.08.2021 20:02:16,53.431,924.255,496.185,853.301,855.499,-0.203,47.759
27.08.2021 20:02:17,53.527,921.417,494.720,851.989,853.637,-0.153,47.751
27.08.2021 20:02:18,53.620,919.036,493.499,849.334,851.959,-0.244,47.742
27.08.2021 20:02:19,53.718,917.724,492.340,848.205,850.280,-0.193,47.809
27.08.2021 20:02:20,53.816,914.978,490.844,845.825,848.419,-0.242,47.812
27.08.2021 20:02:21,53.909,913.696,489.410,844.299,846.618,-0.217,47.922
27.08.2021 20:02:22,54.007,910.766,488.159,841.522,844.543,-0.283,47.875
27.08.2021 20:02:23,54.100,909.301,487.396,840.270,843.048,-0.261,47.872
27.08.2021 20:02:24,54.192,907.226,486.236,838.562,840.820,-0.213,47.879
27.08.2021 20:02:25,54.285,904.357,484.222,836.181,838.867,-0.254,47.950
27.08.2021 20:02:26,54.381,902.465,483.032,834.258,836.914,-0.251,47.976
27.08.2021 20:02:27,54.476,900.360,481.781,831.939,835.113,-0.301,47.994
27.08.2021 20:02:28,54.569,898.590,480.560,829.986,832.885,-0.276,48.035
27.08.2021 20:02:29,54.662,896.423,479.125,827.972,830.596,-0.250,48.077
27.08.2021 20:02:30,54.758,894.470,477.508,826.110,829.040,-0.280,48.163
27.08.2021 20:02:31,54.853,892.333,475.799,824.432,827.087,-0.254,48.249
27.08.2021 20:02:32,54.946,890.045,474.548,821.838,824.890,-0.293,48.254
27.08.2021 20:02:33,55.042,888.122,473.144,819.793,822.784,-0.288,48.311
27.08.2021 20:02:34,55.135,885.589,471.649,818.054,820.770,-0.262,48.333
27.08.2021 20:02:35,55.228,883.911,470.336,816.711,818.908,-0.212,48.397
27.08.2021 20:02:36,55.326,881.713,469.390,814.239,817.016,-0.269,48.363
27.08.2021 20:02:37,55.429,879.455,467.407,812.042,814.727,-0.261,48.483
27.08.2021 20:02:38,55.522,876.586,465.728,809.204,812.377,-0.310,48.507
27.08.2021 20:02:39,55.625,874.450,464.508,807.769,810.089,-0.227,48.520
27.08.2021 20:02:40,55.718,872.467,462.005,805.603,808.013,-0.236,48.745
27.08.2021 20:02:41,55.813,870.422,461.151,803.039,806.030,-0.294,48.709
27.08.2021 20:02:42,55.919,868.804,459.899,802.001,804.382,-0.234,48.771
27.08.2021 20:02:43,56.012,865.570,457.794,798.248,801.544,-0.326,48.832
27.08.2021 20:02:44,56.105,863.952,456.176,796.752,800.140,-0.336,48.952
27.08.2021 20:02:45,56.205,861.419,454.284,795.135,797.241,-0.209,49.040
27.08.2021 20:02:46,56.306,858.917,452.972,792.022,795.257,-0.322,49.038
27.08.2021 20:02:47,56.399,857.299,451.568,790.313,793.518,-0.320,49.126
27.08.2021 20:02:48,56.494,854.919,449.859,788.116,791.229,-0.312,49.198
27.08.2021 20:02:49,56.602,852.661,447.967,786.071,789.215,-0.316,49.310
27.08.2021 20:02:50,56.695,850.494,447.113,784.057,786.926,-0.289,49.265
27.08.2021 20:02:51,56.793,847.930,444.976,781.738,785.278,-0.358,49.392
27.08.2021 20:02:52,56.886,845.428,443.542,779.693,782.623,-0.297,49.411
27.08.2021 20:02:53,56.981,843.994,442.749,777.709,780.853,-0.319,49.418
27.08.2021 20:02:54,57.074,841.949,440.582,775.207,778.686,-0.354,49.595
27.08.2021 20:02:55,57.175,839.233,439.575,773.681,776.885,-0.327,49.528
27.08.2021 20:02:56,57.270,837.402,437.622,771.728,774.566,-0.290,49.690
27.08.2021 20:02:57,57.371,834.838,436.187,769.042,772.613,-0.367,49.706
27.08.2021 20:02:58,57.466,832.702,434.478,767.181,770.812,-0.374,49.803
27.08.2021 20:02:59,57.559,830.230,433.288,765.045,768.035,-0.309,49.786
27.08.2021 20:03:00,57.655,828.643,431.365,762.603,766.387,-0.392,49.967
27.08.2021 20:03:01,57.748,825.714,430.084,760.253,763.854,-0.374,49.927
27.08.2021 20:03:02,57.848,823.303,428.131,758.331,761.810,-0.362,50.043
27.08.2021 20:03:03,57.941,821.258,426.971,756.622,759.979,-0.350,50.059
27.08.2021 20:03:04,58.037,818.756,425.506,753.601,757.354,-0.393,50.087
27.08.2021 20:03:05,58.135,816.375,424.041,752.136,755.249,-0.327,50.125
27.08.2021 20:03:06,58.228,814.300,422.851,749.755,752.929,-0.334,50.144
27.08.2021 20:03:07,0.004,1192.260,1190.856,1260.620,1258.300,0.145,0.093
